;POSTCODE_VAN;POSTCODE_TOT;Aantal Aansluitingen;%Leveringsrichting;%Fysieke status;%Defintieve aansl (NRM);%Soort aansluiting;Soort aansluiting Naam;SJV;%SJV laag tarief;%Slimme Meter
2;1011AC;1011AC;22;100.0;81.82;100;41;G4;3938;0.0;18.18
4;1011AD;1011AE;11;100.0;45.45;100;82;G4;1248;0.0;9.09
7;1011AG;1011AH;27;100.0;100.0;100;96;G4;2199;0.0;14.81
10;1011AJ;1011AJ;15;100.0;93.33;100;73;G4;1722;0.0;33.33
13;1011AM;1011AN;28;100.0;96.43;100;86;G4;2662;0.0;50.0
16;1011AP;1011AP;19;100.0;73.68;100;89;G4;2526;0.0;42.11
18;1011AR;1011AR;19;100.0;100.0;100;63;G4;2547;0.0;26.32
20;1011AS;1011AV;20;100.0;100.0;100;65;G4;5914;0.0;40.0
24;1011AW;1011AW;13;100.0;100.0;100;92;G4;1375;0.0;7.69
26;1011AX;1011AX;14;100.0;92.86;100;93;G4;2408;0.0;71.43
28;1011AZ;1011AZ;26;100.0;69.23;100;92;G4;1704;0.0;65.38
30;1011BA;1011BA;15;100.0;40.0;100;87;G4;1221;0.0;33.33
32;1011BB;1011BC;22;100.0;95.45;100;91;G4;2163;0.0;40.91
34;1011BD;1011BD;19;100.0;100.0;100;89;G4;2493;0.0;68.42
36;1011BE;1011BG;16;100.0;93.75;100;88;G4;2061;0.0;6.25
38;1011BH;1011BH;28;100.0;92.86;100;82;G4;2090;0.0;14.29
40;1011BJ;1011BJ;16;100.0;100.0;100;69;G4;3333;0.0;12.5
42;1011BK;1011BK;14;100.0;100.0;100;86;G4;1602;0.0;0.0
44;1011BL;1011BM;20;100.0;100.0;100;85;G4;1494;0.0;10.0
46;1011BN;1011BN;15;100.0;86.67;100;73;G4;1554;0.0;13.33
48;1011BP;1011BP;14;100.0;92.86;100;86;G4;2739;0.0;7.14
50;1011BR;1011BR;11;100.0;100.0;100;91;G4;1478;0.0;0.0
52;1011BS;1011BS;27;100.0;74.07;100;70;G4;2608;0.0;48.15
54;1011BT;1011BT;27;100.0;96.3;100;89;G4;1717;0.0;44.44
56;1011BV;1011BV;21;100.0;66.67;100;67;G4;1968;0.0;52.38
58;1011BW;1011BW;27;100.0;100.0;100;100;G4;1198;0.0;74.07
60;1011BX;1011BX;20;100.0;100.0;100;100;G4;1103;0.0;95.0
62;1011BZ;1011BZ;25;100.0;100.0;100;80;G4;1227;0.0;84.0
64;1011CA;1011CA;24;100.0;79.17;100;79;G4;1459;0.0;75.0
66;1011CB;1011CB;18;100.0;94.44;100;100;G4;1402;0.0;94.44
68;1011CC;1011CC;18;100.0;100.0;100;89;G4;1804;0.0;61.11
69;1011CD;1011CD;15;100.0;100.0;100;100;G4;1283;0.0;93.33
72;1011CE;1011CH;34;100.0;97.06;100;88;G4;2273;0.0;23.53
75;1011CJ;1011CJ;15;100.0;100.0;100;100;G4;1327;0.0;0.0
77;1011CK;1011CK;12;100.0;100.0;100;100;G4;1276;0.0;0.0
79;1011CL;1011CM;59;100.0;96.61;100;93;G4;1127;0.0;40.68
82;1011CN;1011CR;20;100.0;100.0;100;85;G4;2476;0.0;0.0
84;1011CS;1011CS;22;100.0;100.0;100;86;G4;1559;0.0;0.0
86;1011CT;1011CT;17;100.0;94.12;100;100;G4;1299;0.0;0.0
88;1011CV;1011CV;17;100.0;100.0;100;100;G4;1406;0.0;0.0
90;1011CW;1011CW;13;100.0;100.0;100;100;G4;1097;0.0;0.0
92;1011CX;1011CX;19;100.0;100.0;100;95;G4;1050;0.0;0.0
94;1011CZ;1011CZ;19;100.0;100.0;100;95;G4;1383;0.0;21.05
96;1011DB;1011DD;109;100.0;97.25;100;98;G4;807;0.0;88.99
100;1011DL;1011EA;46;100.0;93.48;100;85;G4;1942;0.0;21.74
103;1011EB;1011EB;21;100.0;100.0;100;100;G4;1111;0.0;38.1
105;1011EC;1011EC;18;100.0;88.89;100;67;G4;2605;0.0;0.0
107;1011ED;1011ED;12;100.0;100.0;100;92;G4;1131;0.0;0.0
109;1011EE;1011EE;16;100.0;100.0;100;100;G4;971;0.0;0.0
111;1011EG;1011EG;21;100.0;100.0;100;95;G4;3138;0.0;0.0
113;1011EH;1011EH;32;100.0;100.0;100;91;G4;1489;0.0;12.5
115;1011EJ;1011EJ;34;100.0;100.0;100;94;G4;1550;0.0;2.94
116;1011EK;1011EK;23;100.0;91.3;100;87;G4;2963;0.0;4.35
119;1011EL;1011EL;37;100.0;89.19;100;89;G4;1426;0.0;2.7
121;1011EM;1011EM;15;100.0;100.0;100;80;G4;2551;0.0;0.0
123;1011EN;1011EN;25;100.0;100.0;100;92;G4;2775;0.0;0.0
125;1011ER;1011ER;10;100.0;100.0;100;100;G4;1871;0.0;50.0
127;1011ES;1011ET;38;100.0;100.0;100;97;G4;1462;0.0;5.26
129;1011EV;1011EW;44;100.0;97.73;100;98;G4;1364;0.0;27.27
131;1011EX;1011EX;25;100.0;100.0;100;96;G4;1260;0.0;16.0
133;1011EZ;1011GA;31;100.0;100.0;100;97;G4;1130;0.0;38.71
136;1011GB;1011GD;60;100.0;98.33;100;97;G4;1266;0.0;81.67
139;1011GG;1011GG;19;100.0;100.0;100;100;G4;2170;0.0;63.16
141;1011GH;1011GH;20;100.0;100.0;100;90;G4;1272;0.0;75.0
143;1011GJ;1011GJ;16;100.0;100.0;100;100;G4;1307;0.0;81.25
145;1011GK;1011GL;79;100.0;100.0;100;99;G4;918;0.0;69.62
147;1011GM;1011GM;18;100.0;100.0;100;100;G4;1517;0.0;88.89
149;1011GN;1011GN;26;100.0;100.0;100;96;G4;1267;0.0;65.38
151;1011GP;1011GR;37;100.0;100.0;100;100;G4;1085;0.0;64.86
154;1011GS;1011GS;36;100.0;94.44;100;89;G4;1566;0.0;58.33
156;1011GT;1011GT;10;100.0;100.0;100;90;G4;829;0.0;90.0
158;1011GV;1011GV;15;100.0;86.67;100;87;G4;1468;0.0;60.0
160;1011GW;1011GW;10;100.0;90.0;100;60;G4;4174;0.0;60.0
162;1011GX;1011GX;13;100.0;100.0;100;92;G4;1232;0.0;100.0
164;1011GZ;1011GZ;34;100.0;100.0;100;100;G4;863;0.0;88.24
166;1011HA;1011HB;205;100.0;99.51;100;98;G4;1188;0.0;16.59
168;1011HC;1011HC;48;100.0;79.17;100;96;G4;987;0.0;60.42
170;1011HD;1011HD;40;100.0;57.5;100;95;G4;1424;0.0;52.5
172;1011HE;1011HE;18;100.0;100.0;100;94;G4;1376;0.0;61.11
174;1011HG;1011HG;26;100.0;100.0;100;88;G4;1040;0.0;96.15
176;1011HH;1011HH;20;100.0;100.0;100;100;G4;1314;0.0;90.0
178;1011HJ;1011HJ;14;100.0;100.0;100;79;G4;1701;0.0;50.0
180;1011HK;1011HK;10;100.0;100.0;100;90;G4;1916;0.0;70.0
182;1011HL;1011HL;20;100.0;100.0;100;100;G4;1133;0.0;80.0
184;1011HM;1011HP;24;100.0;95.83;100;83;G4;1666;0.0;95.83
186;1011HR;1011HR;42;100.0;100.0;100;90;G4;1487;0.0;83.33
188;1011HS;1011HS;38;100.0;100.0;100;89;G4;1533;0.0;81.58
190;1011HT;1011HT;20;100.0;100.0;100;90;G4;1904;0.0;95.0
192;1011HV;1011HV;20;100.0;100.0;100;85;G4;1649;0.0;90.0
194;1011HW;1011HW;23;100.0;100.0;100;91;G4;1884;0.0;78.26
196;1011HX;1011HX;11;100.0;100.0;100;91;G4;1525;0.0;90.91
198;1011HZ;1011HZ;38;100.0;97.37;100;87;G4;1624;0.0;94.74
200;1011JA;1011JA;18;100.0;94.44;100;83;G4;1642;0.0;88.89
202;1011JB;1011JB;36;100.0;97.22;100;89;G4;1190;0.0;75.0
204;1011JC;1011JH;91;100.0;96.7;100;95;G4;1633;0.0;75.82
207;1011JJ;1011JJ;10;100.0;100.0;100;80;G4;2591;0.0;10.0
209;1011JK;1011JK;11;100.0;81.82;100;91;G4;985;0.0;18.18
211;1011JL;1011JL;27;100.0;100.0;100;96;G4;1366;0.0;48.15
213;1011JM;1011JM;14;100.0;71.43;100;86;G4;1474;0.0;7.14
215;1011JN;1011JN;16;100.0;100.0;100;81;G4;1912;0.0;93.75
217;1011JP;1011JP;11;100.0;100.0;100;91;G4;2748;0.0;100.0
219;1011JR;1011JR;12;100.0;100.0;100;100;G4;1748;0.0;100.0
221;1011JS;1011JT;20;100.0;100.0;100;75;G4;2701;0.0;30.0
223;1011JV;1011JV;17;100.0;94.12;100;76;G4;2672;0.0;0.0
225;1011JW;1011JX;20;100.0;95.0;100;65;G4;3359;0.0;0.0
228;1011JZ;1011JZ;14;100.0;100.0;100;86;G4;1937;0.0;0.0
230;1011KA;1011KA;30;100.0;100.0;100;97;G4;1847;0.0;36.67
232;1011KB;1011KB;21;100.0;100.0;100;81;G4;3332;0.0;90.48
234;1011KC;1011KC;24;100.0;100.0;100;88;G4;1751;0.0;75.0
236;1011KD;1011KD;14;100.0;71.43;100;86;G4;2225;0.0;42.86
238;1011KE;1011KH;23;100.0;100.0;100;70;G4;3532;0.0;73.91
241;1011KJ;1011KJ;32;100.0;96.88;100;94;G4;1248;0.0;43.75
243;1011KK;1011KK;26;100.0;100.0;100;100;G4;1315;0.0;3.85
245;1011KL;1011KM;11;100.0;100.0;100;91;G4;3519;0.0;54.55
247;1011KN;1011KN;21;100.0;90.48;100;90;G4;1278;0.0;61.9
249;1011KP;1011KP;25;100.0;76.0;100;72;G4;1357;0.0;24.0
251;1011KR;1011KR;18;100.0;83.33;100;67;G4;1619;0.0;33.33
253;1011KS;1011KS;13;100.0;100.0;100;100;G4;1874;0.0;53.85
255;1011KT;1011KT;27;100.0;96.3;100;96;G4;2086;0.0;81.48
257;1011KV;1011KW;86;100.0;98.84;100;99;G4;1032;0.0;27.91
259;1011KX;1011KZ;34;100.0;91.18;100;82;G4;1912;0.0;26.47
261;1011LA;1011LA;11;100.0;90.91;100;64;G4;1882;0.0;0.0
263;1011LB;1011LB;26;100.0;100.0;100;100;G4;1172;0.0;0.0
265;1011LC;1011LC;13;100.0;92.31;100;92;G4;1927;0.0;69.23
267;1011LD;1011LD;41;100.0;97.56;100;98;G4;1733;0.0;51.22
269;1011LE;1011LE;38;100.0;100.0;100;97;G4;1452;0.0;5.26
271;1011LG;1011LH;23;100.0;100.0;100;100;G4;1497;0.0;0.0
274;1011LJ;1011LJ;15;100.0;100.0;100;93;G4;1018;0.0;20.0
276;1011LK;1011LL;30;100.0;96.67;100;90;G4;1656;0.0;0.0
278;1011LM;1011LM;115;100.0;100.0;100;97;G4;1272;0.0;2.61
280;1011LN;1011LP;15;100.0;100.0;100;93;G4;1367;0.0;6.67
282;1011LR;1011LR;14;100.0;100.0;100;93;G4;1125;0.0;50.0
284;1011LS;1011LS;13;100.0;100.0;100;92;G4;1581;0.0;0.0
286;1011LT;1011LT;13;100.0;92.31;100;100;G4;826;0.0;0.0
288;1011LV;1011LV;16;100.0;100.0;100;94;G4;1105;0.0;6.25
290;1011LW;1011LW;31;100.0;100.0;100;94;G4;894;0.0;0.0
292;1011LX;1011LZ;30;100.0;80.0;100;80;G4;1339;0.0;3.33
295;1011MA;1011MB;40;100.0;100.0;100;100;G4;846;0.0;75.0
297;1011MC;1011MX;45;100.0;100.0;100;100;G4;912;0.0;20.0
309;1011MZ;1011MZ;31;100.0;100.0;100;100;G4;819;0.0;3.23
311;1011NA;1011NA;29;100.0;51.72;100;59;G4;1461;0.0;37.93
313;1011NB;1011NB;18;100.0;100.0;100;94;G4;1338;0.0;50.0
315;1011NC;1011NC;92;100.0;100.0;100;100;G4;931;0.0;1.09
317;1011ND;1011ND;24;100.0;100.0;100;96;G4;736;0.0;79.17
319;1011NE;1011NK;29;100.0;96.55;100;76;G4;4176;0.0;27.59
321;1011NM;1011NS;67;100.0;100.0;100;93;G4;1227;0.0;73.13
323;1011NV;1011NV;34;100.0;91.18;100;91;G4;1513;0.0;2.94
325;1011NX;1011PB;40;100.0;100.0;100;98;G4;1002;0.0;70.0
327;1011PC;1011PG;141;100.0;95.74;100;94;G4;1319;0.0;56.03
329;1011PL;1011PL;44;100.0;100.0;100;100;G4;957;0.0;43.18
331;1011PM;1011PM;21;100.0;95.24;100;90;G4;2701;0.0;57.14
333;1011PT;1011PT;17;100.0;94.12;100;94;G4;1526;0.0;11.76
335;1011PV;1011PW;22;100.0;90.91;100;91;G4;1087;0.0;22.73
338;1011PX;1011RA;24;100.0;91.67;100;96;G4;1437;0.0;0.0
342;1011RB;1011RE;35;100.0;85.71;100;77;G4;1788;0.0;2.86
345;1011RG;1011RG;18;100.0;88.89;100;100;G4;939;0.0;0.0
347;1011RH;1011RH;23;100.0;100.0;100;100;G4;855;0.0;0.0
349;1011RJ;1011RK;19;100.0;100.0;100;74;G4;1977;0.0;0.0
352;1011RL;1011RL;25;100.0;100.0;100;84;G4;1638;0.0;4.0
354;1011RM;1011RM;12;100.0;91.67;100;83;G4;3371;0.0;0.0
356;1011RN;1011RN;18;100.0;83.33;100;61;G4;3006;0.0;0.0
358;1011RP;1011SB;75;100.0;98.67;100;68;G4;1665;0.0;4.0
361;1011SC;1011SC;12;100.0;100.0;100;83;G4;1981;0.0;0.0
363;1011SE;1011SP;49;100.0;100.0;100;84;G4;1753;0.0;6.12
366;1011SR;1011SR;18;100.0;94.44;100;100;G4;7;0.0;94.44
368;1011ST;1011ST;17;100.0;100.0;100;100;G4;10;0.0;100.0
370;1011SV;1011SV;17;100.0;94.12;100;100;G4;10;0.0;100.0
372;1011SW;1011SW;16;100.0;100.0;100;100;G4;9;0.0;93.75
374;1011SX;1011SX;17;100.0;100.0;100;100;G4;6;0.0;100.0
376;1011SZ;1011SZ;17;100.0;100.0;100;100;G4;19;0.0;100.0
378;1011TA;1011TB;54;100.0;100.0;100;94;G4;1685;0.0;1.85
380;1011TC;1011TC;44;100.0;90.91;100;86;G4;1903;0.0;0.0
382;1011TD;1011TD;11;100.0;100.0;100;82;G4;3975;0.0;27.27
384;1011TE;1011TE;27;100.0;55.56;100;96;G4;2254;0.0;0.0
386;1011TG;1011TG;23;100.0;100.0;100;87;G4;3034;0.0;0.0
388;1011TJ;1011TJ;24;100.0;95.83;100;88;G4;1340;0.0;54.17
390;1011TK;1011TL;25;100.0;100.0;100;96;G4;1126;0.0;44.0
392;1011TM;1011TM;18;100.0;72.22;100;89;G4;1427;0.0;27.78
394;1011TN;1011TP;19;100.0;52.63;100;95;G4;1304;0.0;0.0
397;1011TR;1011TR;18;100.0;94.44;100;100;G4;1446;0.0;22.22
399;1011TS;1011TS;18;100.0;72.22;100;78;G4;1211;0.0;11.11
401;1011TT;1011TT;22;100.0;100.0;100;86;G4;1708;0.0;22.73
403;1011TV;1011TV;70;100.0;98.57;100;91;G4;1261;0.0;2.86
405;1011TW;1011TW;19;100.0;84.21;100;79;G4;1994;0.0;0.0
407;1011TX;1011TX;31;100.0;100.0;100;100;G4;1124;0.0;12.9
409;1011TZ;1011TZ;78;100.0;100.0;100;97;G4;1133;0.0;3.85
411;1011VA;1011VA;13;100.0;100.0;100;100;G4;1233;0.0;76.92
413;1011VB;1011VB;13;100.0;61.54;100;100;G4;1109;0.0;15.38
415;1011VC;1011VK;55;100.0;94.55;100;95;G4;962;0.0;61.82
417;1011VL;1011VL;41;100.0;97.56;100;95;G4;2878;0.0;39.02
419;1011VM;1011VM;33;100.0;96.97;100;91;G4;2612;0.0;3.03
421;1011VP;1011VP;39;100.0;94.87;100;100;G4;1262;0.0;28.21
423;1011VR;1011VR;10;100.0;100.0;100;100;G4;629;0.0;100.0
425;1011VS;1011VS;21;100.0;100.0;100;100;G4;992;0.0;100.0
426;1011VX;1011WB;34;100.0;97.06;100;94;G4;2923;0.0;52.94
429;1011WC;1011WC;44;100.0;100.0;100;100;G4;941;0.0;56.82
431;1011WD;1011WD;34;100.0;100.0;100;100;G4;1082;0.0;17.65
433;1011XA;1011XA;12;100.0;100.0;100;100;G4;1313;0.0;100.0
435;1012AA;1012AE;43;100.0;93.02;100;70;G4;4977;0.0;32.56
441;1012AG;1012AK;45;100.0;95.56;100;89;G4;1672;0.0;35.56
446;1012AL;1012AL;45;100.0;100.0;100;82;G4;2624;0.0;0.0
448;1012AM;1012AR;45;100.0;95.56;100;91;G4;1456;0.0;4.44
450;1012AS;1012AS;35;100.0;88.57;100;89;G4;1862;0.0;5.71
452;1012AT;1012AT;16;100.0;100.0;100;81;G4;2036;0.0;0.0
454;1012AV;1012AV;23;100.0;95.65;100;87;G4;6372;0.0;0.0
456;1012AW;1012AW;19;100.0;100.0;100;95;G4;2102;0.0;5.26
458;1012AX;1012AX;12;100.0;100.0;100;67;G4;1922;0.0;8.33
460;1012AZ;1012AZ;56;100.0;96.43;100;91;G4;1331;0.0;0.0
462;1012BA;1012BA;63;100.0;96.83;100;94;G4;1875;0.0;1.59
464;1012BB;1012BB;25;100.0;100.0;100;68;G4;4975;0.0;12.0
466;1012BC;1012BC;22;100.0;95.45;100;95;G4;1696;0.0;13.64
468;1012BD;1012BD;15;100.0;93.33;100;93;G4;1494;0.0;40.0
470;1012BE;1012BG;33;100.0;96.97;100;91;G4;1721;0.0;12.12
472;1012BH;1012BH;22;100.0;90.91;100;68;G4;2538;0.0;0.0
474;1012BJ;1012BJ;28;100.0;100.0;100;93;G4;1907;0.0;3.57
476;1012BK;1012BK;15;100.0;100.0;100;93;G4;1438;0.0;0.0
478;1012BL;1012BL;14;100.0;100.0;100;79;G4;2083;0.0;0.0
480;1012BM;1012BM;32;100.0;93.75;100;100;G4;1699;0.0;0.0
482;1012BN;1012BN;21;100.0;76.19;100;90;G4;1373;0.0;0.0
484;1012BP;1012BP;31;100.0;100.0;100;90;G4;2374;0.0;3.23
486;1012BR;1012BS;46;100.0;95.65;100;93;G4;1079;0.0;0.0
488;1012BT;1012BT;16;100.0;100.0;100;100;G4;535;0.0;0.0
490;1012BV;1012BV;36;100.0;94.44;100;89;G4;3599;0.0;11.11
492;1012BW;1012BW;39;100.0;97.44;100;97;G4;1348;0.0;2.56
494;1012BX;1012BX;28;100.0;100.0;100;93;G4;1469;0.0;0.0
496;1012BZ;1012BZ;29;100.0;100.0;100;97;G4;1490;0.0;3.45
498;1012CA;1012CA;15;100.0;100.0;100;100;G4;1220;0.0;0.0
500;1012CB;1012CB;34;100.0;94.12;100;88;G4;1248;0.0;0.0
502;1012CC;1012CD;37;100.0;100.0;100;81;G4;1995;0.0;8.11
504;1012CE;1012CE;22;100.0;86.36;100;77;G4;1724;0.0;13.64
506;1012CH;1012CJ;29;100.0;100.0;100;100;G4;1421;0.0;0.0
508;1012CK;1012CK;14;100.0;100.0;100;100;G4;1219;0.0;0.0
510;1012CL;1012CL;12;100.0;100.0;100;75;G4;1648;0.0;16.67
512;1012CM;1012CR;40;100.0;90.0;100;78;G4;5154;0.0;7.5
515;1012CS;1012CS;15;100.0;100.0;100;73;G4;1576;0.0;13.33
517;1012CT;1012CT;19;100.0;100.0;100;89;G4;2069;0.0;0.0
519;1012CV;1012CV;10;100.0;100.0;100;90;G4;1520;0.0;0.0
520;1012CW;1012CW;23;100.0;78.26;100;83;G4;2306;0.0;8.7
523;1012CX;1012CX;13;100.0;92.31;100;85;G4;1980;0.0;0.0
525;1012CZ;1012CZ;32;100.0;100.0;100;91;G4;1598;0.0;3.13
527;1012DA;1012DA;40;100.0;77.5;100;88;G4;2390;0.0;2.5
529;1012DB;1012DB;20;100.0;100.0;100;70;G4;4432;0.0;10.0
531;1012DC;1012DC;24;100.0;100.0;100;83;G4;3426;0.0;0.0
533;1012DD;1012DD;13;100.0;100.0;100;77;G4;3706;0.0;7.69
535;1012DE;1012DE;18;100.0;100.0;100;89;G4;2068;0.0;11.11
537;1012DG;1012DG;25;100.0;100.0;100;84;G4;1547;0.0;0.0
539;1012DH;1012DH;10;100.0;100.0;100;90;G4;1337;0.0;0.0
541;1012DJ;1012DJ;17;100.0;88.24;100;94;G4;1876;0.0;0.0
543;1012DK;1012DK;14;100.0;100.0;100;93;G4;1182;0.0;0.0
545;1012DL;1012DM;33;100.0;96.97;100;70;G4;2032;0.0;3.03
548;1012DN;1012DN;13;100.0;100.0;100;100;G4;2043;0.0;0.0
550;1012DP;1012DP;37;100.0;94.59;100;95;G4;1817;0.0;2.7
552;1012DR;1012DR;28;100.0;85.71;100;93;G4;1667;0.0;7.14
554;1012DS;1012DS;26;100.0;100.0;100;81;G4;2377;0.0;0.0
556;1012DT;1012DT;12;100.0;100.0;100;92;G4;4043;0.0;16.67
558;1012DV;1012DV;34;100.0;88.24;100;85;G4;1619;0.0;5.88
560;1012DW;1012DW;14;100.0;100.0;100;86;G4;3563;0.0;0.0
562;1012DX;1012DX;18;100.0;100.0;100;67;G4;1997;0.0;11.11
564;1012DZ;1012EA;16;100.0;100.0;100;81;G4;3419;0.0;0.0
566;1012EB;1012EB;13;100.0;100.0;100;92;G4;2344;0.0;0.0
568;1012EC;1012EC;14;100.0;100.0;100;86;G4;2397;0.0;0.0
570;1012ED;1012ED;19;100.0;94.74;100;79;G4;5426;0.0;0.0
572;1012EE;1012EH;49;100.0;93.88;100;78;G4;1603;0.0;6.12
575;1012EJ;1012EJ;29;100.0;93.1;100;83;G4;2954;0.0;0.0
577;1012EK;1012EK;19;100.0;84.21;100;74;G4;1490;0.0;0.0
579;1012EL;1012EL;28;100.0;92.86;100;71;G4;4374;0.0;28.57
581;1012EM;1012EM;21;100.0;100.0;100;86;G4;1831;0.0;0.0
583;1012EN;1012EN;14;100.0;100.0;100;71;G4;1978;0.0;7.14
585;1012EP;1012EP;16;100.0;81.25;100;81;G4;2267;0.0;0.0
587;1012ER;1012ER;10;100.0;100.0;100;90;G4;1843;0.0;10.0
589;1012ES;1012ES;39;100.0;97.44;100;92;G4;1709;0.0;12.82
591;1012ET;1012ET;15;100.0;100.0;100;80;G4;2458;0.0;6.67
593;1012EV;1012EW;39;100.0;100.0;100;90;G4;1455;0.0;2.56
596;1012EX;1012EX;17;100.0;100.0;100;82;G4;3363;0.0;0.0
598;1012EZ;1012EZ;15;100.0;93.33;100;40;G4;6324;0.0;0.0
600;1012GA;1012GA;11;100.0;100.0;100;82;G4;1850;0.0;0.0
602;1012GB;1012GB;13;100.0;100.0;100;69;G4;1818;0.0;23.08
604;1012GC;1012GD;48;100.0;83.33;100;79;G4;2037;0.0;4.17
606;1012GE;1012GE;29;100.0;100.0;100;72;G4;2975;0.0;0.0
608;1012GG;1012GH;106;100.0;78.3;100;74;G4;1541;0.0;40.57
611;1012GJ;1012GJ;34;100.0;100.0;100;91;G4;1870;0.0;29.41
613;1012GK;1012GK;23;100.0;91.3;100;78;G4;1594;0.0;56.52
615;1012GL;1012GL;37;100.0;100.0;100;84;G4;2270;0.0;59.46
617;1012GM;1012GM;24;100.0;95.83;100;83;G4;2484;0.0;83.33
619;1012GN;1012GP;32;100.0;93.75;100;88;G4;2105;0.0;40.63
621;1012GR;1012GR;45;100.0;97.78;100;89;G4;952;0.0;51.11
623;1012GS;1012GS;29;100.0;86.21;100;59;G4;2720;0.0;75.86
625;1012GT;1012GT;34;100.0;97.06;100;71;G4;2873;0.0;94.12
627;1012GV;1012GW;18;100.0;88.89;100;94;G4;2341;0.0;72.22
629;1012GX;1012GZ;46;100.0;97.83;100;91;G4;2033;0.0;65.22
632;1012HA;1012HA;14;100.0;92.86;100;86;G4;2057;0.0;21.43
634;1012HB;1012HC;22;100.0;81.82;100;82;G4;2431;0.0;77.27
636;1012HD;1012HE;61;100.0;75.41;100;75;G4;1421;0.0;50.82
638;1012HG;1012HG;52;100.0;84.62;100;87;G4;1870;0.0;59.62
640;1012HH;1012HH;16;100.0;100.0;100;88;G4;1761;0.0;0.0
642;1012HJ;1012HJ;10;100.0;80.0;100;100;G4;1372;0.0;60.0
644;1012HK;1012HL;51;100.0;98.04;100;100;G4;1182;0.0;90.2
646;1012HM;1012HM;16;100.0;100.0;100;88;G4;2359;0.0;87.5
648;1012HP;1012HT;40;100.0;95.0;100;65;G4;6738;0.0;45.0
651;1012HV;1012HW;35;100.0;97.14;100;69;G4;2805;0.0;2.86
653;1012HX;1012HX;27;100.0;85.19;100;85;G4;2425;0.0;44.44
655;1012HZ;1012HZ;11;100.0;100.0;100;64;G4;7181;0.0;0.0
657;1012JA;1012JA;25;100.0;100.0;100;76;G4;4764;0.0;16.0
659;1012JB;1012JB;25;100.0;100.0;100;100;G4;1465;0.0;4.0
661;1012JC;1012JD;26;100.0;92.31;100;62;G4;6751;0.0;7.69
663;1012JE;1012JE;15;100.0;100.0;100;67;G4;5956;0.0;6.67
665;1012JG;1012JG;24;100.0;100.0;100;83;G4;1939;0.0;4.17
667;1012JH;1012JH;18;100.0;100.0;100;78;G4;4137;0.0;5.56
669;1012JJ;1012JL;15;100.0;100.0;100;73;G4;10661;0.0;0.0
671;1012JM;1012JM;45;100.0;82.22;100;69;G4;5196;0.0;33.33
673;1012JN;1012JN;18;100.0;88.89;100;83;G4;2822;0.0;0.0
675;1012JP;1012JP;21;100.0;100.0;100;62;G4;3106;0.0;0.0
677;1012JS;1012JV;26;100.0;96.15;100;54;G4;8270;0.0;3.85
680;1012JZ;1012KC;19;100.0;100.0;100;63;G4;5212;0.0;47.37
682;1012KD;1012KD;11;100.0;90.91;100;55;G4;11055;0.0;9.09
684;1012KE;1012KE;13;100.0;84.62;100;77;G4;3465;0.0;7.69
685;1012KG;1012KL;21;100.0;57.14;100;62;G4;6088;0.0;0.0
689;1012KM;1012KM;19;100.0;94.74;100;68;G4;2672;0.0;31.58
691;1012KN;1012KR;23;100.0;78.26;100;57;G4;7665;0.0;13.04
695;1012KS;1012KS;12;100.0;83.33;100;58;G4;4306;0.0;0.0
697;1012KT;1012KT;17;100.0;94.12;100;82;G4;2313;0.0;52.94
699;1012KV;1012KV;28;100.0;96.43;100;86;G4;2076;0.0;0.0
701;1012KW;1012KW;18;100.0;94.44;100;67;G4;6607;0.0;22.22
703;1012KX;1012LB;30;100.0;96.67;100;63;G4;5368;0.0;3.33
707;1012LC;1012LC;18;100.0;100.0;100;89;G4;1580;0.0;5.56
709;1012LD;1012LG;26;100.0;88.46;100;69;G4;5022;0.0;3.85
712;1012LH;1012LJ;32;100.0;84.38;100;69;G4;4073;0.0;37.5
715;1012LK;1012LK;22;100.0;95.45;100;41;G4;9913;0.0;0.0
717;1012LL;1012LL;24;100.0;91.67;100;42;G4;9608;0.0;45.83
719;1012LM;1012LP;24;100.0;87.5;100;33;G4;8642;0.0;0.0
722;1012LR;1012LR;19;100.0;89.47;100;79;G4;2197;0.0;5.26
724;1012LS;1012LS;11;100.0;90.91;100;55;G6;2192;0.0;63.64
726;1012LT;1012LX;40;100.0;97.5;100;93;G4;2056;0.0;0.0
729;1012LZ;1012LZ;33;100.0;96.97;100;79;G4;2616;0.0;0.0
731;1012MA;1012MA;21;100.0;100.0;100;62;G4;2381;0.0;0.0
733;1012MB;1012MB;16;100.0;100.0;100;69;G4;3953;0.0;0.0
735;1012MC;1012MC;28;100.0;89.29;100;79;G4;2237;0.0;3.57
737;1012MD;1012MD;20;100.0;100.0;100;55;G4;4127;0.0;5.0
739;1012ME;1012ME;10;100.0;100.0;100;70;G4;3560;0.0;20.0
741;1012MG;1012MH;16;100.0;100.0;100;75;G6;4393;0.0;0.0
743;1012MJ;1012MK;16;100.0;100.0;100;88;G4;2436;0.0;6.25
745;1012ML;1012ML;36;100.0;91.67;100;81;G4;2052;0.0;5.56
747;1012MN;1012MN;14;100.0;100.0;100;93;G4;1545;0.0;28.57
749;1012MP;1012MR;36;100.0;97.22;100;72;G4;4307;0.0;19.44
751;1012MS;1012MS;22;100.0;100.0;100;55;G4;3069;0.0;0.0
753;1012MT;1012NB;88;100.0;100.0;100;86;G4;2416;0.0;10.23
755;1012NC;1012NC;49;100.0;95.92;100;92;G4;1437;0.0;0.0
757;1012ND;1012NE;46;100.0;91.3;100;87;G4;1441;0.0;0.0
759;1012NG;1012NG;68;100.0;100.0;100;99;G4;1030;0.0;2.94
761;1012NH;1012NH;50;100.0;98.0;100;94;G4;1197;0.0;0.0
763;1012NJ;1012NJ;37;100.0;94.59;100;89;G4;1182;0.0;8.11
765;1012NK;1012NK;40;100.0;92.5;100;93;G4;1413;0.0;0.0
767;1012NL;1012NL;22;100.0;100.0;100;95;G4;952;0.0;0.0
769;1012NM;1012NM;26;100.0;96.15;100;81;G4;2847;0.0;3.85
771;1012NN;1012NX;34;100.0;82.35;100;53;G4;4343;0.0;8.82
775;1012NZ;1012NZ;13;100.0;100.0;100;38;G6;9448;0.0;7.69
777;1012PA;1012PA;14;100.0;92.86;100;36;G4;9427;0.0;0.0
779;1012PB;1012PB;16;100.0;100.0;100;88;G4;1654;0.0;0.0
781;1012PC;1012PD;16;100.0;100.0;100;50;G6;4400;0.0;6.25
783;1012PE;1012PL;41;100.0;97.56;100;46;G4;3910;0.0;2.44
785;1012PM;1012PM;17;100.0;94.12;100;65;G4;2710;0.0;0.0
787;1012PN;1012PN;10;100.0;100.0;100;70;G4;2982;0.0;0.0
789;1012PP;1012PS;23;100.0;95.65;100;78;G4;2380;0.0;13.04
791;1012PT;1012PT;18;100.0;88.89;100;56;G4;4188;0.0;0.0
793;1012PV;1012PV;48;100.0;97.92;100;79;G4;2743;0.0;0.0
795;1012PW;1012PZ;26;100.0;84.62;100;65;G4;3406;0.0;11.54
798;1012RA;1012RA;12;100.0;100.0;100;92;G4;1752;0.0;33.33
800;1012RB;1012RB;15;100.0;100.0;100;73;G4;5652;0.0;20.0
802;1012RC;1012RD;28;100.0;100.0;100;82;G4;3597;0.0;0.0
804;1012RE;1012RE;14;100.0;100.0;100;71;G4;2030;0.0;0.0
806;1012RG;1012RG;12;100.0;100.0;100;92;G4;1956;0.0;0.0
808;1012RH;1012RK;36;100.0;100.0;100;72;G4;3180;0.0;0.0
811;1012RL;1012RM;27;100.0;92.59;100;67;G4;3210;0.0;0.0
813;1012RN;1012RN;10;100.0;90.0;100;50;G4;2301;0.0;0.0
815;1012RP;1012RP;17;100.0;100.0;100;88;G4;1151;0.0;0.0
817;1012RR;1012RR;23;100.0;100.0;100;91;G4;1845;0.0;4.35
819;1012RS;1012RS;32;100.0;96.88;100;94;G4;1547;0.0;0.0
821;1012RT;1012RT;25;100.0;96.0;100;72;G4;5217;0.0;8.0
823;1012RV;1012RV;31;100.0;100.0;100;84;G4;3302;0.0;0.0
825;1012RW;1012RW;20;100.0;100.0;100;80;G4;3503;0.0;0.0
827;1012RX;1012RX;14;100.0;92.86;100;86;G4;1100;0.0;0.0
829;1012RZ;1012RZ;21;100.0;90.48;100;67;G4;5833;0.0;0.0
831;1012SB;1012SB;13;100.0;100.0;100;77;G4;2218;0.0;0.0
833;1012SC;1012SC;22;100.0;95.45;100;91;G4;2040;0.0;0.0
835;1012SE;1012SE;24;100.0;91.67;100;71;G4;2883;0.0;0.0
837;1012SG;1012SH;31;100.0;93.55;100;77;G4;6719;0.0;19.35
840;1012SJ;1012SJ;14;100.0;100.0;100;50;G4;4681;0.0;7.14
842;1012SK;1012SM;24;100.0;91.67;100;79;G4;1853;0.0;8.33
845;1012SN;1012SN;24;100.0;91.67;100;92;G4;1814;0.0;25.0
847;1012SP;1012SP;23;100.0;100.0;100;83;G4;3970;0.0;4.35
849;1012SR;1012SR;14;100.0;92.86;100;86;G4;1610;0.0;7.14
851;1012ST;1012ST;22;100.0;95.45;100;82;G4;1737;0.0;18.18
853;1012SV;1012SV;15;100.0;100.0;100;67;G4;2462;0.0;0.0
855;1012SW;1012SW;22;100.0;90.91;100;82;G4;3201;0.0;59.09
857;1012SZ;1012TA;65;100.0;92.31;100;82;G4;1538;0.0;0.0
860;1012TB;1012TB;12;100.0;91.67;100;100;G4;1918;0.0;8.33
862;1012TC;1012TC;15;100.0;86.67;100;80;G4;1883;0.0;0.0
864;1012TD;1012TD;19;100.0;100.0;100;89;G4;3117;0.0;0.0
866;1012TE;1012TE;12;100.0;100.0;100;67;G4;2132;0.0;0.0
868;1012TG;1012TH;11;100.0;100.0;100;55;G4;4071;0.0;0.0
870;1012TJ;1012TK;22;100.0;90.91;100;64;G4;1900;0.0;4.55
872;1012TL;1012TM;21;100.0;95.24;100;38;G4;7253;0.0;0.0
875;1012TN;1012TN;16;100.0;87.5;100;75;G4;2739;0.0;0.0
877;1012TP;1012TR;15;100.0;86.67;100;47;G4;5044;0.0;0.0
880;1012TS;1012TS;30;100.0;86.67;100;70;G4;3215;0.0;26.67
882;1012TT;1012TT;17;100.0;94.12;100;100;G4;1571;0.0;11.76
884;1012TV;1012TV;27;100.0;100.0;100;89;G4;2676;0.0;3.7
886;1012TW;1012TW;37;100.0;94.59;100;95;G4;1097;0.0;2.7
888;1012TX;1012TZ;22;100.0;100.0;100;82;G4;2153;0.0;4.55
891;1012VA;1012VC;57;100.0;85.96;100;81;G4;3037;0.0;43.86
894;1012VD;1012VD;18;100.0;100.0;100;83;G4;2428;0.0;100.0
896;1012VE;1012VE;14;100.0;92.86;100;71;G4;3297;0.0;78.57
898;1012VG;1012VG;49;100.0;89.8;100;90;G4;1942;0.0;6.12
900;1012VH;1012VH;42;100.0;95.24;100;86;G4;2470;0.0;9.52
902;1012VJ;1012VJ;10;100.0;100.0;100;70;G4;2315;0.0;0.0
904;1012VK;1012VK;20;100.0;90.0;100;95;G4;2053;0.0;0.0
906;1012VL;1012VM;35;100.0;94.29;100;97;G4;1029;0.0;77.14
908;1012VN;1012VN;16;100.0;87.5;100;81;G4;2067;0.0;0.0
910;1012VP;1012VP;28;100.0;92.86;100;79;G4;2422;0.0;0.0
912;1012VR;1012VR;30;100.0;90.0;100;90;G4;1819;0.0;6.67
914;1012VS;1012VS;10;100.0;100.0;100;80;G4;2204;0.0;0.0
916;1012VT;1012VT;14;100.0;92.86;100;79;G4;2559;0.0;0.0
918;1012VV;1012VV;21;100.0;100.0;100;90;G4;1183;0.0;4.76
920;1012VW;1012VW;30;100.0;100.0;100;90;G4;1459;0.0;0.0
922;1012VX;1012VX;35;100.0;97.14;100;83;G4;2819;0.0;2.86
924;1012VZ;1012WG;59;100.0;96.61;100;85;G4;1864;0.0;6.78
927;1012WH;1012WH;14;100.0;100.0;100;71;G4;2528;0.0;7.14
929;1012WJ;1012WJ;12;100.0;100.0;100;83;G4;2418;0.0;33.33
931;1012WK;1012WK;10;100.0;100.0;100;90;G4;1673;0.0;50.0
933;1012WL;1012WL;23;100.0;95.65;100;91;G4;963;0.0;0.0
935;1012WN;1012WN;14;100.0;92.86;100;57;G4;1443;0.0;7.14
937;1012WP;1012WP;57;100.0;96.49;100;89;G4;1632;0.0;0.0
939;1012WR;1012WS;35;100.0;100.0;100;97;G4;1229;0.0;5.71
942;1012WT;1012WT;32;100.0;100.0;100;100;G4;905;0.0;0.0
944;1012WV;1012WV;45;100.0;100.0;100;96;G4;1133;0.0;6.67
946;1012WX;1012WX;14;100.0;100.0;100;79;G4;4558;0.0;0.0
948;1012WZ;1012XB;31;100.0;96.77;100;35;G4;5007;0.0;0.0
950;1012XC;1012XE;20;100.0;100.0;100;40;G6;4135;0.0;0.0
952;1012XG;1012XJ;34;100.0;100.0;100;74;G4;3279;0.0;5.88
954;1012XK;1012XK;33;100.0;96.97;100;85;G4;1929;0.0;3.03
956;1012XL;1012XL;22;100.0;100.0;100;77;G4;2376;0.0;9.09
958;1012XM;1012XM;14;100.0;78.57;100;71;G4;2349;0.0;7.14
960;1012XN;1012XR;31;100.0;90.32;100;65;G4;2952;0.0;3.23
962;1012XS;1012ZD;32;100.0;100.0;100;88;G4;1355;0.0;31.25
965;1012ZE;1012ZE;28;100.0;100.0;100;100;G4;1210;0.0;0.0
967;1012ZG;1012ZG;19;100.0;100.0;100;100;G4;1033;0.0;0.0
969;1012ZJ;1012ZL;27;100.0;100.0;100;93;G4;1889;0.0;0.0
972;1013AA;1013AD;180;100.0;94.44;100;94;G4;945;0.0;0.0
976;1013AE;1013AG;97;100.0;97.94;100;99;G4;1258;0.0;0.0
979;1013AH;1013AM;31;100.0;70.97;100;39;G4;4589;0.0;0.0
985;1013AN;1013AP;25;100.0;84.0;100;40;G4;8915;0.0;4.0
987;1013AR;1013AV;41;100.0;85.37;100;88;G4;1972;0.0;2.44
992;1013AX;1013AZ;61;100.0;77.05;100;90;G4;1844;0.0;3.28
994;1013BA;1013BE;47;100.0;80.85;100;57;G4;4863;0.0;0.0
998;1013BG;1013BH;142;100.0;100.0;100;98;G4;1005;0.0;0.7
1001;1013BJ;1013BL;23;100.0;78.26;100;39;G4;7020;0.0;8.7
1004;1013BP;1013BP;26;100.0;100.0;100;100;G4;880;0.0;0.0
1006;1013BR;1013BR;38;100.0;100.0;100;100;G4;728;0.0;0.0
1009;1013BT;1013BW;20;100.0;85.0;100;80;G4;2215;0.0;0.0
1012;1013BX;1013BX;28;100.0;89.29;100;96;G4;1191;0.0;3.57
1014;1013BZ;1013BZ;170;100.0;100.0;100;100;G4;967;0.0;1.76
1016;1013CA;1013CA;41;100.0;100.0;100;100;G4;811;0.0;2.44
1018;1013CB;1013CB;20;100.0;100.0;100;100;G4;1063;0.0;0.0
1020;1013CC;1013CC;42;100.0;97.62;100;98;G4;946;0.0;21.43
1022;1013CD;1013CD;21;100.0;100.0;100;100;G4;919;0.0;0.0
1024;1013CE;1013CE;12;100.0;100.0;100;100;G4;923;0.0;0.0
1026;1013CG;1013CH;39;100.0;97.44;100;100;G4;1017;0.0;0.0
1029;1013CJ;1013CJ;48;100.0;100.0;100;100;G4;961;0.0;0.0
1031;1013CK;1013CK;19;100.0;100.0;100;100;G4;895;0.0;0.0
1033;1013CL;1013CL;50;100.0;100.0;100;100;G4;805;0.0;0.0
1035;1013CM;1013CM;59;100.0;100.0;100;100;G4;893;0.0;1.69
1038;1013CR;1013CS;61;100.0;100.0;100;100;G4;1099;0.0;1.64
1041;1013CT;1013CT;33;100.0;100.0;100;100;G4;849;0.0;0.0
1043;1013CW;1013CW;40;100.0;100.0;100;100;G4;937;0.0;100.0
1045;1013CX;1013CX;22;100.0;100.0;100;55;G4;3203;0.0;9.09
1048;1013DA;1013DA;19;100.0;94.74;100;100;G4;1208;0.0;0.0
1050;1013DB;1013DB;29;100.0;100.0;100;100;G4;1065;0.0;0.0
1052;1013DC;1013DC;25;100.0;100.0;100;100;G4;1072;0.0;0.0
1054;1013DD;1013DD;32;100.0;100.0;100;100;G4;1100;0.0;0.0
1056;1013DE;1013DG;26;100.0;84.62;100;96;G4;2460;0.0;0.0
1058;1013DH;1013DH;24;100.0;100.0;100;100;G4;789;0.0;0.0
1060;1013DJ;1013DJ;49;100.0;95.92;100;94;G4;968;0.0;4.08
1062;1013DK;1013DK;15;100.0;100.0;100;93;G4;1674;0.0;6.67
1064;1013DL;1013DL;22;100.0;90.91;100;86;G4;1273;0.0;0.0
1066;1013DM;1013DM;23;100.0;95.65;100;100;G4;893;0.0;0.0
1068;1013DN;1013DN;16;100.0;87.5;100;94;G4;1087;0.0;0.0
1070;1013DP;1013DP;10;100.0;100.0;100;100;G4;967;0.0;0.0
1072;1013DR;1013DR;10;100.0;100.0;100;100;G4;1459;0.0;0.0
1074;1013DS;1013DS;18;100.0;100.0;100;100;G4;980;0.0;0.0
1076;1013DT;1013DT;32;100.0;100.0;100;100;G4;1148;0.0;3.13
1078;1013DV;1013DV;36;100.0;75.0;100;78;G4;710;0.0;2.78
1080;1013DW;1013DW;28;100.0;100.0;100;100;G4;726;0.0;0.0
1082;1013DX;1013DX;32;100.0;100.0;100;100;G4;1052;0.0;3.13
1084;1013DZ;1013DZ;28;100.0;96.43;100;100;G4;1074;0.0;0.0
1086;1013EA;1013EA;28;100.0;92.86;100;93;G4;1355;0.0;0.0
1088;1013EB;1013EB;13;100.0;92.31;100;100;G4;1593;0.0;7.69
1090;1013EC;1013EC;72;100.0;95.83;100;94;G4;1319;0.0;0.0
1092;1013ED;1013ED;23;100.0;82.61;100;74;G4;2654;0.0;8.7
1094;1013EE;1013EE;31;100.0;100.0;100;94;G4;1652;0.0;9.68
1096;1013EG;1013EG;43;100.0;100.0;100;98;G4;1236;0.0;0.0
1098;1013EH;1013EH;20;100.0;95.0;100;90;G4;1907;0.0;0.0
1100;1013EJ;1013EJ;29;100.0;96.55;100;90;G4;1409;0.0;0.0
1102;1013EK;1013EK;12;100.0;91.67;100;83;G4;1742;0.0;0.0
1104;1013EL;1013EL;32;100.0;96.88;100;81;G4;2764;0.0;3.13
1106;1013EM;1013EM;38;100.0;92.11;100;84;G4;1596;0.0;2.63
1108;1013EN;1013EN;12;100.0;100.0;100;58;G4;1455;0.0;0.0
1110;1013EP;1013ER;44;100.0;95.45;100;86;G4;1261;0.0;2.27
1113;1013ES;1013ES;42;100.0;92.86;100;93;G4;1583;0.0;4.76
1115;1013ET;1013ET;22;100.0;100.0;100;91;G4;1370;0.0;0.0
1117;1013EV;1013EV;19;100.0;89.47;100;89;G4;1823;0.0;26.32
1119;1013EW;1013EW;22;100.0;100.0;100;91;G4;1179;0.0;4.55
1121;1013EX;1013EX;15;100.0;73.33;100;47;G4;4058;0.0;0.0
1123;1013EZ;1013EZ;20;100.0;95.0;100;100;G4;754;0.0;0.0
1125;1013GA;1013GA;24;100.0;95.83;100;92;G4;1550;0.0;0.0
1127;1013GB;1013GB;12;100.0;100.0;100;100;G4;966;0.0;0.0
1129;1013GC;1013GC;14;100.0;100.0;100;100;G4;1994;0.0;0.0
1131;1013GD;1013GD;17;100.0;94.12;100;100;G4;1590;0.0;0.0
1133;1013GE;1013GE;33;100.0;96.97;100;94;G4;1754;0.0;0.0
1135;1013GG;1013GG;24;100.0;100.0;100;96;G4;1484;0.0;0.0
1137;1013GH;1013GH;19;100.0;94.74;100;89;G4;1174;0.0;5.26
1139;1013GJ;1013GJ;16;100.0;100.0;100;100;G4;1322;0.0;0.0
1141;1013GK;1013GK;22;100.0;100.0;100;95;G4;1690;0.0;0.0
1143;1013GL;1013GL;52;100.0;100.0;100;90;G4;1625;0.0;5.77
1145;1013GM;1013GM;216;100.0;99.54;100;98;G4;1151;0.0;12.04
1147;1013GN;1013GN;33;100.0;90.91;100;100;G4;1581;0.0;6.06
1149;1013GP;1013GP;21;100.0;100.0;100;100;G4;1121;0.0;0.0
1151;1013GR;1013GR;17;100.0;94.12;100;65;G4;10385;0.0;0.0
1153;1013GS;1013GS;40;100.0;90.0;100;85;G4;1210;0.0;5.0
1155;1013GT;1013GT;22;100.0;86.36;100;77;G4;2012;0.0;13.64
1157;1013GV;1013GW;41;100.0;95.12;100;90;G4;2010;0.0;0.0
1159;1013GX;1013GX;40;100.0;92.5;100;80;G4;2125;0.0;2.5
1161;1013GZ;1013GZ;28;100.0;100.0;100;75;G4;1939;0.0;0.0
1163;1013HA;1013HA;39;100.0;94.87;100;77;G4;2566;0.0;0.0
1165;1013HB;1013HB;41;100.0;100.0;100;100;G4;1031;0.0;26.83
1167;1013HC;1013HC;40;100.0;100.0;100;95;G4;2128;0.0;2.5
1169;1013HD;1013HD;35;100.0;97.14;100;89;G4;1643;0.0;0.0
1171;1013HE;1013HE;96;100.0;98.96;100;95;G4;1428;0.0;1.04
1173;1013HG;1013HG;50;100.0;96.0;100;92;G4;1864;0.0;6.0
1175;1013HH;1013HJ;17;100.0;88.24;100;100;G4;1561;0.0;0.0
1177;1013HK;1013HK;15;100.0;100.0;100;87;G4;2217;0.0;0.0
1179;1013HL;1013HL;23;100.0;91.3;100;100;G4;872;0.0;26.09
1181;1013HM;1013HM;23;100.0;91.3;100;100;G4;1018;0.0;4.35
1183;1013HN;1013HP;51;100.0;100.0;100;92;G4;1352;0.0;15.69
1185;1013HR;1013HR;26;100.0;100.0;100;92;G4;1149;0.0;80.77
1187;1013HS;1013HS;83;100.0;97.59;100;92;G4;1603;0.0;65.06
1189;1013HT;1013HT;49;100.0;100.0;100;100;G4;989;0.0;75.51
1191;1013HV;1013HV;35;100.0;100.0;100;97;G4;1169;0.0;71.43
1193;1013HW;1013HW;29;100.0;96.55;100;93;G4;963;0.0;13.79
1195;1013HX;1013HX;31;100.0;100.0;100;97;G4;1423;0.0;0.0
1197;1013HZ;1013HZ;23;100.0;95.65;100;91;G4;959;0.0;8.7
1199;1013JA;1013JA;22;100.0;90.91;100;100;G4;1338;0.0;4.55
1202;1013JC;1013JC;18;100.0;100.0;100;89;G4;1351;0.0;0.0
1204;1013JD;1013JD;34;100.0;97.06;100;88;G4;1780;0.0;2.94
1206;1013JE;1013JE;29;100.0;96.55;100;93;G4;1797;0.0;0.0
1208;1013JG;1013JG;31;100.0;100.0;100;100;G4;952;0.0;0.0
1210;1013JH;1013JH;28;100.0;100.0;100;100;G4;911;0.0;0.0
1212;1013JJ;1013JJ;36;100.0;100.0;100;83;G4;1493;0.0;0.0
1214;1013JK;1013JK;39;100.0;94.87;100;90;G4;1443;0.0;2.56
1216;1013JL;1013JL;54;100.0;94.44;100;89;G4;1360;0.0;3.7
1218;1013JM;1013JM;43;100.0;90.7;100;88;G4;890;0.0;0.0
1220;1013JN;1013JN;28;100.0;100.0;100;100;G4;981;0.0;3.57
1222;1013JP;1013JP;24;100.0;100.0;100;100;G4;1019;0.0;0.0
1224;1013JR;1013JR;41;100.0;65.85;100;71;G4;825;0.0;2.44
1226;1013JS;1013JS;16;100.0;93.75;100;88;G4;1459;0.0;25.0
1228;1013JT;1013JT;24;100.0;100.0;100;96;G4;1302;0.0;4.17
1230;1013JV;1013JV;51;100.0;84.31;100;84;G4;965;0.0;0.0
1232;1013JW;1013JW;25;100.0;100.0;100;96;G4;1265;0.0;0.0
1234;1013JX;1013JX;26;100.0;92.31;100;96;G4;692;0.0;0.0
1236;1013JZ;1013JZ;14;100.0;100.0;100;86;G4;1296;0.0;7.14
1238;1013KA;1013KA;19;100.0;94.74;100;95;G4;1505;0.0;0.0
1240;1013KB;1013KB;29;100.0;79.31;100;79;G4;1634;0.0;0.0
1242;1013KC;1013KC;37;100.0;94.59;100;95;G4;1323;0.0;5.41
1244;1013KD;1013KD;21;100.0;100.0;100;86;G4;1249;0.0;4.76
1246;1013KE;1013KE;14;100.0;100.0;100;93;G4;1228;0.0;0.0
1248;1013KG;1013KG;16;100.0;93.75;100;88;G4;2044;0.0;0.0
1250;1013KH;1013KH;19;100.0;100.0;100;79;G4;2208;0.0;21.05
1252;1013KJ;1013KL;29;100.0;96.55;100;100;G4;1120;0.0;62.07
1255;1013KM;1013KN;47;100.0;85.11;100;87;G4;1186;0.0;0.0
1257;1013KP;1013KP;49;100.0;97.96;100;96;G4;1082;0.0;4.08
1259;1013KR;1013KR;26;100.0;100.0;100;100;G4;1028;0.0;0.0
1261;1013KS;1013KS;59;100.0;100.0;100;97;G4;1427;0.0;11.86
1263;1013KT;1013KT;24;100.0;100.0;100;71;G4;2409;0.0;16.67
1265;1013KV;1013KV;37;100.0;100.0;100;100;G4;1063;0.0;2.7
1267;1013KW;1013KW;88;100.0;98.86;100;99;G4;752;0.0;0.0
1269;1013KX;1013KX;43;100.0;95.35;100;95;G4;1464;0.0;0.0
1271;1013LA;1013LA;71;100.0;100.0;100;99;G4;1188;0.0;12.68
1273;1013LB;1013LB;73;100.0;76.71;100;97;G4;1033;0.0;0.0
1275;1013LC;1013LC;244;100.0;90.16;100;93;G4;1262;0.0;0.41
1277;1013LD;1013LD;52;100.0;84.62;100;83;G4;839;0.0;0.0
1279;1013LE;1013LE;22;100.0;95.45;100;82;G4;2166;0.0;0.0
1281;1013LG;1013LG;33;100.0;81.82;100;73;G4;1344;0.0;3.03
1282;1013LH;1013LH;44;100.0;97.73;100;95;G4;1105;0.0;2.27
1285;1013LJ;1013LJ;11;100.0;81.82;100;82;G4;845;0.0;0.0
1287;1013LL;1013LL;57;100.0;82.46;100;88;G4;2047;0.0;10.53
1289;1013LM;1013LM;91;100.0;98.9;100;95;G4;1434;0.0;2.2
1291;1013LN;1013LN;26;100.0;92.31;100;92;G4;1403;0.0;0.0
1293;1013LP;1013LP;73;100.0;95.89;100;90;G4;1025;0.0;0.0
1295;1013LR;1013LR;49;100.0;93.88;100;82;G4;2186;0.0;2.04
1297;1013LS;1013LT;29;100.0;100.0;100;83;G4;1497;0.0;0.0
1299;1013LV;1013LV;76;100.0;96.05;100;95;G4;1478;0.0;0.0
1301;1013LW;1013MA;60;100.0;66.67;100;97;G4;847;0.0;3.33
1303;1013MB;1013MB;36;100.0;100.0;100;100;G4;1154;0.0;0.0
1305;1013MC;1013MD;61;100.0;100.0;100;97;G4;1507;0.0;1.64
1307;1013ME;1013ME;10;100.0;100.0;100;100;G4;1037;0.0;0.0
1309;1013MG;1013MG;41;100.0;97.56;100;98;G4;1113;0.0;12.2
1311;1013MH;1013MH;48;100.0;100.0;100;94;G4;810;0.0;0.0
1313;1013MJ;1013MK;27;100.0;100.0;100;96;G4;1675;0.0;0.0
1315;1013ML;1013ML;46;100.0;100.0;100;98;G4;709;0.0;2.17
1318;1013MN;1013MN;18;100.0;100.0;100;100;G4;401;0.0;0.0
1320;1013MP;1013MP;25;100.0;100.0;100;100;G4;1242;0.0;0.0
1322;1013MR;1013MR;47;100.0;97.87;100;96;G4;972;0.0;2.13
1324;1013MS;1013MS;45;100.0;100.0;100;98;G4;1124;0.0;0.0
1326;1013MT;1013MT;40;100.0;95.0;100;90;G4;2051;0.0;0.0
1328;1013MV;1013MV;32;100.0;100.0;100;100;G4;1176;0.0;0.0
1330;1013MX;1013MX;62;100.0;93.55;100;95;G4;1504;0.0;1.61
1332;1013MZ;1013MZ;25;100.0;100.0;100;84;G4;2125;0.0;4.0
1334;1013NA;1013NB;36;100.0;100.0;100;100;G4;1157;0.0;0.0
1337;1013NC;1013NC;27;100.0;100.0;100;100;G4;892;0.0;0.0
1339;1013ND;1013ND;27;100.0;100.0;100;100;G4;900;0.0;0.0
1341;1013NE;1013NE;75;100.0;98.67;100;99;G4;1261;0.0;0.0
1343;1013NG;1013NG;38;100.0;100.0;100;97;G4;1172;0.0;0.0
1345;1013NH;1013NH;29;100.0;100.0;100;100;G4;917;0.0;44.83
1347;1013NJ;1013NJ;124;100.0;96.77;100;96;G4;1207;0.0;31.45
1349;1013NK;1013NK;22;100.0;95.45;100;100;G4;1622;0.0;0.0
1351;1013NL;1013NL;127;100.0;59.84;100;87;G4;838;0.0;23.62
1353;1013NM;1013NM;54;100.0;57.41;100;70;G4;948;0.0;42.59
1355;1013NN;1013NN;43;100.0;81.4;100;98;G4;988;0.0;72.09
1357;1013NP;1013NS;73;100.0;98.63;100;92;G4;864;0.0;76.71
1359;1013NT;1013NT;46;100.0;97.83;100;98;G4;1007;0.0;80.43
1361;1013NV;1013NV;44;100.0;100.0;100;98;G4;962;0.0;2.27
1363;1013NX;1013NX;10;100.0;100.0;100;100;G4;981;0.0;0.0
1365;1013NZ;1013PA;33;100.0;100.0;100;100;G4;983;0.0;3.03
1367;1013PB;1013PD;41;100.0;100.0;100;100;G4;1208;0.0;0.0
1369;1013PE;1013PH;35;100.0;100.0;100;100;G4;1166;0.0;0.0
1371;1013PJ;1013PJ;31;100.0;100.0;100;100;G4;992;0.0;100.0
1373;1013PK;1013PK;11;100.0;100.0;100;100;G4;1019;0.0;100.0
1375;1013PL;1013PL;27;100.0;100.0;100;100;G4;837;0.0;100.0
1377;1013PM;1013PM;15;100.0;100.0;100;100;G4;1183;0.0;100.0
1379;1013PN;1013PP;19;100.0;100.0;100;100;G4;1065;0.0;31.58
1381;1013PR;1013PR;46;100.0;97.83;100;100;G4;967;0.0;6.52
1383;1013PS;1013PT;20;100.0;100.0;100;100;G4;1233;0.0;5.0
1385;1013PV;1013PV;13;100.0;84.62;100;77;G4;9755;0.0;0.0
1387;1013PW;1013PW;65;100.0;98.46;100;97;G4;975;0.0;0.0
1389;1013PX;1013PX;88;100.0;100.0;100;100;G4;871;0.0;0.0
1391;1013RA;1013RA;100;100.0;100.0;100;100;G4;930;0.0;1.0
1393;1013RB;1013RB;28;100.0;100.0;100;100;G4;994;0.0;28.57
1395;1013RC;1013RC;28;100.0;96.43;100;100;G4;1011;0.0;0.0
1397;1013RD;1013RD;28;100.0;100.0;100;100;G4;809;0.0;0.0
1399;1013RE;1013RE;28;100.0;100.0;100;100;G4;916;0.0;0.0
1401;1013RG;1013RG;28;100.0;100.0;100;100;G4;844;0.0;3.57
1403;1013RH;1013RH;23;100.0;100.0;100;100;G4;754;0.0;0.0
1405;1013RJ;1013RJ;310;100.0;99.68;100;100;G4;924;0.0;16.77
1407;1013RK;1013RK;43;100.0;100.0;100;100;G4;1121;0.0;11.63
1409;1013RL;1013RN;28;100.0;100.0;100;100;G4;1183;0.0;0.0
1411;1013RP;1013RP;189;100.0;98.41;100;100;G4;989;0.0;1.59
1413;1013RR;1013RR;18;100.0;94.44;100;72;G4;2799;0.0;0.0
1415;1013RT;1013RV;33;100.0;54.55;100;100;G4;469;0.0;0.0
1417;1013RW;1013RW;133;100.0;96.99;100;95;G4;919;0.0;0.0
1419;1013RX;1013RX;31;100.0;100.0;100;100;G4;1530;0.0;0.0
1421;1013RZ;1013RZ;42;100.0;47.62;100;100;G4;1088;0.0;0.0
1423;1013SB;1013SB;58;100.0;48.28;100;98;G4;1306;0.0;1.72
1425;1013SC;1013SC;46;100.0;50.0;100;98;G4;1060;0.0;0.0
1427;1013SE;1013SE;54;100.0;46.3;100;100;G4;1233;0.0;0.0
1429;1013SG;1013SG;40;100.0;47.5;100;95;G4;1083;0.0;0.0
1431;1013SH;1013SH;38;100.0;47.37;100;100;G4;1184;0.0;0.0
1433;1013SJ;1013SJ;36;100.0;100.0;100;100;G4;953;0.0;19.44
1435;1013SK;1013SL;80;100.0;98.75;100;100;G4;917;0.0;0.0
1438;1013SM;1013SM;36;100.0;63.89;100;94;G4;1562;0.0;2.78
1440;1013SN;1013SN;45;100.0;93.33;100;100;G4;1283;0.0;0.0
1442;1013SP;1013SP;107;100.0;94.39;100;98;G4;169;0.0;0.0
1444;1013SR;1013SR;44;100.0;97.73;100;93;G4;1707;0.0;4.55
1446;1013ST;1013ST;38;100.0;97.37;100;95;G4;703;0.0;2.63
1448;1013SV;1013SV;63;100.0;100.0;100;100;G4;900;0.0;95.24
1450;1013SW;1013SW;63;100.0;95.24;100;95;G4;1080;0.0;42.86
1452;1013SX;1013SX;17;100.0;100.0;100;100;G4;794;0.0;0.0
1454;1013SZ;1013SZ;64;100.0;100.0;100;91;G4;1204;0.0;4.69
1456;1013TA;1013TA;39;100.0;76.92;100;95;G4;1136;0.0;20.51
1458;1013TB;1013TB;28;100.0;100.0;100;93;G4;1265;0.0;3.57
1460;1013TC;1013TC;23;100.0;100.0;100;83;G4;1445;0.0;26.09
1462;1013TD;1013TD;28;100.0;100.0;100;96;G4;754;0.0;0.0
1464;1013TE;1013TE;38;100.0;100.0;100;95;G4;748;0.0;2.63
1466;1013TG;1013TG;35;100.0;91.43;100;83;G4;901;0.0;2.86
1468;1013TH;1013TH;60;100.0;98.33;100;97;G4;844;0.0;11.67
1470;1013TJ;1013TJ;61;100.0;100.0;100;100;G4;867;0.0;0.0
1472;1013TK;1013TK;41;100.0;97.56;100;95;G4;1008;0.0;0.0
1474;1013TL;1013TL;23;100.0;100.0;100;96;G4;808;0.0;0.0
1476;1013TM;1013TM;58;100.0;98.28;100;98;G4;1041;0.0;0.0
1478;1013TN;1013TN;24;100.0;100.0;100;100;G4;834;0.0;0.0
1480;1013TP;1013TP;16;100.0;100.0;100;100;G4;1106;0.0;0.0
1482;1013TX;1013VB;96;100.0;100.0;100;100;G4;1158;0.0;0.0
1484;1013VD;1013VD;18;100.0;50.0;100;50;G4;1347;0.0;0.0
1486;1013VG;1013VH;25;100.0;100.0;100;96;G4;1049;0.0;0.0
1489;1013VJ;1013VL;38;100.0;100.0;100;100;G4;763;0.0;0.0
1491;1013VM;1013VM;50;100.0;46.0;100;52;G4;854;0.0;0.0
1493;1013VN;1013VN;22;100.0;100.0;100;100;G4;778;0.0;0.0
1495;1013VP;1013VP;12;100.0;100.0;100;92;G4;2558;0.0;0.0
1497;1013VR;1013VS;19;100.0;100.0;100;100;G4;1122;0.0;0.0
1500;1013VT;1013VT;10;100.0;100.0;100;100;G4;1254;0.0;0.0
1502;1013VV;1013VV;82;100.0;100.0;100;98;G4;966;0.0;0.0
1504;1013VX;1013VZ;37;100.0;100.0;100;97;G4;666;0.0;2.7
1507;1013WB;1013WB;27;100.0;96.3;100;100;G4;1122;0.0;0.0
1509;1013WC;1013WC;22;100.0;100.0;100;95;G4;1791;0.0;4.55
1511;1013WD;1013WD;30;100.0;100.0;100;100;G4;1001;0.0;0.0
1513;1013WE;1013WE;13;100.0;100.0;100;100;G4;1485;0.0;0.0
1515;1013WG;1013WG;81;100.0;59.26;100;99;G4;1237;0.0;0.0
1517;1013WH;1013WH;80;100.0;50.0;100;100;G4;885;0.0;0.0
1519;1013WJ;1013WJ;76;100.0;47.37;100;100;G4;1041;0.0;1.32
1521;1013WK;1013WN;61;100.0;100.0;100;95;G4;1333;0.0;3.28
1523;1013WP;1013WP;27;100.0;100.0;100;100;G4;1428;0.0;3.7
1525;1013WR;1013WR;16;100.0;100.0;100;100;G4;1452;0.0;0.0
1527;1013WS;1013WS;23;100.0;100.0;100;100;G4;1265;0.0;0.0
1529;1013WT;1013WT;22;100.0;100.0;100;100;G4;996;0.0;4.55
1531;1013WV;1013WV;51;100.0;98.04;100;96;G4;986;0.0;1.96
1533;1013WZ;1013XA;18;100.0;100.0;100;100;G4;1355;0.0;0.0
1535;1013XB;1013XB;16;100.0;100.0;100;100;G4;1097;0.0;0.0
1537;1013XC;1013XC;63;100.0;100.0;100;100;G4;884;0.0;0.0
1539;1013XD;1013XD;88;100.0;100.0;100;93;G4;1491;0.0;1.14
1541;1013XE;1013XE;64;100.0;73.44;100;100;G4;957;0.0;1.56
1543;1013XG;1013XG;38;100.0;50.0;100;100;G4;1055;0.0;0.0
1545;1013XL;1013XP;20;100.0;100.0;100;100;G4;1160;0.0;0.0
1547;1013XR;1013XR;28;100.0;100.0;100;100;G4;1182;0.0;0.0
1549;1013XS;1013XT;62;100.0;98.39;100;100;G4;1199;0.0;72.58
1552;1013XV;1013XV;27;100.0;100.0;100;100;G4;1233;0.0;7.41
1554;1013XW;1013XW;27;100.0;100.0;100;100;G4;1223;0.0;70.37
1556;1013XX;1013XX;22;100.0;100.0;100;100;G4;1170;0.0;18.18
1558;1013XZ;1013XZ;27;100.0;100.0;100;100;G4;1505;0.0;0.0
1560;1013ZA;1013ZA;27;100.0;92.59;100;100;G4;1193;0.0;0.0
1562;1013ZB;1013ZB;13;100.0;100.0;100;100;G4;1028;0.0;0.0
1564;1013ZC;1013ZC;16;100.0;100.0;100;100;G4;1228;0.0;6.25
1566;1013ZD;1013ZD;29;100.0;100.0;100;97;G4;4417;0.0;0.0
1568;1013ZE;1013ZE;26;100.0;80.77;100;81;G4;3786;0.0;3.85
1570;1013ZG;1013ZG;30;100.0;56.67;100;57;G4;719;0.0;3.33
1572;1013ZH;1013ZH;24;100.0;75.0;100;75;G4;2486;0.0;25.0
1574;1013ZJ;1013ZJ;16;100.0;100.0;100;100;G4;1287;0.0;6.25
1576;1013ZK;1013ZK;32;100.0;96.88;100;100;G4;1409;0.0;0.0
1578;1013ZL;1013ZL;13;100.0;100.0;100;100;G4;958;0.0;0.0
1580;1013ZM;1013ZM;50;100.0;78.0;100;96;G4;1360;0.0;0.0
1582;1013ZN;1013ZN;55;100.0;41.82;100;100;G4;989;0.0;0.0
1584;1013ZP;1013ZP;42;100.0;42.86;100;100;G4;1042;0.0;0.0
1586;1013ZR;1013ZR;46;100.0;47.83;100;100;G4;942;0.0;0.0
1588;1013ZS;1013ZS;30;100.0;83.33;100;83;G4;1019;0.0;3.33
1590;1013ZT;1013ZT;44;100.0;68.18;100;68;G4;3614;0.0;0.0
1592;1013ZV;1013ZV;22;100.0;72.73;100;77;G4;798;0.0;0.0
1594;1013ZW;1013ZW;62;100.0;50.0;100;100;G4;1267;0.0;0.0
1596;1013ZX;1013ZX;58;100.0;50.0;100;100;G4;1181;0.0;0.0
1598;1014AA;1014AD;34;100.0;97.06;100;91;G4;1861;0.0;2.94
1601;1014AE;1014AE;16;100.0;100.0;100;81;G4;2403;0.0;6.25
1603;1014AG;1014AN;28;100.0;89.29;100;57;G4;5711;0.0;0.0
1607;1014AP;1014AR;25;100.0;96.0;100;40;G16;6156;0.0;8.0
1609;1014AS;1014AS;11;100.0;81.82;100;36;G6;6905;0.0;18.18
1611;1014AT;1014AW;30;100.0;90.0;100;37;G16;9442;0.0;6.67
1615;1014AX;1014BB;17;100.0;100.0;100;35;G25;7792;0.0;5.88
1619;1014BC;1015AA;73;100.0;89.04;100;36;G4;8435;0.0;2.74
1624;1015AB;1015AB;42;100.0;95.24;100;76;G4;2685;0.0;2.38
1626;1015AC;1015AC;21;100.0;100.0;100;71;G4;2960;0.0;19.05
1628;1015AD;1015AD;36;100.0;97.22;100;67;G4;2523;0.0;5.56
1630;1015AE;1015AE;23;100.0;95.65;100;78;G4;3944;0.0;8.7
1632;1015AG;1015AG;26;100.0;96.15;100;73;G4;2994;0.0;7.69
1634;1015AH;1015AH;18;100.0;88.89;100;50;G4;3583;0.0;0.0
1636;1015AJ;1015AJ;17;100.0;100.0;100;94;G4;1505;0.0;5.88
1638;1015AK;1015AK;60;100.0;100.0;100;92;G4;1519;0.0;56.67
1640;1015AL;1015AL;26;100.0;84.62;100;100;G4;1297;0.0;69.23
1642;1015AM;1015AM;36;100.0;94.44;100;92;G4;1387;0.0;69.44
1644;1015AN;1015AN;21;100.0;100.0;100;90;G4;2315;0.0;66.67
1646;1015AP;1015AP;14;100.0;92.86;100;86;G4;1814;0.0;78.57
1648;1015AR;1015AR;14;100.0;92.86;100;93;G4;2107;0.0;78.57
1650;1015AS;1015AS;14;100.0;100.0;100;93;G4;1506;0.0;0.0
1652;1015AT;1015AT;19;100.0;94.74;100;79;G4;1529;0.0;0.0
1654;1015AV;1015AV;17;100.0;76.47;100;82;G4;2061;0.0;76.47
1656;1015AW;1015AW;14;100.0;100.0;100;93;G4;1624;0.0;28.57
1658;1015AZ;1015AZ;17;100.0;82.35;100;94;G4;1488;0.0;17.65
1660;1015BA;1015BA;23;100.0;86.96;100;70;G4;2894;0.0;82.61
1662;1015BB;1015BB;24;100.0;100.0;100;92;G4;1626;0.0;95.83
1664;1015BC;1015BC;17;100.0;100.0;100;65;G4;3982;0.0;76.47
1666;1015BD;1015BD;20;100.0;95.0;100;50;G6;2977;0.0;90.0
1668;1015BE;1015BE;25;100.0;100.0;100;64;G4;4826;0.0;24.0
1670;1015BG;1015BG;27;100.0;100.0;100;89;G4;2462;0.0;18.52
1672;1015BH;1015BH;17;100.0;100.0;100;76;G4;3521;0.0;0.0
1674;1015BJ;1015BJ;13;100.0;92.31;100;69;G4;2496;0.0;0.0
1676;1015BK;1015BK;32;100.0;93.75;100;84;G4;2427;0.0;3.13
1678;1015BL;1015BL;19;100.0;89.47;100;47;G4;3256;0.0;0.0
1680;1015BM;1015BM;13;100.0;100.0;100;62;G4;2873;0.0;0.0
1682;1015BN;1015BN;11;100.0;100.0;100;64;G4;4326;0.0;36.36
1684;1015BP;1015BP;11;100.0;100.0;100;55;G6;3315;0.0;0.0
1686;1015BR;1015BR;19;100.0;94.74;100;58;G4;3598;0.0;5.26
1688;1015BS;1015BS;62;100.0;95.16;100;90;G4;2041;0.0;1.61
1690;1015BT;1015BT;31;100.0;96.77;100;71;G4;3339;0.0;0.0
1692;1015BV;1015BX;30;100.0;96.67;100;63;G4;2484;0.0;0.0
1694;1015BZ;1015BZ;27;100.0;100.0;100;93;G4;766;0.0;0.0
1696;1015CA;1015CA;25;100.0;100.0;100;92;G4;1032;0.0;0.0
1698;1015CB;1015CB;30;100.0;90.0;100;87;G4;1708;0.0;0.0
1700;1015CC;1015CC;14;100.0;100.0;100;79;G4;2613;0.0;21.43
1702;1015CD;1015CD;19;100.0;94.74;100;42;G16;5172;0.0;0.0
1704;1015CE;1015CE;36;100.0;97.22;100;94;G4;2205;0.0;5.56
1706;1015CG;1015CG;20;100.0;95.0;100;90;G4;1689;0.0;0.0
1708;1015CH;1015CH;23;100.0;95.65;100;78;G4;2495;0.0;17.39
1710;1015CJ;1015CJ;29;100.0;100.0;100;79;G4;3359;0.0;0.0
1712;1015CK;1015CK;16;100.0;100.0;100;81;G4;4371;0.0;0.0
1714;1015CL;1015CL;21;100.0;100.0;100;86;G4;2611;0.0;23.81
1716;1015CN;1015CN;15;100.0;100.0;100;73;G4;2094;0.0;0.0
1718;1015CP;1015CP;19;100.0;100.0;100;89;G4;2408;0.0;0.0
1720;1015CR;1015CR;68;100.0;98.53;100;96;G4;1737;0.0;1.47
1722;1015CS;1015CS;18;100.0;100.0;100;50;G6;2389;0.0;0.0
1724;1015CT;1015CT;28;100.0;96.43;100;57;G4;1966;0.0;32.14
1726;1015CV;1015CV;24;100.0;100.0;100;50;G4;3865;0.0;4.17
1728;1015CW;1015CW;31;100.0;90.32;100;84;G4;2240;0.0;3.23
1730;1015CX;1015CX;24;100.0;91.67;100;63;G4;4178;0.0;0.0
1732;1015CZ;1015CZ;15;100.0;100.0;100;80;G4;2118;0.0;6.67
1734;1015DA;1015DA;20;100.0;100.0;100;100;G4;1498;0.0;10.0
1736;1015DB;1015DB;18;100.0;100.0;100;94;G4;1249;0.0;0.0
1738;1015DC;1015DC;18;100.0;94.44;100;89;G4;1458;0.0;5.56
1740;1015DD;1015DD;20;100.0;100.0;100;90;G4;1771;0.0;15.0
1742;1015DE;1015DE;16;100.0;100.0;100;69;G4;2581;0.0;0.0
1744;1015DG;1015DG;20;100.0;95.0;100;60;G4;2127;0.0;5.0
1746;1015DH;1015DH;26;100.0;100.0;100;92;G4;1592;0.0;3.85
1748;1015DJ;1015DJ;12;100.0;100.0;100;83;G4;2167;0.0;0.0
1750;1015DK;1015DK;35;100.0;97.14;100;66;G4;2785;0.0;0.0
1752;1015DL;1015DL;37;100.0;86.49;100;84;G4;2545;0.0;5.41
1754;1015DM;1015DN;25;100.0;100.0;100;88;G4;2324;0.0;0.0
1757;1015DP;1015DP;14;100.0;100.0;100;100;G4;1398;0.0;14.29
1759;1015DR;1015DR;32;100.0;100.0;100;78;G4;1985;0.0;12.5
1761;1015DS;1015DS;38;100.0;94.74;100;89;G4;1826;0.0;5.26
1763;1015DT;1015DT;104;100.0;92.31;100;95;G4;1937;0.0;1.92
1765;1015DV;1015DV;25;100.0;100.0;100;88;G4;1544;0.0;56.0
1767;1015DW;1015DW;35;100.0;97.14;100;86;G4;1634;0.0;37.14
1769;1015DX;1015DX;38;100.0;89.47;100;92;G4;1347;0.0;26.32
1771;1015DZ;1015DZ;20;100.0;90.0;100;90;G4;1660;0.0;60.0
1773;1015EA;1015EA;34;100.0;97.06;100;91;G4;1982;0.0;20.59
1775;1015EB;1015EB;30;100.0;100.0;100;80;G4;1249;0.0;0.0
1777;1015GA;1015GA;35;100.0;100.0;100;91;G4;1183;0.0;2.86
1779;1015GB;1015GB;27;100.0;92.59;100;78;G4;2744;0.0;25.93
1781;1015GC;1015GC;46;100.0;100.0;100;96;G4;1668;0.0;4.35
1783;1015GD;1015GD;34;100.0;88.24;100;100;G4;1415;0.0;0.0
1785;1015GE;1015GE;28;100.0;92.86;100;96;G4;1661;0.0;17.86
1787;1015GG;1015GG;26;100.0;100.0;100;88;G4;1763;0.0;0.0
1789;1015GH;1015GH;22;100.0;100.0;100;95;G4;1361;0.0;0.0
1791;1015GJ;1015GJ;54;100.0;98.15;100;91;G4;1485;0.0;0.0
1793;1015GK;1015GK;71;100.0;98.59;100;100;G4;1056;0.0;1.41
1795;1015GL;1015GL;63;100.0;100.0;100;95;G4;1429;0.0;0.0
1797;1015GM;1015GM;18;100.0;94.44;100;100;G4;1346;0.0;0.0
1799;1015GN;1015GN;32;100.0;96.88;100;97;G4;1442;0.0;0.0
1801;1015GP;1015GP;46;100.0;100.0;100;96;G4;908;0.0;2.17
1803;1015GR;1015GR;34;100.0;94.12;100;94;G4;1681;0.0;0.0
1805;1015GS;1015GS;43;100.0;93.02;100;79;G4;1310;0.0;20.93
1807;1015GT;1015GV;25;100.0;100.0;100;100;G4;949;0.0;0.0
1810;1015GW;1015GW;13;100.0;92.31;100;100;G4;1234;0.0;0.0
1812;1015GX;1015GX;53;100.0;100.0;100;100;G4;875;0.0;0.0
1814;1015GZ;1015GZ;16;100.0;100.0;100;88;G4;1872;0.0;0.0
1816;1015HA;1015HB;39;100.0;97.44;100;85;G4;1876;0.0;0.0
1818;1015HC;1015HC;18;100.0;94.44;100;100;G4;978;0.0;11.11
1820;1015HD;1015HD;20;100.0;100.0;100;90;G4;1246;0.0;0.0
1822;1015HE;1015HE;20;100.0;90.0;100;90;G4;1300;0.0;0.0
1824;1015HG;1015HG;19;100.0;94.74;100;79;G4;1496;0.0;5.26
1826;1015HH;1015HJ;47;100.0;97.87;100;96;G4;1041;0.0;6.38
1829;1015HK;1015HK;22;100.0;100.0;100;100;G4;1560;0.0;0.0
1831;1015HL;1015HL;38;100.0;89.47;100;89;G4;1079;0.0;5.26
1833;1015HM;1015HM;35;100.0;100.0;100;100;G4;1026;0.0;2.86
1835;1015HN;1015HN;42;100.0;100.0;100;95;G4;1228;0.0;2.38
1837;1015HP;1015HP;40;100.0;100.0;100;98;G4;1664;0.0;27.5
1839;1015HR;1015HR;48;100.0;97.92;100;100;G4;828;0.0;18.75
1841;1015HS;1015HS;43;100.0;93.02;100;93;G4;1307;0.0;13.95
1843;1015HT;1015HT;50;100.0;100.0;100;98;G4;1092;0.0;6.0
1845;1015HV;1015HV;53;100.0;100.0;100;96;G4;1143;0.0;30.19
1847;1015HW;1015HW;47;100.0;97.87;100;91;G4;1521;0.0;4.26
1849;1015HX;1015HX;35;100.0;100.0;100;100;G4;716;0.0;0.0
1851;1015HZ;1015HZ;28;100.0;100.0;100;96;G4;940;0.0;17.86
1853;1015JA;1015JA;14;100.0;100.0;100;100;G4;533;0.0;0.0
1855;1015JB;1015JB;25;100.0;100.0;100;100;G4;1038;0.0;4.0
1857;1015JC;1015JC;54;100.0;100.0;100;100;G4;1055;0.0;1.85
1859;1015JD;1015JD;40;100.0;100.0;100;83;G4;1373;0.0;32.5
1861;1015JE;1015JE;70;100.0;98.57;100;100;G4;859;0.0;8.57
1863;1015JG;1015JG;41;100.0;92.68;100;93;G4;860;0.0;14.63
1865;1015JH;1015JH;10;100.0;80.0;100;80;G4;1665;0.0;0.0
1867;1015JJ;1015JJ;55;100.0;92.73;100;100;G4;1540;0.0;1.82
1869;1015JK;1015JK;72;100.0;97.22;100;99;G4;1002;0.0;9.72
1871;1015JL;1015JL;51;100.0;100.0;100;100;G4;746;0.0;17.65
1873;1015JM;1015JM;36;100.0;94.44;100;100;G4;714;0.0;27.78
1875;1015JN;1015JN;30;100.0;93.33;100;87;G4;989;0.0;0.0
1877;1015JP;1015JP;40;100.0;97.5;100;100;G4;1043;0.0;10.0
1879;1015JR;1015JR;46;100.0;95.65;100;96;G4;1132;0.0;0.0
1881;1015JS;1015JS;42;100.0;95.24;100;95;G4;1149;0.0;0.0
1883;1015JT;1015JT;65;100.0;93.85;100;97;G4;1294;0.0;7.69
1885;1015JV;1015JV;27;100.0;92.59;100;93;G4;1426;0.0;0.0
1887;1015JW;1015JW;16;100.0;100.0;100;94;G4;1426;0.0;0.0
1889;1015JX;1015JX;22;100.0;100.0;100;86;G4;1588;0.0;0.0
1891;1015JZ;1015JZ;21;100.0;95.24;100;81;G4;2107;0.0;14.29
1893;1015KA;1015KA;29;100.0;100.0;100;97;G4;1050;0.0;3.45
1895;1015KB;1015KB;36;100.0;97.22;100;97;G4;1787;0.0;38.89
1897;1015KC;1015KC;28;100.0;96.43;100;89;G4;1823;0.0;0.0
1899;1015KD;1015KD;36;100.0;100.0;100;86;G4;2315;0.0;0.0
1901;1015KE;1015KE;65;100.0;98.46;100;98;G4;1125;0.0;0.0
1903;1015KG;1015KG;42;100.0;95.24;100;98;G4;1261;0.0;4.76
1905;1015KH;1015KH;15;100.0;73.33;100;87;G4;1711;0.0;0.0
1907;1015KJ;1015KJ;49;100.0;91.84;100;88;G4;1370;0.0;0.0
1909;1015KK;1015KK;45;100.0;97.78;100;91;G4;1976;0.0;4.44
1911;1015KL;1015KL;29;100.0;93.1;100;93;G4;1384;0.0;6.9
1913;1015KM;1015KM;25;100.0;100.0;100;96;G4;1094;0.0;0.0
1915;1015KN;1015KN;70;100.0;98.57;100;94;G4;1236;0.0;7.14
1917;1015KP;1015KP;28;100.0;92.86;100;89;G4;1476;0.0;3.57
1919;1015KR;1015KR;17;100.0;94.12;100;94;G4;1235;0.0;11.76
1921;1015KS;1015KS;18;100.0;100.0;100;100;G4;1680;0.0;5.56
1923;1015KT;1015KT;27;100.0;88.89;100;85;G4;1608;0.0;11.11
1925;1015KV;1015KV;49;100.0;93.88;100;94;G4;1337;0.0;4.08
1927;1015KW;1015KW;39;100.0;100.0;100;100;G4;1033;0.0;0.0
1929;1015KX;1015KX;36;100.0;91.67;100;75;G4;1635;0.0;2.78
1931;1015KZ;1015KZ;50;100.0;92.0;100;96;G4;953;0.0;0.0
1933;1015LA;1015LA;44;100.0;95.45;100;100;G4;1328;0.0;20.45
1935;1015LB;1015LB;50;100.0;100.0;100;96;G4;1560;0.0;2.0
1937;1015LC;1015LC;44;100.0;90.91;100;98;G4;1010;0.0;0.0
1939;1015LD;1015LD;46;100.0;100.0;100;100;G4;1077;0.0;0.0
1941;1015LE;1015LE;15;100.0;100.0;100;100;G4;1385;0.0;0.0
1943;1015LG;1015LG;16;100.0;100.0;100;94;G4;1270;0.0;0.0
1945;1015LH;1015LH;28;100.0;100.0;100;89;G4;1497;0.0;0.0
1947;1015LJ;1015LJ;20;100.0;100.0;100;100;G4;1206;0.0;0.0
1949;1015LK;1015LK;22;100.0;100.0;100;95;G4;1296;0.0;13.64
1951;1015LL;1015LL;23;100.0;95.65;100;100;G4;1432;0.0;0.0
1953;1015LM;1015LN;21;100.0;100.0;100;90;G4;1013;0.0;0.0
1955;1015LP;1015LP;38;100.0;100.0;100;95;G4;913;0.0;0.0
1957;1015LR;1015LR;25;100.0;96.0;100;96;G4;1144;0.0;0.0
1959;1015LS;1015LS;29;100.0;96.55;100;97;G4;1208;0.0;0.0
1961;1015LT;1015LT;31;100.0;100.0;100;97;G4;785;0.0;3.23
1963;1015LV;1015LV;18;100.0;94.44;100;100;G4;566;0.0;0.0
1965;1015LW;1015LW;36;100.0;88.89;100;92;G4;1464;0.0;0.0
1967;1015LX;1015LX;32;100.0;100.0;100;100;G4;1185;0.0;0.0
1969;1015LZ;1015LZ;34;100.0;100.0;100;88;G4;1451;0.0;11.76
1971;1015MA;1015MA;16;100.0;100.0;100;100;G4;1328;0.0;0.0
1973;1015MB;1015MH;93;100.0;100.0;100;99;G4;956;0.0;0.0
1975;1015MJ;1015MJ;17;100.0;82.35;100;88;G4;1612;0.0;5.88
1977;1015MK;1015MK;29;100.0;100.0;100;86;G4;1343;0.0;27.59
1979;1015ML;1015ML;27;100.0;100.0;100;89;G4;1445;0.0;0.0
1981;1015MN;1015MN;29;100.0;89.66;100;83;G4;2468;0.0;17.24
1983;1015MP;1015MP;43;100.0;95.35;100;91;G4;1485;0.0;23.26
1985;1015MR;1015MR;24;100.0;100.0;100;83;G4;1517;0.0;4.17
1986;1015MS;1015MS;24;100.0;100.0;100;92;G4;1432;0.0;0.0
1989;1015MT;1015MT;46;100.0;97.83;100;96;G4;1177;0.0;2.17
1991;1015MV;1015MV;23;100.0;100.0;100;83;G4;2031;0.0;52.17
1993;1015MX;1015MX;22;100.0;95.45;100;91;G4;1851;0.0;0.0
1995;1015MZ;1015MZ;31;100.0;93.55;100;84;G4;1714;0.0;12.9
1997;1015NA;1015NA;23;100.0;91.3;100;96;G4;2378;0.0;30.43
1999;1015NB;1015NB;30;100.0;93.33;100;93;G4;1237;0.0;0.0
2001;1015NC;1015NC;52;100.0;100.0;100;98;G4;1198;0.0;0.0
2003;1015ND;1015ND;57;100.0;92.98;100;93;G4;1154;0.0;3.51
2005;1015NE;1015NE;62;100.0;100.0;100;100;G4;947;0.0;1.61
2007;1015NG;1015NG;40;100.0;92.5;100;90;G4;1168;0.0;2.5
2009;1015NH;1015NH;63;100.0;98.41;100;98;G4;1075;0.0;19.05
2011;1015NJ;1015NJ;55;100.0;98.18;100;98;G4;1169;0.0;0.0
2013;1015NK;1015NK;12;100.0;100.0;100;100;G4;1623;0.0;0.0
2015;1015NL;1015NL;77;100.0;98.7;100;100;G4;989;0.0;2.6
2017;1015NP;1015NP;29;100.0;100.0;100;100;G4;1041;0.0;0.0
2019;1015NR;1015NR;42;100.0;100.0;100;88;G4;1305;0.0;0.0
2021;1015NS;1015NT;39;100.0;97.44;100;92;G4;1566;0.0;0.0
2024;1015NV;1015NV;36;100.0;97.22;100;100;G4;1039;0.0;30.56
2026;1015NW;1015NX;30;100.0;96.67;100;100;G4;1042;0.0;80.0
2028;1015NZ;1015NZ;49;100.0;100.0;100;98;G4;1041;0.0;2.04
2030;1015PA;1015PA;26;100.0;92.31;100;100;G4;1181;0.0;15.38
2032;1015PB;1015PB;31;100.0;87.1;100;87;G4;1457;0.0;0.0
2034;1015PC;1015PC;15;100.0;86.67;100;80;G4;2011;0.0;0.0
2036;1015PD;1015PD;29;100.0;100.0;100;93;G4;1152;0.0;17.24
2038;1015PE;1015PE;46;100.0;95.65;100;98;G4;1248;0.0;13.04
2040;1015PG;1015PG;37;100.0;97.3;100;92;G4;1070;0.0;0.0
2042;1015PH;1015PH;35;100.0;100.0;100;100;G4;1079;0.0;0.0
2044;1015PJ;1015PJ;20;100.0;100.0;100;100;G4;807;0.0;5.0
2046;1015PK;1015PK;30;100.0;100.0;100;93;G4;967;0.0;0.0
2048;1015PL;1015PL;23;100.0;100.0;100;61;G4;1264;0.0;30.43
2050;1015PP;1015PP;19;100.0;100.0;100;100;G4;1252;0.0;0.0
2052;1015PR;1015PR;38;100.0;94.74;100;92;G4;1060;0.0;0.0
2054;1015PS;1015PS;42;100.0;100.0;100;100;G4;1013;0.0;0.0
2056;1015PT;1015PT;60;100.0;95.0;100;100;G4;1078;0.0;0.0
2058;1015PV;1015PV;28;100.0;92.86;100;96;G4;1322;0.0;7.14
2060;1015PW;1015PW;27;100.0;96.3;100;96;G4;1341;0.0;18.52
2062;1015PX;1015PX;15;100.0;100.0;100;100;G4;1166;0.0;0.0
2064;1015PZ;1015PZ;28;100.0;96.43;100;96;G4;1114;0.0;0.0
2066;1015RA;1015RA;41;100.0;100.0;100;88;G4;1635;0.0;0.0
2068;1015RB;1015RB;29;100.0;96.55;100;90;G4;1460;0.0;0.0
2070;1015RC;1015RC;26;100.0;100.0;100;92;G4;1039;0.0;0.0
2072;1015RD;1015RD;27;100.0;100.0;100;81;G4;1759;0.0;0.0
2074;1015RE;1015RE;34;100.0;97.06;100;85;G4;1476;0.0;11.76
2076;1015RG;1015RG;40;100.0;97.5;100;95;G4;1118;0.0;2.5
2078;1015RH;1015RH;24;100.0;100.0;100;96;G4;1424;0.0;4.17
2080;1015RJ;1015RJ;25;100.0;92.0;100;96;G4;1217;0.0;0.0
2082;1015RK;1015RK;15;100.0;100.0;100;93;G4;1756;0.0;6.67
2084;1015RL;1015RL;36;100.0;100.0;100;94;G4;1529;0.0;2.78
2086;1015RM;1015RM;42;100.0;92.86;100;88;G4;1531;0.0;7.14
2088;1015RN;1015RR;122;100.0;94.26;100;88;G4;1500;0.0;0.0
2090;1015RS;1015RS;24;100.0;100.0;100;96;G4;1704;0.0;0.0
2092;1015RT;1015RT;21;100.0;95.24;100;95;G4;1400;0.0;0.0
2094;1015RV;1015RV;21;100.0;100.0;100;90;G4;1409;0.0;0.0
2096;1015RW;1015RW;23;100.0;95.65;100;96;G4;1496;0.0;0.0
2098;1015RX;1015RX;16;100.0;93.75;100;81;G4;1498;0.0;6.25
2100;1015RZ;1015RZ;23;100.0;100.0;100;96;G4;1954;0.0;0.0
2102;1015SB;1015SB;22;100.0;90.91;100;95;G4;1211;0.0;4.55
2104;1015SC;1015SC;24;100.0;87.5;100;79;G4;1980;0.0;0.0
2106;1015SE;1015SE;28;100.0;100.0;100;100;G4;1156;0.0;0.0
2108;1015SG;1015SG;11;100.0;100.0;100;91;G4;1253;0.0;9.09
2110;1015SH;1015SH;25;100.0;72.0;100;80;G4;1526;0.0;0.0
2112;1015SJ;1015SJ;30;100.0;100.0;100;100;G4;1347;0.0;3.33
2114;1015SK;1015SK;24;100.0;95.83;100;96;G4;1653;0.0;8.33
2116;1015SL;1015SL;21;100.0;100.0;100;100;G4;935;0.0;4.76
2118;1015SM;1015SM;12;100.0;100.0;100;100;G4;1359;0.0;0.0
2120;1015SN;1015SN;25;100.0;96.0;100;100;G4;1382;0.0;0.0
2122;1015SP;1015SP;23;100.0;95.65;100;83;G4;1255;0.0;0.0
2124;1015SR;1015SR;25;100.0;100.0;100;100;G4;1031;0.0;0.0
2126;1015ST;1015ST;32;100.0;93.75;100;94;G4;1478;0.0;0.0
2128;1015SV;1015SV;34;100.0;94.12;100;94;G4;1132;0.0;5.88
2130;1015SW;1015SW;21;100.0;100.0;100;100;G4;1224;0.0;4.76
2132;1015SX;1015SX;33;100.0;100.0;100;94;G4;1112;0.0;0.0
2134;1015SZ;1015SZ;18;100.0;88.89;100;94;G4;1977;0.0;0.0
2136;1015TA;1015TA;26;100.0;96.15;100;92;G4;1353;0.0;3.85
2138;1015TB;1015TB;28;100.0;92.86;100;100;G4;1209;0.0;10.71
2140;1015TC;1015TC;16;100.0;100.0;100;94;G4;1590;0.0;18.75
2142;1015TD;1015TD;18;100.0;100.0;100;100;G4;1111;0.0;5.56
2144;1015TE;1015TE;30;100.0;100.0;100;100;G4;933;0.0;0.0
2146;1015TH;1015TH;17;100.0;100.0;100;94;G4;938;0.0;0.0
2148;1015TJ;1015TJ;22;100.0;95.45;100;82;G4;1819;0.0;0.0
2150;1015TK;1015TK;13;100.0;84.62;100;69;G4;2005;0.0;15.38
2152;1015TL;1015TL;27;100.0;92.59;100;85;G4;1836;0.0;7.41
2154;1015TM;1015TM;24;100.0;95.83;100;63;G4;2066;0.0;0.0
2156;1015TN;1015TP;34;100.0;100.0;100;85;G4;2215;0.0;11.76
2158;1015TR;1015TR;11;100.0;90.91;100;100;G4;1624;0.0;63.64
2160;1015TS;1015TS;12;100.0;83.33;100;75;G4;2372;0.0;41.67
2162;1015TT;1015TT;18;100.0;100.0;100;94;G4;1505;0.0;16.67
2164;1015TV;1015TV;53;100.0;96.23;100;92;G4;1249;0.0;0.0
2166;1015TW;1015TW;21;100.0;100.0;100;100;G4;1111;0.0;0.0
2168;1015TX;1015TX;15;100.0;100.0;100;100;G4;1015;0.0;0.0
2170;1015TZ;1015VA;23;100.0;95.65;100;100;G4;951;0.0;0.0
2172;1015VB;1015VB;27;100.0;100.0;100;100;G4;1018;0.0;0.0
2174;1015VC;1015VC;24;100.0;95.83;100;100;G4;771;0.0;0.0
2176;1015VD;1015VD;21;100.0;95.24;100;95;G4;1324;0.0;0.0
2178;1015VE;1015VE;19;100.0;100.0;100;100;G4;664;0.0;0.0
2180;1015VG;1015VG;29;100.0;93.1;100;93;G4;975;0.0;0.0
2182;1015VH;1015VH;23;100.0;100.0;100;100;G4;827;0.0;0.0
2184;1015VJ;1015VJ;21;100.0;95.24;100;95;G4;651;0.0;0.0
2186;1015VK;1015VK;24;100.0;100.0;100;100;G4;739;0.0;0.0
2188;1015VL;1015VL;20;100.0;100.0;100;100;G4;848;0.0;0.0
2190;1015VM;1015VM;33;100.0;96.97;100;97;G4;795;0.0;0.0
2192;1015VN;1015VN;30;100.0;100.0;100;100;G4;813;0.0;3.33
2194;1015VP;1015VP;21;100.0;100.0;100;100;G4;879;0.0;0.0
2196;1015VR;1015VR;21;100.0;100.0;100;100;G4;843;0.0;0.0
2198;1015VS;1015VS;32;100.0;100.0;100;100;G4;920;0.0;0.0
2200;1015VT;1015VT;23;100.0;95.65;100;96;G4;851;0.0;0.0
2202;1015VV;1015VV;31;100.0;96.77;100;100;G4;583;0.0;9.68
2204;1015VW;1015VW;23;100.0;100.0;100;100;G4;787;0.0;0.0
2206;1015VX;1015VX;39;100.0;82.05;100;85;G4;807;0.0;0.0
2208;1015VZ;1015VZ;29;100.0;100.0;100;93;G4;815;0.0;0.0
2210;1015WB;1015WB;24;100.0;95.83;100;100;G4;285;0.0;0.0
2212;1015WC;1015WC;24;100.0;95.83;100;100;G4;358;0.0;0.0
2214;1015WD;1015WD;24;100.0;100.0;100;100;G4;306;0.0;0.0
2216;1015WE;1015WE;51;100.0;80.39;100;84;G4;688;0.0;1.96
2218;1015WG;1015WG;29;100.0;100.0;100;100;G4;622;0.0;0.0
2220;1015WH;1015WH;29;100.0;68.97;100;97;G4;770;0.0;34.48
2222;1015WJ;1015WJ;28;100.0;100.0;100;100;G4;705;0.0;28.57
2224;1015WK;1015WK;28;100.0;96.43;100;93;G4;2055;0.0;0.0
2226;1015WL;1015WL;13;100.0;100.0;100;85;G4;1915;0.0;38.46
2228;1015WN;1015WN;16;100.0;100.0;100;94;G4;842;0.0;0.0
2230;1015WP;1015WP;16;100.0;100.0;100;100;G4;633;0.0;6.25
2232;1015WR;1015WR;16;100.0;100.0;100;100;G4;460;0.0;0.0
2234;1015WS;1015WS;16;100.0;100.0;100;100;G4;513;0.0;0.0
2236;1015WT;1015WT;24;100.0;91.67;100;100;G4;491;0.0;0.0
2238;1015WV;1015WV;23;100.0;95.65;100;100;G4;485;0.0;0.0
2240;1015WX;1015WX;24;100.0;95.83;100;100;G4;541;0.0;0.0
2242;1015WZ;1015WZ;34;100.0;94.12;100;94;G4;940;0.0;2.94
2244;1015XA;1015XA;24;100.0;100.0;100;100;G4;394;0.0;33.33
2246;1015XB;1015XB;24;100.0;100.0;100;100;G4;276;0.0;0.0
2248;1015XC;1015XC;24;100.0;95.83;100;100;G4;379;0.0;0.0
2250;1015XD;1015XD;44;100.0;75.0;100;93;G4;559;0.0;0.0
2252;1015XE;1015XE;30;100.0;100.0;100;100;G4;663;0.0;26.67
2254;1015XH;1015XH;15;100.0;100.0;100;100;G4;1385;0.0;20.0
2256;1015XJ;1015XJ;35;100.0;100.0;100;100;G4;737;0.0;0.0
2258;1015XK;1015XK;48;100.0;100.0;100;98;G4;683;0.0;2.08
2260;1015XL;1015XL;12;100.0;100.0;100;100;G4;1284;0.0;16.67
2262;1015XM;1015XM;36;100.0;100.0;100;97;G4;1090;0.0;11.11
2264;1015XN;1015XN;32;100.0;100.0;100;100;G4;1036;0.0;0.0
2266;1015XP;1015XP;35;100.0;97.14;100;91;G4;1100;0.0;0.0
2268;1015XR;1015XR;43;100.0;55.81;100;98;G4;1073;0.0;44.19
2270;1015XS;1015XS;29;100.0;100.0;100;97;G4;927;0.0;24.14
2272;1015XT;1015XT;31;100.0;100.0;100;100;G4;1024;0.0;25.81
2274;1015XV;1015XV;28;100.0;100.0;100;96;G4;1190;0.0;0.0
2276;1015XW;1015XW;29;100.0;100.0;100;100;G4;983;0.0;0.0
2278;1015XX;1015XX;27;100.0;96.3;100;93;G4;1047;0.0;3.7
2280;1015XZ;1015ZB;12;100.0;100.0;100;100;G4;1125;0.0;0.0
2282;1015ZC;1015ZD;18;100.0;100.0;100;100;G4;1090;0.0;0.0
2284;1015ZE;1015ZE;35;100.0;85.71;100;100;G4;2361;0.0;14.29
2286;1015ZG;1015ZG;27;100.0;74.07;100;74;G4;1222;0.0;3.7
2288;1015ZH;1015ZH;41;100.0;63.41;100;100;G4;1082;0.0;19.51
2290;1015ZJ;1015ZJ;31;100.0;51.61;100;100;G4;961;0.0;25.81
2292;1015ZK;1015ZK;31;100.0;96.77;100;94;G4;1302;0.0;0.0
2294;1015ZL;1015ZL;26;100.0;80.77;100;96;G4;1988;0.0;0.0
2296;1015ZN;1015ZN;45;100.0;100.0;100;100;G4;724;0.0;0.0
2298;1015ZP;1015ZP;12;100.0;83.33;100;92;G4;1467;0.0;0.0
2300;1015ZR;1015ZR;11;100.0;100.0;100;91;G4;1747;0.0;0.0
2302;1016AA;1016AA;63;100.0;98.41;100;92;G4;1515;0.0;1.59
2304;1016AB;1016AB;14;100.0;92.86;100;57;G4;3942;0.0;14.29
2306;1016AC;1016AC;17;100.0;100.0;100;65;G4;3402;0.0;0.0
2308;1016AD;1016AD;45;100.0;100.0;100;91;G4;1331;0.0;2.22
2310;1016AE;1016AE;28;100.0;100.0;100;75;G4;3456;0.0;60.71
2312;1016AG;1016AG;14;100.0;100.0;100;79;G4;2070;0.0;64.29
2314;1016AH;1016AH;21;100.0;85.71;100;52;G4;2608;0.0;14.29
2316;1016AJ;1016AK;36;100.0;100.0;100;64;G4;2019;0.0;27.78
2319;1016AL;1016AL;25;100.0;92.0;100;96;G4;1181;0.0;40.0
2321;1016AM;1016AM;10;100.0;100.0;100;90;G4;1083;0.0;0.0
2323;1016AN;1016AN;19;100.0;84.21;100;89;G4;1889;0.0;10.53
2325;1016AP;1016AR;30;100.0;100.0;100;87;G4;1127;0.0;6.67
2327;1016AS;1016AS;17;100.0;88.24;100;94;G4;958;0.0;11.76
2329;1016AT;1016AW;22;100.0;95.45;100;82;G4;2480;0.0;0.0
2331;1016AX;1016BC;31;100.0;90.32;100;74;G4;2199;0.0;19.35
2333;1016BD;1016BD;11;100.0;100.0;100;91;G4;2524;0.0;9.09
2335;1016BE;1016BE;49;100.0;100.0;100;86;G4;2648;0.0;0.0
2337;1016BG;1016BG;20;100.0;90.0;100;80;G4;3444;0.0;0.0
2339;1016BH;1016BH;25;100.0;96.0;100;68;G4;2213;0.0;32.0
2341;1016BJ;1016BJ;28;100.0;100.0;100;79;G4;1881;0.0;0.0
2343;1016BK;1016BK;13;100.0;84.62;100;62;G4;1791;0.0;7.69
2345;1016BL;1016BL;13;100.0;100.0;100;77;G4;2499;0.0;0.0
2347;1016BM;1016BM;21;100.0;90.48;100;81;G4;1592;0.0;4.76
2349;1016BN;1016BN;13;100.0;100.0;100;54;G4;3516;0.0;0.0
2351;1016BP;1016BS;31;100.0;90.32;100;65;G4;5274;0.0;3.23
2353;1016BT;1016BT;26;100.0;92.31;100;77;G4;2861;0.0;3.85
2355;1016BV;1016BV;21;100.0;95.24;100;86;G4;2599;0.0;4.76
2357;1016BW;1016BX;20;100.0;100.0;100;45;G4;4694;0.0;0.0
2360;1016BZ;1016BZ;25;100.0;100.0;100;80;G4;1755;0.0;0.0
2362;1016CA;1016CA;25;100.0;100.0;100;88;G4;1366;0.0;0.0
2364;1016CB;1016CB;22;100.0;100.0;100;91;G4;1875;0.0;36.36
2366;1016CC;1016CC;18;100.0;100.0;100;89;G4;1990;0.0;16.67
2368;1016CD;1016CD;28;100.0;96.43;100;79;G4;1608;0.0;0.0
2370;1016CE;1016CE;28;100.0;89.29;100;82;G4;2166;0.0;0.0
2372;1016CG;1016CG;20;100.0;100.0;100;65;G4;4004;0.0;0.0
2374;1016CH;1016CH;10;100.0;90.0;100;60;G4;6840;0.0;0.0
2376;1016CJ;1016CJ;24;100.0;100.0;100;79;G4;3853;0.0;4.17
2378;1016CK;1016CK;16;100.0;100.0;100;50;G4;2923;0.0;12.5
2380;1016CL;1016CR;69;100.0;98.55;100;62;G4;2866;0.0;2.9
2384;1016CS;1016CS;17;100.0;100.0;100;82;G4;1688;0.0;5.88
2386;1016CT;1016CT;16;100.0;100.0;100;63;G4;2669;0.0;6.25
2388;1016CW;1016CW;26;100.0;69.23;100;88;G4;2609;0.0;30.77
2390;1016CX;1016CX;27;100.0;100.0;100;74;G4;1531;0.0;0.0
2392;1016CZ;1016CZ;18;100.0;94.44;100;83;G4;1479;0.0;22.22
2394;1016DA;1016DA;19;100.0;100.0;100;68;G4;2055;0.0;0.0
2396;1016DB;1016DC;21;100.0;95.24;100;48;G4;3500;0.0;28.57
2399;1016DD;1016DD;10;100.0;90.0;100;40;G6;5207;0.0;0.0
2401;1016DE;1016DE;11;100.0;90.91;100;64;G4;3315;0.0;27.27
2403;1016DG;1016DG;22;100.0;95.45;100;73;G4;3379;0.0;0.0
2405;1016DH;1016DH;27;100.0;88.89;100;85;G4;1326;0.0;3.7
2407;1016DJ;1016DJ;22;100.0;95.45;100;82;G4;2638;0.0;0.0
2409;1016DK;1016DM;50;100.0;94.0;100;86;G4;1853;0.0;2.0
2412;1016DN;1016DN;37;100.0;94.59;100;95;G4;1356;0.0;10.81
2414;1016DP;1016DP;13;100.0;100.0;100;54;G4;4466;0.0;15.38
2416;1016DR;1016DT;26;100.0;96.15;100;58;G4;5631;0.0;7.69
2420;1016DV;1016DV;21;100.0;95.24;100;81;G4;2748;0.0;4.76
2422;1016DW;1016DW;29;100.0;96.55;100;76;G4;3143;0.0;0.0
2424;1016DX;1016DX;19;100.0;100.0;100;79;G4;2301;0.0;0.0
2426;1016DZ;1016EA;20;100.0;90.0;100;70;G4;4047;0.0;5.0
2429;1016EB;1016EB;20;100.0;95.0;100;85;G4;2586;0.0;5.0
2431;1016EC;1016EC;21;100.0;100.0;100;86;G4;4172;0.0;0.0
2433;1016ED;1016EE;14;100.0;100.0;100;36;G4;5935;0.0;0.0
2435;1016EG;1016EG;18;100.0;100.0;100;89;G4;1996;0.0;0.0
2437;1016EH;1016EH;17;100.0;100.0;100;88;G4;1729;0.0;0.0
2439;1016EJ;1016EJ;54;100.0;98.15;100;81;G4;2683;0.0;7.41
2441;1016EK;1016EK;16;100.0;100.0;100;75;G4;3391;0.0;6.25
2443;1016EL;1016EM;30;100.0;100.0;100;60;G4;2052;0.0;0.0
2445;1016EN;1016EN;16;100.0;100.0;100;75;G4;1653;0.0;37.5
2447;1016EP;1016EP;31;100.0;93.55;100;74;G4;1829;0.0;0.0
2449;1016ER;1016ER;36;100.0;97.22;100;83;G4;1362;0.0;0.0
2451;1016ES;1016ES;23;100.0;100.0;100;74;G4;1471;0.0;0.0
2453;1016ET;1016ET;14;100.0;100.0;100;93;G4;1112;0.0;0.0
2455;1016EV;1016EV;53;100.0;94.34;100;79;G4;2585;0.0;0.0
2457;1016EW;1016EW;32;100.0;100.0;100;59;G4;3524;0.0;0.0
2459;1016EX;1016EX;18;100.0;66.67;100;72;G4;2965;0.0;5.56
2461;1016EZ;1016EZ;13;100.0;92.31;100;46;G6;4316;0.0;0.0
2463;1016GA;1016GA;20;100.0;95.0;100;70;G4;3184;0.0;10.0
2465;1016GB;1016GB;10;100.0;100.0;100;70;G4;3767;0.0;10.0
2467;1016GC;1016GC;28;100.0;89.29;100;50;G4;2600;0.0;7.14
2469;1016GD;1016GD;44;100.0;97.73;100;91;G4;2790;0.0;6.82
2471;1016GE;1016GE;12;100.0;91.67;100;67;G4;2278;0.0;0.0
2473;1016GG;1016GG;33;100.0;100.0;100;91;G4;1096;0.0;3.03
2475;1016GH;1016GH;40;100.0;85.0;100;85;G4;1330;0.0;2.5
2477;1016GJ;1016GJ;39;100.0;100.0;100;79;G4;1585;0.0;0.0
2479;1016GK;1016GK;39;100.0;87.18;100;92;G4;1249;0.0;0.0
2481;1016GL;1016GL;16;100.0;87.5;100;69;G4;2491;0.0;0.0
2483;1016GM;1016GM;14;100.0;100.0;100;64;G4;3358;0.0;7.14
2485;1016GN;1016GN;11;100.0;100.0;100;45;G4;3136;0.0;0.0
2487;1016GP;1016GR;21;100.0;100.0;100;67;G4;2230;0.0;0.0
2489;1016GS;1016GT;16;100.0;87.5;100;63;G4;2836;0.0;25.0
2491;1016GV;1016GV;12;100.0;100.0;100;58;G4;3486;0.0;0.0
2493;1016GW;1016GW;21;100.0;95.24;100;81;G4;4504;0.0;0.0
2495;1016GX;1016GX;42;100.0;100.0;100;95;G4;1434;0.0;0.0
2497;1016GZ;1016HA;24;100.0;100.0;100;71;G4;2554;0.0;8.33
2499;1016HB;1016HB;13;100.0;92.31;100;85;G4;1768;0.0;23.08
2501;1016HC;1016HC;20;100.0;95.0;100;80;G4;1412;0.0;0.0
2503;1016HD;1016HD;43;100.0;100.0;100;93;G4;1007;0.0;2.33
2505;1016HE;1016HE;33;100.0;100.0;100;91;G4;1183;0.0;0.0
2507;1016HG;1016HG;23;100.0;100.0;100;87;G4;1583;0.0;8.7
2509;1016HH;1016HH;15;100.0;100.0;100;67;G4;1733;0.0;0.0
2511;1016HJ;1016HJ;33;100.0;93.94;100;94;G4;1639;0.0;6.06
2513;1016HK;1016HK;61;100.0;100.0;100;98;G4;1127;0.0;4.92
2515;1016HL;1016HL;31;100.0;100.0;100;94;G4;2935;0.0;3.23
2517;1016HM;1016HM;58;100.0;96.55;100;86;G4;1684;0.0;6.9
2519;1016HN;1016HN;21;100.0;95.24;100;71;G4;1608;0.0;0.0
2521;1016HP;1016HP;67;100.0;88.06;100;88;G4;1663;0.0;0.0
2523;1016HR;1016HR;35;100.0;97.14;100;77;G4;1878;0.0;0.0
2525;1016HS;1016HS;22;100.0;100.0;100;77;G4;1810;0.0;0.0
2527;1016HT;1016HT;22;100.0;100.0;100;55;G4;3610;0.0;0.0
2529;1016HV;1016HV;42;100.0;97.62;100;86;G4;2659;0.0;2.38
2531;1016HW;1016HW;23;100.0;100.0;100;96;G4;1347;0.0;0.0
2533;1016HX;1016HX;35;100.0;100.0;100;97;G4;2156;0.0;2.86
2535;1016HZ;1016HZ;27;100.0;100.0;100;96;G4;1407;0.0;0.0
2537;1016JA;1016JA;43;100.0;97.67;100;95;G4;1348;0.0;0.0
2539;1016JB;1016JB;22;100.0;100.0;100;86;G4;1539;0.0;0.0
2541;1016JC;1016JC;24;100.0;100.0;100;92;G4;1552;0.0;4.17
2543;1016KA;1016KA;10;100.0;80.0;100;90;G4;1357;0.0;0.0
2545;1016KB;1016KB;11;100.0;100.0;100;64;G4;2747;0.0;0.0
2547;1016KC;1016KC;11;100.0;100.0;100;91;G4;995;0.0;36.36
2549;1016KD;1016KD;21;100.0;95.24;100;90;G4;3132;0.0;0.0
2551;1016KE;1016KE;19;100.0;100.0;100;84;G4;1588;0.0;0.0
2553;1016KG;1016KG;42;100.0;88.1;100;79;G4;2060;0.0;30.95
2555;1016KH;1016KH;23;100.0;95.65;100;52;G6;1696;0.0;4.35
2557;1016KJ;1016KJ;16;100.0;93.75;100;100;G4;1645;0.0;0.0
2559;1016KK;1016KK;18;100.0;100.0;100;94;G4;1665;0.0;0.0
2561;1016KL;1016KL;18;100.0;94.44;100;89;G4;2236;0.0;0.0
2563;1016KM;1016KN;16;100.0;100.0;100;88;G4;1694;0.0;0.0
2565;1016KP;1016KP;34;100.0;100.0;100;88;G4;1493;0.0;0.0
2567;1016KR;1016KR;18;100.0;100.0;100;89;G4;1521;0.0;5.56
2569;1016KS;1016KS;17;100.0;100.0;100;100;G4;1184;0.0;0.0
2571;1016KT;1016KT;49;100.0;89.8;100;92;G4;1303;0.0;2.04
2573;1016KV;1016KV;46;100.0;89.13;100;85;G4;1437;0.0;0.0
2575;1016KW;1016KW;38;100.0;97.37;100;97;G4;1948;0.0;7.89
2577;1016KX;1016KX;23;100.0;95.65;100;96;G4;1316;0.0;13.04
2579;1016KZ;1016KZ;44;100.0;100.0;100;95;G4;1424;0.0;81.82
2581;1016LA;1016LA;33;100.0;100.0;100;91;G4;1513;0.0;87.88
2583;1016LB;1016LB;25;100.0;100.0;100;100;G4;924;0.0;0.0
2585;1016LC;1016LC;25;100.0;84.0;100;88;G4;1374;0.0;0.0
2587;1016LD;1016LD;23;100.0;100.0;100;100;G4;1251;0.0;0.0
2589;1016LE;1016LE;19;100.0;89.47;100;100;G4;1067;0.0;0.0
2591;1016LG;1016LG;22;100.0;100.0;100;91;G4;1042;0.0;18.18
2593;1016LH;1016LH;23;100.0;100.0;100;100;G4;993;0.0;78.26
2595;1016LJ;1016LJ;27;100.0;96.3;100;96;G4;1636;0.0;66.67
2597;1016LK;1016LK;47;100.0;100.0;100;100;G4;875;0.0;78.72
2599;1016LL;1016LL;19;100.0;100.0;100;100;G4;1497;0.0;73.68
2601;1016LM;1016LM;26;100.0;96.15;100;100;G4;1081;0.0;88.46
2603;1016LN;1016LN;28;100.0;96.43;100;100;G4;983;0.0;64.29
2605;1016LP;1016LP;30;100.0;100.0;100;87;G4;1389;0.0;3.33
2607;1016LR;1016LR;38;100.0;94.74;100;92;G4;957;0.0;7.89
2609;1016LS;1016LS;21;100.0;100.0;100;90;G4;1502;0.0;0.0
2611;1016LT;1016LT;51;100.0;82.35;100;98;G4;1268;0.0;1.96
2613;1016LV;1016LV;42;100.0;100.0;100;98;G4;1680;0.0;0.0
2615;1016LW;1016LW;24;100.0;100.0;100;100;G4;987;0.0;0.0
2617;1016LX;1016LX;12;100.0;100.0;100;100;G4;1027;0.0;0.0
2619;1016LZ;1016LZ;23;100.0;95.65;100;74;G4;2191;0.0;21.74
2621;1016MA;1016MA;25;100.0;100.0;100;100;G4;22;0.0;0.0
2623;1016MB;1016MB;25;100.0;100.0;100;100;G4;24;0.0;4.0
2625;1016MC;1016MC;24;100.0;95.83;100;96;G4;90;0.0;0.0
2627;1016NA;1016NA;25;100.0;96.0;100;88;G4;1962;0.0;16.0
2629;1016NB;1016NB;31;100.0;96.77;100;97;G4;1135;0.0;3.23
2631;1016NC;1016NC;26;100.0;96.15;100;73;G4;1301;0.0;0.0
2633;1016ND;1016ND;31;100.0;100.0;100;87;G4;1549;0.0;0.0
2635;1016NE;1016NE;22;100.0;100.0;100;86;G4;2313;0.0;36.36
2637;1016NG;1016NG;14;100.0;100.0;100;71;G4;2190;0.0;7.14
2639;1016NH;1016NH;19;100.0;84.21;100;68;G4;3872;0.0;0.0
2641;1016NJ;1016NJ;20;100.0;100.0;100;90;G4;3095;0.0;0.0
2643;1016NK;1016NK;40;100.0;100.0;100;93;G4;1477;0.0;2.5
2645;1016NL;1016NL;25;100.0;96.0;100;92;G4;1425;0.0;0.0
2647;1016NM;1016NM;18;100.0;100.0;100;94;G4;1597;0.0;0.0
2649;1016NN;1016NN;55;100.0;100.0;100;98;G4;897;0.0;12.73
2651;1016NP;1016NP;30;100.0;100.0;100;100;G4;1140;0.0;0.0
2653;1016NR;1016NR;16;100.0;93.75;100;94;G4;1687;0.0;0.0
2655;1016NS;1016NS;14;100.0;100.0;100;100;G4;1068;0.0;7.14
2657;1016NT;1016NT;20;100.0;100.0;100;100;G4;3559;0.0;0.0
2659;1016NV;1016NV;21;100.0;100.0;100;100;G4;926;0.0;0.0
2661;1016NX;1016NX;83;100.0;85.54;100;94;G4;1408;0.0;0.0
2663;1016NZ;1016NZ;38;100.0;100.0;100;97;G4;1080;0.0;0.0
2665;1016PA;1016PA;56;100.0;96.43;100;95;G4;1099;0.0;1.79
2667;1016PB;1016PB;21;100.0;100.0;100;95;G4;1047;0.0;0.0
2669;1016PC;1016PC;37;100.0;97.3;100;92;G4;1605;0.0;0.0
2671;1016PD;1016PD;10;100.0;100.0;100;90;G4;1220;0.0;0.0
2673;1016PE;1016PE;16;100.0;81.25;100;88;G4;1184;0.0;0.0
2675;1016PG;1016PG;32;100.0;96.88;100;100;G4;1189;0.0;28.13
2677;1016PH;1016PH;25;100.0;100.0;100;100;G4;1206;0.0;0.0
2679;1016PJ;1016PJ;54;100.0;100.0;100;100;G4;983;0.0;0.0
2681;1016PK;1016PK;28;100.0;100.0;100;96;G4;855;0.0;0.0
2683;1016PL;1016PL;68;100.0;97.06;100;96;G4;1033;0.0;11.76
2685;1016PM;1016PM;31;100.0;100.0;100;97;G4;985;0.0;16.13
2687;1016PN;1016PN;44;100.0;90.91;100;95;G4;1152;0.0;22.73
2689;1016PR;1016PR;31;100.0;100.0;100;100;G4;1118;0.0;0.0
2691;1016PS;1016PS;23;100.0;86.96;100;87;G4;1374;0.0;13.04
2693;1016PT;1016PT;46;100.0;95.65;100;98;G4;1024;0.0;2.17
2695;1016PV;1016PV;22;100.0;100.0;100;100;G4;1015;0.0;0.0
2697;1016PW;1016PW;26;100.0;92.31;100;96;G4;1049;0.0;3.85
2699;1016PZ;1016PZ;16;100.0;87.5;100;88;G4;1521;0.0;0.0
2701;1016RA;1016RA;32;100.0;93.75;100;94;G4;1345;0.0;9.38
2703;1016RB;1016RB;34;100.0;82.35;100;97;G4;1097;0.0;11.76
2705;1016RC;1016RC;13;100.0;100.0;100;100;G4;2032;0.0;0.0
2707;1016RD;1016RD;14;100.0;78.57;100;100;G4;1345;0.0;42.86
2709;1016RE;1016RE;15;100.0;100.0;100;87;G4;1856;0.0;0.0
2711;1016RG;1016RG;49;100.0;100.0;100;96;G4;2124;0.0;2.04
2713;1016RH;1016RH;13;100.0;100.0;100;92;G4;1645;0.0;38.46
2715;1016RJ;1016RJ;50;100.0;98.0;100;86;G4;2042;0.0;0.0
2717;1016RK;1016RK;20;100.0;95.0;100;95;G4;1268;0.0;0.0
2719;1016RL;1016RL;47;100.0;80.85;100;94;G4;1537;0.0;25.53
2721;1016RM;1016RM;32;100.0;100.0;100;91;G4;1249;0.0;9.38
2723;1016RN;1016RN;14;100.0;92.86;100;86;G4;1696;0.0;7.14
2725;1016RP;1016RP;18;100.0;100.0;100;94;G4;1494;0.0;22.22
2727;1016RR;1016RR;47;100.0;80.85;100;91;G4;1507;0.0;23.4
2729;1016RS;1016RS;11;100.0;100.0;100;100;G4;1547;0.0;45.45
2731;1016RT;1016RT;23;100.0;100.0;100;83;G4;1951;0.0;34.78
2733;1016RV;1016RV;33;100.0;96.97;100;91;G4;1177;0.0;39.39
2735;1016RW;1016RW;28;100.0;96.43;100;89;G4;1070;0.0;3.57
2737;1016RX;1016RX;24;100.0;95.83;100;83;G4;2338;0.0;0.0
2739;1016RZ;1016RZ;24;100.0;95.83;100;88;G4;1303;0.0;0.0
2741;1016SB;1016SB;24;100.0;100.0;100;100;G4;705;0.0;0.0
2743;1016SC;1016SC;16;100.0;100.0;100;100;G4;873;0.0;0.0
2745;1016SG;1016SG;46;100.0;91.3;100;87;G4;2978;0.0;2.17
2747;1016SH;1016SH;43;100.0;100.0;100;100;G4;922;0.0;0.0
2749;1016SJ;1016SJ;28;100.0;100.0;100;89;G4;1588;0.0;0.0
2751;1016SK;1016SK;26;100.0;100.0;100;100;G4;988;0.0;0.0
2753;1016SL;1016SM;34;100.0;97.06;100;88;G4;1989;0.0;2.94
2756;1016SN;1016SN;16;100.0;100.0;100;81;G4;1153;0.0;12.5
2758;1016SP;1016SP;24;100.0;100.0;100;92;G4;1286;0.0;0.0
2760;1016SR;1016SR;25;100.0;92.0;100;96;G4;1538;0.0;0.0
2762;1016ST;1016ST;24;100.0;95.83;100;83;G4;1846;0.0;0.0
2764;1016SV;1016SX;37;100.0;100.0;100;81;G4;1799;0.0;2.7
2766;1016SZ;1016SZ;36;100.0;86.11;100;78;G4;1228;0.0;2.78
2768;1016TA;1016TA;48;100.0;100.0;100;90;G4;1147;0.0;14.58
2770;1016TB;1016TB;29;100.0;100.0;100;97;G4;1251;0.0;0.0
2772;1016TC;1016TC;21;100.0;100.0;100;90;G4;1271;0.0;19.05
2774;1016TD;1016TD;23;100.0;65.22;100;78;G4;1541;0.0;21.74
2776;1016TE;1016TE;25;100.0;96.0;100;96;G4;2336;0.0;0.0
2778;1016TG;1016TG;15;100.0;100.0;100;100;G4;1057;0.0;6.67
2780;1016TH;1016TH;15;100.0;100.0;100;93;G4;1263;0.0;0.0
2782;1016TJ;1016TJ;24;100.0;83.33;100;96;G4;1245;0.0;0.0
2784;1016TK;1016TK;26;100.0;100.0;100;96;G4;829;0.0;0.0
2786;1016TL;1016TL;18;100.0;94.44;100;89;G4;11923;0.0;0.0
2788;1016TM;1016TM;43;100.0;81.4;100;77;G4;2083;0.0;4.65
2790;1016TN;1016TN;45;100.0;77.78;100;91;G4;1164;0.0;17.78
2792;1016TP;1016TP;22;100.0;90.91;100;91;G4;843;0.0;0.0
2794;1016TR;1016TR;47;100.0;91.49;100;100;G4;597;0.0;0.0
2796;1016TS;1016TS;31;100.0;74.19;100;61;G4;914;0.0;3.23
2798;1016TT;1016TT;12;100.0;100.0;100;83;G4;2052;0.0;0.0
2800;1016TV;1016TV;24;100.0;95.83;100;92;G4;1569;0.0;0.0
2802;1016TW;1016TW;29;100.0;100.0;100;97;G4;1156;0.0;3.45
2804;1016TX;1016TX;23;100.0;86.96;100;83;G4;2035;0.0;26.09
2806;1016TZ;1016TZ;18;100.0;88.89;100;94;G4;1411;0.0;22.22
2808;1016VA;1016VA;17;100.0;94.12;100;100;G4;1393;0.0;0.0
2810;1016VB;1016VB;43;100.0;97.67;100;91;G4;1205;0.0;9.3
2812;1016VC;1016VC;19;100.0;89.47;100;84;G4;1573;0.0;15.79
2814;1016VD;1016VD;31;100.0;96.77;100;94;G4;1897;0.0;0.0
2816;1016VE;1016VE;22;100.0;100.0;100;95;G4;1542;0.0;0.0
2818;1016VG;1016VG;36;100.0;97.22;100;100;G4;1053;0.0;0.0
2820;1016VH;1016VH;39;100.0;100.0;100;100;G4;1027;0.0;0.0
2822;1016VJ;1016VJ;40;100.0;87.5;100;95;G4;1159;0.0;0.0
2824;1016VK;1016VK;41;100.0;97.56;100;95;G4;874;0.0;0.0
2826;1016VL;1016VL;38;100.0;97.37;100;95;G4;1203;0.0;0.0
2828;1016VM;1016VM;27;100.0;92.59;100;89;G4;1294;0.0;3.7
2830;1016VN;1016VN;21;100.0;100.0;100;95;G4;1060;0.0;0.0
2832;1016VP;1016VP;18;100.0;100.0;100;100;G4;1029;0.0;0.0
2834;1016VR;1016VR;61;100.0;95.08;100;95;G4;1486;0.0;0.0
2836;1016VS;1016VS;33;100.0;90.91;100;79;G4;1753;0.0;9.09
2838;1016VT;1016VT;71;100.0;98.59;100;92;G4;1336;0.0;0.0
2840;1016VV;1016VV;70;100.0;100.0;100;99;G4;878;0.0;7.14
2842;1016VW;1016VW;23;100.0;95.65;100;96;G4;1164;0.0;65.22
2844;1016VX;1016VX;50;100.0;96.0;100;88;G4;1321;0.0;26.0
2846;1016VZ;1016VZ;19;100.0;100.0;100;100;G4;743;0.0;0.0
2848;1016WB;1016WB;11;100.0;100.0;100;100;G4;1082;0.0;0.0
2850;1016WC;1016WC;27;100.0;100.0;100;100;G4;1012;0.0;0.0
2852;1016XA;1016XA;67;100.0;95.52;100;97;G4;1038;0.0;1.49
2854;1016XB;1016XB;48;100.0;97.92;100;94;G4;1278;0.0;4.17
2856;1016XC;1016XC;23;100.0;95.65;100;91;G4;1322;0.0;0.0
2858;1016XD;1016XD;73;100.0;97.26;100;97;G4;1053;0.0;2.74
2860;1016XE;1016XG;24;100.0;95.83;100;79;G4;2352;0.0;4.17
2862;1016XH;1016XH;46;100.0;100.0;100;80;G4;1538;0.0;4.35
2864;1016XJ;1016XJ;26;100.0;96.15;100;88;G4;1715;0.0;0.0
2866;1016XK;1016XK;24;100.0;100.0;100;96;G4;837;0.0;0.0
2868;1016XL;1016XL;27;100.0;100.0;100;81;G4;1208;0.0;0.0
2870;1016XM;1016XM;34;100.0;97.06;100;88;G4;1655;0.0;5.88
2872;1016XN;1016XN;13;100.0;100.0;100;100;G4;1309;0.0;0.0
2874;1016XP;1016XR;21;100.0;95.24;100;100;G4;1432;0.0;0.0
2876;1016XS;1016XS;89;100.0;94.38;100;100;G4;73;0.0;97.75
2878;1016XT;1016XT;81;100.0;96.3;100;100;G4;16;0.0;98.77
2880;1016XV;1016XV;18;100.0;100.0;100;89;G4;1665;0.0;11.11
2882;1016XW;1016XW;23;100.0;91.3;100;74;G4;1056;0.0;0.0
2884;1016XX;1016XX;21;100.0;95.24;100;86;G4;6877;0.0;19.05
2886;1016XZ;1016XZ;20;100.0;100.0;100;100;G4;817;0.0;0.0
2888;1016ZA;1016ZA;16;100.0;100.0;100;100;G4;792;0.0;0.0
2890;1016ZB;1016ZB;20;100.0;100.0;100;100;G4;1032;0.0;5.0
2892;1017AA;1017AA;29;100.0;100.0;100;86;G4;1703;0.0;3.45
2894;1017AB;1017AB;15;100.0;86.67;100;80;G4;2513;0.0;0.0
2896;1017AC;1017AC;14;100.0;92.86;100;43;G4;3930;0.0;0.0
2898;1017AD;1017AD;58;100.0;93.1;100;93;G4;1763;0.0;18.97
2900;1017AE;1017AE;12;100.0;100.0;100;83;G4;2366;0.0;0.0
2902;1017AG;1017AG;36;100.0;94.44;100;94;G4;1343;0.0;0.0
2904;1017AH;1017AH;10;100.0;100.0;100;50;G4;3397;0.0;0.0
2906;1017AJ;1017AJ;28;100.0;96.43;100;89;G4;3094;0.0;0.0
2908;1017AK;1017AK;26;100.0;96.15;100;81;G4;2043;0.0;0.0
2910;1017AL;1017AL;14;100.0;100.0;100;64;G4;2897;0.0;7.14
2912;1017AM;1017AM;17;100.0;88.24;100;65;G4;3422;0.0;5.88
2914;1017AN;1017AN;126;100.0;95.24;100;98;G4;1037;0.0;3.17
2916;1017AP;1017AP;22;100.0;90.91;100;95;G4;1412;0.0;0.0
2918;1017AR;1017AR;11;100.0;100.0;100;73;G6;1828;0.0;0.0
2920;1017AS;1017AS;13;100.0;92.31;100;69;G4;2186;0.0;0.0
2922;1017AV;1017AV;27;100.0;96.3;100;78;G4;4174;0.0;22.22
2924;1017AW;1017AW;20;100.0;85.0;100;50;G6;5066;0.0;5.0
2926;1017AX;1017AX;43;100.0;97.67;100;79;G4;2229;0.0;2.33
2928;1017AZ;1017AZ;16;100.0;93.75;100;94;G4;2642;0.0;0.0
2930;1017BA;1017BA;67;100.0;86.57;100;88;G4;1659;0.0;11.94
2932;1017BB;1017BB;12;100.0;91.67;100;58;G4;4646;0.0;33.33
2934;1017BC;1017BC;13;100.0;100.0;100;92;G4;1504;0.0;38.46
2936;1017BD;1017BE;15;100.0;80.0;100;100;G4;1864;0.0;6.67
2938;1017BG;1017BG;10;100.0;100.0;100;80;G4;1253;0.0;0.0
2940;1017BH;1017BH;11;100.0;100.0;100;73;G4;1556;0.0;0.0
2942;1017BJ;1017BJ;27;100.0;88.89;100;67;G4;2921;0.0;7.41
2944;1017BK;1017BK;38;100.0;97.37;100;82;G4;2549;0.0;0.0
2946;1017BL;1017BL;11;100.0;90.91;100;73;G4;3030;0.0;0.0
2948;1017BM;1017BM;24;100.0;91.67;100;54;G4;5497;0.0;16.67
2950;1017BN;1017BN;33;100.0;90.91;100;58;G4;3267;0.0;30.3
2952;1017BP;1017BP;19;100.0;100.0;100;74;G4;3743;0.0;0.0
2954;1017BR;1017BR;19;100.0;89.47;100;53;G4;4545;0.0;15.79
2956;1017BS;1017BS;20;100.0;100.0;100;85;G4;2514;0.0;0.0
2958;1017BT;1017BV;19;100.0;94.74;100;47;G16;7683;0.0;21.05
2960;1017BW;1017BW;18;100.0;88.89;100;50;G6;4486;0.0;27.78
2962;1017BX;1017BX;13;100.0;92.31;100;54;G4;2995;0.0;7.69
2964;1017BZ;1017BZ;18;100.0;100.0;100;61;G4;4747;0.0;0.0
2965;1017CA;1017CA;11;100.0;100.0;100;64;G16;14042;0.0;0.0
2967;1017CB;1017CC;35;100.0;100.0;100;66;G4;5560;0.0;34.29
2969;1017CD;1017CD;23;100.0;91.3;100;61;G4;4147;0.0;0.0
2971;1017CE;1017CE;14;100.0;92.86;100;36;G4;6767;0.0;7.14
2973;1017CG;1017CH;28;100.0;100.0;100;82;G4;2746;0.0;0.0
2975;1017CJ;1017CJ;23;100.0;91.3;100;65;G4;5249;0.0;0.0
2977;1017CK;1017CL;21;100.0;95.24;100;43;G4;7904;0.0;9.52
2979;1017CM;1017CM;18;100.0;55.56;100;72;G4;5120;0.0;5.56
2981;1017CN;1017CN;28;100.0;75.0;100;43;G4;6186;0.0;0.0
2983;1017CP;1017CR;28;100.0;100.0;100;75;G4;2504;0.0;10.71
2985;1017CS;1017CS;42;100.0;92.86;100;81;G4;2701;0.0;4.76
2987;1017CT;1017CT;13;100.0;100.0;100;31;G4;5556;0.0;0.0
2989;1017CV;1017CV;33;100.0;84.85;100;58;G4;6043;0.0;0.0
2991;1017CW;1017CW;14;100.0;92.86;100;93;G4;1373;0.0;0.0
2993;1017CX;1017CX;56;100.0;89.29;100;96;G4;1015;0.0;64.29
2995;1017CZ;1017CZ;14;100.0;85.71;100;71;G4;2649;0.0;0.0
2997;1017DA;1017DA;25;100.0;84.0;100;68;G4;2413;0.0;44.0
2999;1017DB;1017DC;15;100.0;100.0;100;80;G4;2465;0.0;0.0
3001;1017DD;1017DD;17;100.0;100.0;100;71;G4;2151;0.0;0.0
3003;1017DE;1017DE;20;100.0;100.0;100;75;G4;2048;0.0;15.0
3005;1017DG;1017DG;15;100.0;93.33;100;87;G4;3122;0.0;20.0
3007;1017DH;1017DH;17;100.0;88.24;100;76;G4;1289;0.0;0.0
3009;1017DJ;1017DJ;18;100.0;100.0;100;72;G4;3600;0.0;33.33
3011;1017DK;1017DK;27;100.0;92.59;100;67;G4;3396;0.0;0.0
3013;1017DL;1017DL;17;100.0;94.12;100;82;G4;3657;0.0;47.06
3015;1017DM;1017DM;40;100.0;100.0;100;93;G4;2149;0.0;2.5
3017;1017DN;1017DN;33;100.0;96.97;100;94;G4;1746;0.0;0.0
3019;1017DP;1017DP;19;100.0;100.0;100;79;G4;2413;0.0;15.79
3021;1017DR;1017DR;24;100.0;100.0;100;79;G4;3184;0.0;0.0
3023;1017DS;1017DS;27;100.0;92.59;100;74;G4;2410;0.0;11.11
3025;1017DT;1017DT;37;100.0;97.3;100;92;G4;1697;0.0;5.41
3027;1017DV;1017DV;11;100.0;90.91;100;82;G4;1740;0.0;27.27
3029;1017DW;1017DW;25;100.0;100.0;100;80;G4;2452;0.0;4.0
3031;1017DX;1017DX;28;100.0;85.71;100;86;G4;2981;0.0;0.0
3033;1017DZ;1017DZ;13;100.0;100.0;100;38;G4;5818;0.0;7.69
3035;1017EA;1017EA;19;100.0;100.0;100;84;G4;2501;0.0;0.0
3037;1017EB;1017EB;20;100.0;90.0;100;70;G4;2725;0.0;15.0
3039;1017EC;1017EC;12;100.0;75.0;100;42;G4;4479;0.0;16.67
3041;1017ED;1017ED;42;100.0;92.86;100;88;G4;1826;0.0;9.52
3043;1017EE;1017EE;18;100.0;94.44;100;78;G4;2091;0.0;5.56
3045;1017EG;1017EG;29;100.0;82.76;100;76;G4;3435;0.0;0.0
3047;1017EH;1017EH;13;100.0;84.62;100;46;G6;4870;0.0;0.0
3049;1017EJ;1017EJ;10;100.0;100.0;100;70;G4;3595;0.0;0.0
3051;1017EK;1017EK;25;100.0;100.0;100;56;G4;3185;0.0;0.0
3053;1017EL;1017EL;19;100.0;100.0;100;58;G4;3216;0.0;21.05
3055;1017EM;1017EM;15;100.0;100.0;100;60;G4;7825;0.0;0.0
3057;1017EN;1017EN;18;100.0;94.44;100;61;G4;3204;0.0;22.22
3059;1017EP;1017EP;11;100.0;100.0;100;64;G6;7877;0.0;9.09
3061;1017ER;1017ES;21;100.0;100.0;100;48;G4;6179;0.0;0.0
3064;1017ET;1017ET;25;100.0;100.0;100;68;G4;5185;0.0;4.0
3066;1017EV;1017EV;22;100.0;95.45;100;73;G4;4195;0.0;0.0
3068;1017EW;1017EW;50;100.0;98.0;100;78;G4;2085;0.0;2.0
3070;1017EX;1017EX;23;100.0;100.0;100;57;G4;3459;0.0;0.0
3072;1017EZ;1017EZ;15;100.0;86.67;100;67;G4;2071;0.0;0.0
3074;1017GA;1017GA;18;100.0;83.33;100;67;G4;3174;0.0;22.22
3076;1017GB;1017GB;18;100.0;88.89;100;72;G4;3490;0.0;0.0
3078;1017GC;1017GC;32;100.0;96.88;100;91;G4;2277;0.0;3.13
3080;1017GD;1017GD;34;100.0;100.0;100;85;G4;1984;0.0;0.0
3082;1017GE;1017GE;30;100.0;100.0;100;93;G4;1432;0.0;0.0
3084;1017GG;1017GG;22;100.0;90.91;100;91;G4;1243;0.0;13.64
3086;1017GH;1017GH;35;100.0;74.29;100;69;G4;1330;0.0;11.43
3088;1017GJ;1017GJ;29;100.0;100.0;100;86;G4;1748;0.0;0.0
3090;1017GK;1017GL;42;100.0;92.86;100;93;G4;1521;0.0;2.38
3093;1017GM;1017GM;21;100.0;95.24;100;81;G4;3356;0.0;0.0
3095;1017GN;1017GN;42;100.0;95.24;100;98;G4;1487;0.0;2.38
3097;1017GP;1017GP;45;100.0;93.33;100;91;G4;1242;0.0;0.0
3099;1017GR;1017GR;17;100.0;100.0;100;88;G4;5600;0.0;5.88
3101;1017GS;1017GS;14;100.0;100.0;100;100;G4;1387;0.0;21.43
3103;1017GT;1017GT;26;100.0;100.0;100;96;G4;1316;0.0;0.0
3105;1017GV;1017GV;21;100.0;90.48;100;95;G4;1549;0.0;14.29
3107;1017GW;1017GW;37;100.0;91.89;100;86;G4;1955;0.0;10.81
3109;1017GX;1017GX;15;100.0;93.33;100;93;G4;2045;0.0;0.0
3111;1017GZ;1017GZ;24;100.0;83.33;100;79;G4;1596;0.0;0.0
3113;1017HA;1017HA;39;100.0;92.31;100;87;G4;1709;0.0;0.0
3115;1017HB;1017HB;17;100.0;100.0;100;100;G4;1574;0.0;0.0
3117;1017HC;1017HC;30;100.0;100.0;100;93;G4;1274;0.0;0.0
3119;1017HD;1017HD;12;100.0;91.67;100;67;G4;2517;0.0;0.0
3121;1017HE;1017HG;27;100.0;96.3;100;81;G4;2643;0.0;22.22
3124;1017HH;1017HH;27;100.0;85.19;100;85;G4;1431;0.0;18.52
3126;1017HJ;1017HJ;34;100.0;97.06;100;94;G4;1505;0.0;0.0
3128;1017HK;1017HK;15;100.0;100.0;100;73;G4;4098;0.0;33.33
3130;1017HM;1017HM;18;100.0;100.0;100;61;G4;2400;0.0;38.89
3132;1017HN;1017HN;16;100.0;81.25;100;81;G4;2646;0.0;0.0
3134;1017HP;1017HP;28;100.0;75.0;100;82;G4;1674;0.0;10.71
3136;1017HR;1017HR;11;100.0;90.91;100;100;G4;1634;0.0;0.0
3138;1017HS;1017HV;45;100.0;100.0;100;89;G4;1554;0.0;6.67
3141;1017HW;1017HW;49;100.0;91.84;100;90;G4;1344;0.0;6.12
3143;1017HX;1017HX;53;100.0;98.11;100;98;G4;1405;0.0;5.66
3145;1017HZ;1017HZ;29;100.0;96.55;100;79;G4;1654;0.0;0.0
3147;1017JA;1017JA;37;100.0;97.3;100;97;G4;1231;0.0;5.41
3149;1017JB;1017JB;29;100.0;100.0;100;100;G4;1236;0.0;20.69
3151;1017JC;1017JC;29;100.0;100.0;100;100;G4;1077;0.0;0.0
3153;1017JD;1017JD;34;100.0;88.24;100;82;G4;2288;0.0;8.82
3155;1017JE;1017JE;18;100.0;83.33;100;83;G4;1889;0.0;0.0
3157;1017JG;1017JG;26;100.0;84.62;100;85;G4;1534;0.0;3.85
3159;1017JH;1017JH;16;100.0;100.0;100;50;G4;4359;0.0;6.25
3161;1017JJ;1017JJ;25;100.0;100.0;100;68;G4;2620;0.0;4.0
3163;1017JK;1017JK;19;100.0;100.0;100;95;G4;1701;0.0;0.0
3165;1017JL;1017JL;20;100.0;85.0;100;65;G4;2612;0.0;5.0
3167;1017JM;1017JM;42;100.0;100.0;100;86;G4;1453;0.0;7.14
3169;1017JN;1017JN;39;100.0;100.0;100;92;G4;1596;0.0;0.0
3171;1017JP;1017JP;21;100.0;100.0;100;76;G4;2483;0.0;95.24
3173;1017JR;1017JR;32;100.0;96.88;100;94;G4;1089;0.0;15.63
3175;1017JS;1017JS;10;100.0;100.0;100;90;G4;1538;0.0;10.0
3177;1017JT;1017JT;24;100.0;95.83;100;71;G4;2490;0.0;41.67
3179;1017JV;1017JV;11;100.0;100.0;100;82;G4;2208;0.0;0.0
3181;1017JW;1017JW;34;100.0;100.0;100;88;G4;2770;0.0;17.65
3183;1017JX;1017JX;41;100.0;100.0;100;80;G4;1940;0.0;31.71
3185;1017JZ;1017JZ;30;100.0;96.67;100;87;G4;1856;0.0;80.0
3187;1017KA;1017KA;21;100.0;100.0;100;67;G4;2405;0.0;33.33
3189;1017KB;1017KB;18;100.0;100.0;100;50;G6;3274;0.0;94.44
3191;1017KC;1017KC;21;100.0;100.0;100;100;G4;965;0.0;90.48
3193;1017KD;1017KD;19;100.0;94.74;100;58;G4;4966;0.0;84.21
3195;1017KE;1017KE;11;100.0;100.0;100;64;G4;2751;0.0;9.09
3197;1017KG;1017KG;33;100.0;90.91;100;76;G4;1915;0.0;6.06
3199;1017KH;1017KH;26;100.0;100.0;100;85;G4;2818;0.0;11.54
3201;1017KJ;1017KJ;39;100.0;100.0;100;87;G4;2038;0.0;2.56
3203;1017KK;1017KK;24;100.0;100.0;100;71;G4;2522;0.0;16.67
3205;1017KL;1017KL;26;100.0;96.15;100;77;G4;2193;0.0;11.54
3207;1017KM;1017KM;14;100.0;100.0;100;50;G4;4790;0.0;0.0
3209;1017KN;1017KN;17;100.0;100.0;100;41;G4;4509;0.0;0.0
3211;1017KP;1017KP;35;100.0;100.0;100;83;G4;986;0.0;0.0
3213;1017KR;1017KR;19;100.0;89.47;100;58;G4;2753;0.0;5.26
3215;1017KS;1017KS;12;100.0;100.0;100;58;G4;3647;0.0;0.0
3217;1017KT;1017KT;36;100.0;97.22;100;86;G4;1754;0.0;0.0
3219;1017KV;1017KV;11;100.0;100.0;100;91;G4;2491;0.0;0.0
3221;1017KW;1017KW;12;100.0;100.0;100;58;G4;2597;0.0;0.0
3223;1017KX;1017KX;13;100.0;92.31;100;54;G4;3650;0.0;15.38
3225;1017KZ;1017KZ;16;100.0;75.0;100;81;G4;2132;0.0;18.75
3227;1017LA;1017LA;16;100.0;81.25;100;69;G4;2465;0.0;6.25
3229;1017LB;1017LB;14;100.0;78.57;100;57;G4;2391;0.0;0.0
3231;1017LC;1017LC;26;100.0;100.0;100;85;G4;1751;0.0;3.85
3233;1017LD;1017LD;15;100.0;93.33;100;67;G4;3519;0.0;0.0
3235;1017LE;1017LE;17;100.0;94.12;100;71;G4;2907;0.0;0.0
3237;1017LG;1017LG;21;100.0;100.0;100;81;G4;1568;0.0;0.0
3239;1017LH;1017LH;21;100.0;90.48;100;67;G4;2430;0.0;0.0
3241;1017LJ;1017LJ;24;100.0;95.83;100;75;G4;3123;0.0;4.17
3243;1017LK;1017LK;14;100.0;92.86;100;57;G4;3209;0.0;0.0
3245;1017LL;1017LL;13;100.0;100.0;100;54;G6;2995;0.0;0.0
3247;1017LM;1017LM;10;100.0;100.0;100;80;G4;1620;0.0;0.0
3249;1017LN;1017LN;12;100.0;83.33;100;92;G4;1475;0.0;0.0
3251;1017LP;1017LP;21;100.0;100.0;100;67;G4;1909;0.0;0.0
3253;1017LR;1017LR;15;100.0;93.33;100;60;G6;2884;0.0;6.67
3255;1017LS;1017LS;17;100.0;100.0;100;59;G4;2999;0.0;5.88
3257;1017LT;1017LT;16;100.0;100.0;100;56;G4;2383;0.0;25.0
3259;1017LV;1017LV;16;100.0;100.0;100;69;G4;2274;0.0;0.0
3261;1017LW;1017LW;14;100.0;100.0;100;86;G4;2398;0.0;0.0
3263;1017LX;1017LZ;19;100.0;100.0;100;79;G4;2436;0.0;0.0
3265;1017MA;1017MA;31;100.0;100.0;100;94;G4;4031;0.0;3.23
3267;1017MB;1017NA;14;100.0;100.0;100;50;G6;6351;0.0;28.57
3269;1017NB;1017NB;25;100.0;100.0;100;56;G4;2726;0.0;4.0
3271;1017NC;1017NC;13;100.0;100.0;100;69;G4;2280;0.0;15.38
3273;1017ND;1017ND;15;100.0;100.0;100;73;G4;2018;0.0;0.0
3275;1017NE;1017NE;19;100.0;100.0;100;79;G4;2605;0.0;78.95
3277;1017NG;1017NG;37;100.0;97.3;100;86;G4;1681;0.0;48.65
3279;1017NH;1017NH;55;100.0;98.18;100;85;G4;1341;0.0;38.18
3281;1017NJ;1017NJ;30;100.0;93.33;100;97;G4;1031;0.0;30.0
3283;1017NK;1017NK;26;100.0;92.31;100;88;G4;1288;0.0;57.69
3285;1017NL;1017NL;75;100.0;85.33;100;99;G4;774;0.0;58.67
3287;1017NM;1017NM;47;100.0;93.62;100;85;G4;1712;0.0;27.66
3289;1017NN;1017NN;43;100.0;97.67;100;95;G4;1731;0.0;44.19
3291;1017NP;1017NP;39;100.0;100.0;100;97;G4;1202;0.0;64.1
3293;1017NR;1017NR;26;100.0;100.0;100;96;G4;1099;0.0;34.62
3295;1017NS;1017NV;33;100.0;100.0;100;45;G6;3893;0.0;6.06
3298;1017NX;1017NX;15;100.0;93.33;100;40;G6;5208;0.0;0.0
3300;1017NZ;1017PA;18;100.0;100.0;100;39;G6;7266;0.0;33.33
3302;1017PB;1017PB;15;100.0;86.67;100;67;G4;2856;0.0;0.0
3304;1017PC;1017PC;14;100.0;100.0;100;57;G4;2310;0.0;0.0
3306;1017PD;1017PD;12;100.0;100.0;100;83;G4;3719;0.0;0.0
3308;1017PE;1017PE;12;100.0;100.0;100;58;G4;5440;0.0;0.0
3310;1017PG;1017PH;28;100.0;96.43;100;82;G4;2529;0.0;10.71
3313;1017PJ;1017PJ;23;100.0;100.0;100;74;G4;1553;0.0;0.0
3315;1017PK;1017PL;31;100.0;77.42;100;68;G4;2052;0.0;16.13
3318;1017PM;1017PM;18;100.0;100.0;100;50;G6;3887;0.0;16.67
3320;1017PN;1017PN;35;100.0;97.14;100;83;G4;2378;0.0;5.71
3322;1017PP;1017PP;12;100.0;100.0;100;42;G4;2337;0.0;0.0
3324;1017PR;1017PS;16;100.0;93.75;100;63;G4;4302;0.0;0.0
3327;1017PT;1017PT;20;100.0;90.0;100;55;G4;4734;0.0;10.0
3329;1017PV;1017PV;33;100.0;93.94;100;94;G4;1268;0.0;15.15
3331;1017PW;1017PW;32;100.0;93.75;100;69;G4;4543;0.0;12.5
3333;1017PX;1017PX;31;100.0;96.77;100;84;G4;3002;0.0;3.23
3335;1017PZ;1017PZ;30;100.0;96.67;100;87;G4;3151;0.0;43.33
3337;1017RA;1017RA;23;100.0;100.0;100;96;G4;964;0.0;8.7
3339;1017RB;1017RB;19;100.0;100.0;100;95;G4;1828;0.0;100.0
3341;1017RC;1017RC;21;100.0;90.48;100;67;G4;6937;0.0;4.76
3343;1017RD;1017RD;46;100.0;67.39;100;83;G4;1635;0.0;50.0
3345;1017RE;1017RE;26;100.0;100.0;100;81;G4;2519;0.0;80.77
3347;1017RG;1017RG;16;100.0;75.0;100;88;G4;1529;0.0;43.75
3349;1017RH;1017RH;16;100.0;100.0;100;88;G4;2713;0.0;81.25
3351;1017RJ;1017RJ;35;100.0;100.0;100;86;G4;2277;0.0;60.0
3353;1017RK;1017RK;26;100.0;100.0;100;88;G4;2641;0.0;0.0
3355;1017RL;1017RL;32;100.0;96.88;100;84;G4;4257;0.0;3.13
3357;1017RM;1017RM;31;100.0;100.0;100;87;G4;1764;0.0;3.23
3359;1017RN;1017RN;29;100.0;96.55;100;93;G4;1201;0.0;0.0
3361;1017RP;1017RP;14;100.0;42.86;100;36;G4;8677;0.0;0.0
3363;1017RR;1017RS;35;100.0;91.43;100;91;G4;771;0.0;0.0
3366;1017RT;1017RT;19;100.0;89.47;100;84;G4;1226;0.0;0.0
3368;1017RV;1017RV;52;100.0;98.08;100;94;G4;980;0.0;7.69
3370;1017RW;1017RW;27;100.0;96.3;100;81;G4;1719;0.0;0.0
3372;1017RX;1017RX;14;100.0;100.0;100;50;G4;3512;0.0;21.43
3374;1017RZ;1017SC;44;100.0;95.45;100;64;G4;2179;0.0;0.0
3377;1017SE;1017SE;45;100.0;100.0;100;91;G4;1594;0.0;0.0
3379;1017SG;1017SG;20;100.0;100.0;100;70;G4;4848;0.0;0.0
3381;1017SH;1017SH;48;100.0;100.0;100;98;G4;891;0.0;2.08
3383;1017SJ;1017SJ;20;100.0;100.0;100;50;G6;703;0.0;0.0
3385;1017SK;1017SK;22;100.0;100.0;100;86;G4;1322;0.0;18.18
3387;1017SL;1017SL;23;100.0;100.0;100;78;G4;1874;0.0;0.0
3389;1017SM;1017SM;21;100.0;85.71;100;71;G4;1508;0.0;0.0
3391;1017SN;1017SN;28;100.0;92.86;100;86;G4;1394;0.0;0.0
3393;1017SP;1017SP;31;100.0;90.32;100;87;G4;1889;0.0;0.0
3395;1017SR;1017SR;33;100.0;100.0;100;97;G4;1346;0.0;0.0
3397;1017ST;1017ST;44;100.0;97.73;100;95;G4;929;0.0;0.0
3399;1017SV;1017SV;34;100.0;91.18;100;97;G4;1173;0.0;14.71
3401;1017SW;1017SW;16;100.0;87.5;100;75;G4;1913;0.0;0.0
3403;1017SX;1017SX;43;100.0;86.05;100;98;G4;1025;0.0;2.33
3405;1017SZ;1017SZ;13;100.0;100.0;100;92;G4;1773;0.0;7.69
3407;1017TA;1017TA;24;100.0;95.83;100;83;G4;1432;0.0;4.17
3409;1017TB;1017TB;24;100.0;100.0;100;96;G4;1571;0.0;4.17
3411;1017TC;1017TC;39;100.0;92.31;100;97;G4;1662;0.0;0.0
3413;1017TD;1017TD;37;100.0;97.3;100;89;G4;1608;0.0;16.22
3415;1017TE;1017TE;49;100.0;91.84;100;96;G4;2246;0.0;2.04
3417;1017TG;1017TG;50;100.0;98.0;100;96;G4;938;0.0;8.0
3419;1017TH;1017TH;26;100.0;100.0;100;100;G4;846;0.0;3.85
3421;1017TJ;1017TJ;28;100.0;100.0;100;93;G4;1546;0.0;3.57
3423;1017TK;1017TK;52;100.0;100.0;100;96;G4;851;0.0;0.0
3425;1017TL;1017TL;30;100.0;93.33;100;83;G4;1214;0.0;0.0
3427;1017TM;1017TM;38;100.0;97.37;100;100;G4;1052;0.0;0.0
3429;1017TN;1017TN;40;100.0;100.0;100;95;G4;1546;0.0;0.0
3431;1017TP;1017TP;39;100.0;82.05;100;85;G4;1829;0.0;0.0
3433;1017TR;1017TR;50;100.0;94.0;100;88;G4;1319;0.0;2.0
3435;1017TS;1017TS;16;100.0;100.0;100;94;G4;1180;0.0;0.0
3437;1017TT;1017TT;46;100.0;93.48;100;87;G4;1114;0.0;2.17
3439;1017TV;1017TV;30;100.0;96.67;100;93;G4;1954;0.0;36.67
3441;1017TW;1017TW;36;100.0;91.67;100;92;G4;1347;0.0;2.78
3443;1017TX;1017TX;29;100.0;79.31;100;93;G4;1489;0.0;0.0
3445;1017TZ;1017TZ;14;100.0;92.86;100;79;G4;7901;0.0;14.29
3447;1017VA;1017VA;25;100.0;100.0;100;80;G4;2454;0.0;4.0
3449;1017VB;1017VB;19;100.0;89.47;100;68;G4;2345;0.0;5.26
3451;1017VC;1017VD;42;100.0;97.62;100;83;G4;2315;0.0;2.38
3453;1017VE;1017VE;28;100.0;92.86;100;100;G4;1436;0.0;10.71
3455;1017VG;1017VG;19;100.0;89.47;100;89;G4;1952;0.0;5.26
3457;1017VH;1017VH;26;100.0;96.15;100;81;G4;3202;0.0;15.38
3459;1017VJ;1017VJ;27;100.0;96.3;100;67;G4;2758;0.0;7.41
3461;1017VK;1017VK;31;100.0;93.55;100;90;G4;1626;0.0;9.68
3463;1017VL;1017VL;16;100.0;93.75;100;56;G4;2220;0.0;6.25
3465;1017VM;1017VM;19;100.0;100.0;100;63;G4;3003;0.0;10.53
3467;1017VN;1017VN;36;100.0;94.44;100;67;G4;2640;0.0;13.89
3469;1017VP;1017VP;30;100.0;96.67;100;77;G4;1792;0.0;10.0
3471;1017VR;1017VR;20;100.0;100.0;100;80;G4;1966;0.0;10.0
3473;1017VS;1017VS;22;100.0;100.0;100;82;G4;1478;0.0;22.73
3475;1017VT;1017VT;30;100.0;100.0;100;87;G4;2103;0.0;23.33
3477;1017VV;1017VV;40;100.0;97.5;100;85;G4;1659;0.0;0.0
3479;1017VW;1017VW;22;100.0;100.0;100;86;G4;1521;0.0;4.55
3481;1017VX;1017VX;24;100.0;87.5;100;75;G4;1894;0.0;12.5
3483;1017VZ;1017VZ;20;100.0;100.0;100;85;G4;2150;0.0;0.0
3485;1017WB;1017WB;39;100.0;97.44;100;90;G4;1268;0.0;0.0
3487;1017WC;1017WC;28;100.0;100.0;100;96;G4;1367;0.0;0.0
3489;1017WD;1017WD;54;100.0;98.15;100;87;G4;1070;0.0;3.7
3491;1017WE;1017WE;28;100.0;100.0;100;89;G4;1322;0.0;10.71
3493;1017WG;1017WG;51;100.0;98.04;100;94;G4;1123;0.0;0.0
3495;1017WH;1017WH;61;100.0;75.41;100;82;G4;992;0.0;0.0
3497;1017WJ;1017WJ;41;100.0;90.24;100;98;G4;1448;0.0;0.0
3499;1017WK;1017WK;32;100.0;84.38;100;91;G4;1408;0.0;6.25
3501;1017WL;1017WL;29;100.0;86.21;100;66;G4;2833;0.0;0.0
3503;1017WN;1017WN;17;100.0;100.0;100;76;G4;1766;0.0;0.0
3505;1017WP;1017WS;45;100.0;97.78;100;80;G4;2139;0.0;2.22
3508;1017WT;1017WT;14;100.0;100.0;100;50;G6;4869;0.0;14.29
3510;1017WV;1017WV;61;100.0;91.8;100;79;G4;2616;0.0;19.67
3512;1017WX;1017WZ;46;100.0;100.0;100;96;G4;1210;0.0;0.0
3514;1017XA;1017XA;40;100.0;97.5;100;88;G4;1026;0.0;17.5
3516;1017XB;1017XB;44;100.0;100.0;100;93;G4;892;0.0;4.55
3518;1017XC;1017XC;21;100.0;95.24;100;90;G4;1658;0.0;19.05
3520;1017XD;1017XD;14;100.0;92.86;100;71;G4;3508;0.0;7.14
3522;1017XE;1017XE;37;100.0;97.3;100;65;G4;1687;0.0;35.14
3524;1017XG;1017XG;28;100.0;89.29;100;79;G4;1376;0.0;3.57
3526;1017XH;1017XH;31;100.0;96.77;100;74;G4;1914;0.0;12.9
3528;1017XJ;1017XJ;43;100.0;97.67;100;77;G4;2272;0.0;9.3
3530;1017XK;1017XL;24;100.0;91.67;100;46;G4;3596;0.0;0.0
3533;1017XM;1017XM;22;100.0;100.0;100;64;G4;2367;0.0;0.0
3535;1017XN;1017XN;30;100.0;100.0;100;90;G4;1809;0.0;6.67
3537;1017XP;1017XP;10;100.0;90.0;100;50;G4;3313;0.0;0.0
3539;1017XR;1017XR;29;100.0;96.55;100;59;G4;2140;0.0;3.45
3541;1017XS;1017XS;31;100.0;93.55;100;68;G4;2695;0.0;6.45
3543;1017XT;1017XT;18;100.0;100.0;100;72;G4;2147;0.0;0.0
3545;1017XV;1017XV;12;100.0;83.33;100;42;G4;6730;0.0;8.33
3547;1017XW;1017XW;24;100.0;100.0;100;63;G4;2190;0.0;12.5
3549;1017XX;1017XX;20;100.0;100.0;100;50;G4;2151;0.0;0.0
3551;1017XZ;1017XZ;16;100.0;100.0;100;69;G6;1847;0.0;0.0
3553;1017ZA;1017ZA;13;100.0;100.0;100;62;G4;3362;0.0;0.0
3555;1017ZB;1017ZB;22;100.0;100.0;100;73;G4;2184;0.0;0.0
3557;1017ZC;1017ZC;18;100.0;100.0;100;83;G4;2072;0.0;0.0
3559;1017ZD;1017ZE;20;100.0;90.0;100;45;G4;5241;0.0;0.0
3562;1017ZG;1017ZH;25;100.0;100.0;100;64;G4;2620;0.0;20.0
3565;1017ZJ;1017ZJ;29;100.0;100.0;100;97;G4;1055;0.0;6.9
3567;1017ZK;1017ZK;15;100.0;100.0;100;87;G4;1400;0.0;0.0
3569;1017ZL;1017ZL;53;100.0;94.34;100;96;G4;1528;0.0;1.89
3571;1017ZM;1017ZM;97;100.0;100.0;100;99;G4;782;0.0;0.0
3573;1017ZN;1017ZR;36;100.0;100.0;100;69;G4;3221;0.0;2.78
3576;1017ZS;1017ZS;33;100.0;96.97;100;70;G4;2534;0.0;3.03
3578;1017ZT;1017ZT;39;100.0;100.0;100;77;G4;2335;0.0;0.0
3580;1017ZV;1017ZV;25;100.0;100.0;100;92;G4;1588;0.0;0.0
3582;1017ZW;1017ZX;27;100.0;96.3;100;100;G4;1025;0.0;0.0
3584;1018AA;1018AA;18;100.0;94.44;100;94;G4;979;0.0;0.0
3586;1018AB;1018AB;29;100.0;100.0;100;97;G4;1237;0.0;0.0
3588;1018AC;1018AC;15;100.0;100.0;100;93;G4;1930;0.0;6.67
3590;1018AD;1018AD;231;100.0;99.57;100;86;G4;1118;0.0;1.73
3592;1018AE;1018AG;41;100.0;95.12;100;85;G4;1789;0.0;0.0
3594;1018AH;1018AJ;22;100.0;95.45;100;59;G4;2753;0.0;9.09
3596;1018AK;1018AK;504;100.0;99.21;100;99;G4;1049;0.0;3.17
3598;1018AL;1018AM;145;100.0;82.76;100;85;G4;1137;0.0;2.07
3600;1018AN;1018AN;112;100.0;100.0;100;100;G4;998;0.0;0.0
3602;1018AP;1018AP;17;100.0;94.12;100;94;G4;1534;0.0;0.0
3604;1018AR;1018AR;81;100.0;100.0;100;100;G4;1165;0.0;0.0
3606;1018AS;1018AS;21;100.0;100.0;100;100;G4;1085;0.0;0.0
3608;1018AT;1018AT;16;100.0;100.0;100;100;G4;914;0.0;0.0
3610;1018AV;1018AV;84;100.0;95.24;100;88;G4;1657;0.0;4.76
3612;1018AW;1018AW;49;100.0;95.92;100;98;G4;1118;0.0;0.0
3614;1018AX;1018AX;82;100.0;100.0;100;99;G4;891;0.0;0.0
3616;1018AZ;1018AZ;90;100.0;100.0;100;100;G4;724;0.0;1.11
3618;1018BA;1018BA;49;100.0;81.63;100;98;G4;749;0.0;2.04
3620;1018BB;1018BB;112;100.0;99.11;100;99;G4;897;0.0;1.79
3622;1018BC;1018BC;22;100.0;100.0;100;100;G4;759;0.0;9.09
3624;1018BD;1018BD;27;100.0;62.96;100;74;G4;1035;0.0;0.0
3626;1018BE;1018BE;86;100.0;95.35;100;94;G4;1495;0.0;0.0
3628;1018BG;1018BG;20;100.0;100.0;100;100;G4;1180;0.0;0.0
3630;1018BH;1018BH;71;100.0;100.0;100;92;G4;1455;0.0;0.0
3632;1018BJ;1018BJ;38;100.0;97.37;100;89;G4;1712;0.0;0.0
3634;1018BK;1018BK;28;100.0;100.0;100;100;G4;1903;0.0;0.0
3636;1018BL;1018BL;23;100.0;86.96;100;91;G4;873;0.0;8.7
3638;1018BM;1018BM;29;100.0;86.21;100;79;G4;1249;0.0;13.79
3640;1018BN;1018BN;20;100.0;100.0;100;100;G4;889;0.0;10.0
3642;1018BP;1018BR;25;100.0;100.0;100;96;G4;1298;0.0;0.0
3645;1018BS;1018BS;27;100.0;100.0;100;100;G4;1048;0.0;0.0
3647;1018BT;1018BT;48;100.0;97.92;100;98;G4;1358;0.0;2.08
3649;1018BV;1018BV;12;100.0;100.0;100;100;G4;842;0.0;0.0
3651;1018BW;1018BW;37;100.0;100.0;100;95;G4;1872;0.0;0.0
3653;1018BX;1018BX;14;100.0;100.0;100;93;G4;1882;0.0;0.0
3655;1018BZ;1018BZ;21;100.0;95.24;100;90;G4;2347;0.0;0.0
3657;1018CC;1018CC;54;100.0;90.74;100;93;G4;1689;0.0;12.96
3659;1018CD;1018CD;23;100.0;86.96;100;87;G4;1127;0.0;21.74
3661;1018CE;1018CE;33;100.0;96.97;100;100;G4;1039;0.0;0.0
3663;1018CG;1018CG;21;100.0;90.48;100;81;G4;1950;0.0;19.05
3665;1018CH;1018CH;19;100.0;100.0;100;74;G4;1518;0.0;5.26
3667;1018CK;1018CK;16;100.0;100.0;100;100;G4;1192;0.0;0.0
3669;1018CL;1018CL;24;100.0;95.83;100;92;G4;1065;0.0;0.0
3671;1018CM;1018CM;33;100.0;100.0;100;97;G4;1070;0.0;21.21
3673;1018CN;1018CN;28;100.0;100.0;100;86;G4;1531;0.0;0.0
3675;1018CP;1018CP;35;100.0;100.0;100;63;G4;2699;0.0;0.0
3677;1018CR;1018CR;19;100.0;89.47;100;79;G4;1962;0.0;0.0
3679;1018CS;1018CS;80;100.0;100.0;100;91;G4;1197;0.0;0.0
3681;1018CT;1018CT;24;100.0;100.0;100;83;G4;2374;0.0;0.0
3683;1018CV;1018CV;33;100.0;96.97;100;82;G4;1570;0.0;3.03
3685;1018CW;1018CW;12;100.0;100.0;100;67;G4;2805;0.0;0.0
3687;1018CX;1018CX;27;100.0;100.0;100;89;G4;2034;0.0;25.93
3689;1018CZ;1018DA;15;100.0;93.33;100;47;G4;3875;0.0;0.0
3691;1018DB;1018DB;13;100.0;76.92;100;46;G4;6221;0.0;0.0
3693;1018DD;1018DD;29;100.0;100.0;100;79;G4;2489;0.0;3.45
3695;1018DE;1018DE;14;100.0;100.0;100;71;G4;2739;0.0;0.0
3697;1018DG;1018DG;16;100.0;93.75;100;69;G4;3888;0.0;0.0
3699;1018DH;1018DH;27;100.0;100.0;100;78;G4;4538;0.0;0.0
3701;1018DJ;1018DJ;26;100.0;100.0;100;69;G4;1877;0.0;0.0
3703;1018DK;1018DK;14;100.0;100.0;100;71;G4;1737;0.0;14.29
3705;1018DL;1018DM;22;100.0;100.0;100;95;G4;1294;0.0;0.0
3707;1018DN;1018DN;155;100.0;100.0;100;99;G4;891;0.0;0.65
3709;1018DP;1018DR;42;100.0;92.86;100;76;G4;3512;0.0;11.9
3711;1018DS;1018DS;20;100.0;100.0;100;70;G4;3109;0.0;0.0
3713;1018DT;1018DT;48;100.0;100.0;100;88;G4;1736;0.0;0.0
3715;1018DV;1018DW;66;100.0;80.3;100;94;G4;1099;0.0;1.52
3717;1018DX;1018DX;19;100.0;100.0;100;100;G4;959;0.0;0.0
3719;1018DZ;1018DZ;31;100.0;100.0;100;97;G4;983;0.0;0.0
3721;1018EA;1018EA;18;100.0;100.0;100;100;G4;1232;0.0;0.0
3723;1018EB;1018EB;33;100.0;100.0;100;100;G4;903;0.0;3.03
3725;1018EC;1018EC;56;100.0;98.21;100;98;G4;930;0.0;0.0
3727;1018ED;1018ED;21;100.0;100.0;100;86;G4;1667;0.0;9.52
3729;1018EE;1018EE;16;100.0;93.75;100;63;G4;1807;0.0;0.0
3731;1018EG;1018EG;64;100.0;89.06;100;88;G4;1647;0.0;3.13
3733;1018EH;1018EJ;28;100.0;92.86;100;64;G4;2060;0.0;7.14
3735;1018EK;1018EK;24;100.0;100.0;100;67;G4;2802;0.0;4.17
3737;1018EL;1018EL;26;100.0;76.92;100;54;G4;1567;0.0;0.0
3739;1018EM;1018EM;20;100.0;90.0;100;85;G4;1736;0.0;25.0
3741;1018EN;1018EN;23;100.0;100.0;100;57;G6;882;0.0;0.0
3743;1018EP;1018EP;18;100.0;100.0;100;72;G4;1805;0.0;0.0
3745;1018ER;1018ER;21;100.0;100.0;100;76;G4;1505;0.0;4.76
3747;1018ES;1018ES;33;100.0;100.0;100;76;G4;2105;0.0;6.06
3749;1018ET;1018ET;29;100.0;100.0;100;97;G4;1187;0.0;6.9
3751;1018EV;1018EV;11;100.0;100.0;100;55;G4;4684;0.0;72.73
3753;1018EW;1018EW;18;100.0;100.0;100;50;G4;4299;0.0;22.22
3755;1018EX;1018EX;18;100.0;100.0;100;78;G4;2213;0.0;33.33
3757;1018EZ;1018EZ;37;100.0;97.3;100;84;G4;1450;0.0;10.81
3759;1018GA;1018GA;21;100.0;90.48;100;81;G4;1407;0.0;0.0
3761;1018GB;1018GB;28;100.0;89.29;100;68;G4;1896;0.0;17.86
3763;1018GD;1018GD;115;100.0;98.26;100;96;G4;1505;0.0;1.74
3765;1018GE;1018GE;12;100.0;100.0;100;75;G4;1518;0.0;0.0
3767;1018GG;1018GG;20;100.0;90.0;100;70;G4;1482;0.0;0.0
3769;1018GH;1018GH;16;100.0;100.0;100;94;G4;1293;0.0;0.0
3771;1018GJ;1018GJ;30;100.0;90.0;100;67;G4;1511;0.0;3.33
3773;1018GK;1018GK;14;100.0;85.71;100;86;G4;1979;0.0;28.57
3775;1018GL;1018GM;20;100.0;100.0;100;75;G4;2748;0.0;50.0
3777;1018GN;1018GN;10;100.0;100.0;100;100;G4;2697;0.0;0.0
3779;1018GP;1018GP;20;100.0;95.0;100;90;G4;1314;0.0;0.0
3781;1018GR;1018GR;10;100.0;100.0;100;80;G4;2871;0.0;0.0
3783;1018GS;1018GS;13;100.0;100.0;100;54;G4;2107;0.0;30.77
3785;1018GT;1018GT;14;100.0;92.86;100;50;G4;2242;0.0;0.0
3787;1018GV;1018GV;27;100.0;100.0;100;89;G4;1272;0.0;7.41
3789;1018GW;1018GW;67;100.0;100.0;100;96;G4;1156;0.0;2.99
3791;1018GX;1018GX;10;100.0;100.0;100;100;G4;1002;0.0;0.0
3793;1018GZ;1018GZ;17;100.0;88.24;100;82;G4;3170;0.0;0.0
3795;1018HA;1018HA;22;100.0;95.45;100;95;G4;1671;0.0;0.0
3797;1018HB;1018HC;13;100.0;100.0;100;85;G4;2066;0.0;0.0
3799;1018HD;1018HE;29;100.0;96.55;100;86;G4;2265;0.0;3.45
3801;1018HG;1018HG;10;100.0;100.0;100;70;G4;1516;0.0;0.0
3803;1018HH;1018HH;19;100.0;94.74;100;95;G4;1344;0.0;0.0
3805;1018HJ;1018HL;54;100.0;96.3;100;100;G4;1224;0.0;0.0
3808;1018HM;1018HM;16;100.0;100.0;100;100;G4;716;0.0;0.0
3810;1018HN;1018HN;34;100.0;100.0;100;100;G4;871;0.0;0.0
3812;1018HP;1018HP;27;100.0;100.0;100;100;G4;941;0.0;3.7
3814;1018HR;1018HR;35;100.0;97.14;100;100;G4;887;0.0;0.0
3816;1018HS;1018HS;35;100.0;100.0;100;100;G4;866;0.0;0.0
3818;1018HT;1018HT;86;100.0;100.0;100;100;G4;723;0.0;84.88
3820;1018HV;1018HV;30;100.0;100.0;100;100;G4;1142;0.0;100.0
3822;1018HW;1018HW;28;100.0;100.0;100;100;G4;989;0.0;96.43
3824;1018HX;1018HX;24;100.0;100.0;100;100;G4;1191;0.0;95.83
3826;1018HZ;1018HZ;30;100.0;86.67;100;100;G4;898;0.0;66.67
3828;1018JB;1018JB;11;100.0;100.0;100;91;G4;2281;0.0;0.0
3830;1018JC;1018JC;14;100.0;100.0;100;100;G4;1846;0.0;57.14
3832;1018JD;1018JD;14;100.0;100.0;100;100;G4;1596;0.0;92.86
3834;1018JE;1018JE;14;100.0;100.0;100;100;G4;1495;0.0;42.86
3836;1018JG;1018JG;14;100.0;100.0;100;100;G4;1813;0.0;100.0
3838;1018JH;1018JH;20;100.0;100.0;100;100;G4;1734;0.0;100.0
3840;1018JJ;1018JJ;20;100.0;100.0;100;100;G4;1576;0.0;100.0
3842;1018JK;1018JK;15;100.0;100.0;100;100;G4;1727;0.0;100.0
3844;1018JL;1018JL;19;100.0;100.0;100;100;G4;1572;0.0;100.0
3846;1018JM;1018JM;20;100.0;100.0;100;100;G4;1650;0.0;100.0
3848;1018JN;1018JN;20;100.0;100.0;100;100;G4;1466;0.0;95.0
3850;1018JP;1018JP;18;100.0;100.0;100;100;G4;1541;0.0;100.0
3852;1018JR;1018JR;23;100.0;100.0;100;100;G4;1003;0.0;0.0
3854;1018JS;1018JS;13;100.0;100.0;100;100;G4;779;0.0;0.0
3856;1018JT;1018JT;32;100.0;100.0;100;100;G4;1093;0.0;0.0
3858;1018JV;1018JV;36;100.0;100.0;100;100;G4;973;0.0;0.0
3860;1018JW;1018JW;22;100.0;100.0;100;100;G4;1044;0.0;0.0
3862;1018JX;1018JX;27;100.0;100.0;100;100;G4;1049;0.0;0.0
3864;1018JZ;1018JZ;24;100.0;100.0;100;100;G4;1567;0.0;0.0
3866;1018KA;1018KA;28;100.0;100.0;100;100;G4;1711;0.0;3.57
3868;1018KB;1018KB;26;100.0;100.0;100;100;G4;1206;0.0;0.0
3870;1018KC;1018KC;30;100.0;100.0;100;100;G4;1410;0.0;6.67
3872;1018KD;1018KD;24;100.0;100.0;100;100;G4;1506;0.0;0.0
3874;1018KE;1018KE;28;100.0;100.0;100;100;G4;1332;0.0;0.0
3876;1018KG;1018KG;17;100.0;100.0;100;100;G4;1556;0.0;5.88
3878;1018KH;1018KK;15;100.0;93.33;100;73;G4;6611;0.0;0.0
3880;1018KL;1018KM;14;100.0;100.0;100;100;G4;1881;0.0;0.0
3882;1018KN;1018KN;58;100.0;100.0;100;97;G4;1189;0.0;1.72
3884;1018KP;1018KP;66;100.0;98.48;100;100;G4;910;0.0;1.52
3886;1018KR;1018KR;37;100.0;100.0;100;95;G4;1230;0.0;0.0
3888;1018KS;1018KS;18;100.0;100.0;100;100;G4;1001;0.0;0.0
3890;1018KT;1018KT;12;100.0;100.0;100;100;G4;1001;0.0;8.33
3892;1018KV;1018KV;69;100.0;97.1;100;97;G4;1119;0.0;0.0
3894;1018KW;1018KW;20;100.0;100.0;100;100;G4;951;0.0;5.0
3896;1018LJ;1018LJ;71;100.0;98.59;100;100;G4;983;0.0;0.0
3898;1018LK;1018LK;92;100.0;100.0;100;99;G4;1016;0.0;0.0
3900;1018LL;1018LM;16;100.0;100.0;100;100;G4;1199;0.0;0.0
3902;1018LN;1018LN;15;100.0;100.0;100;100;G4;1009;0.0;0.0
3904;1018LP;1018LP;120;100.0;98.33;100;98;G4;999;0.0;0.0
3906;1018LR;1018LR;58;100.0;100.0;100;98;G4;1185;0.0;3.45
3908;1018LT;1018LT;75;100.0;100.0;100;99;G4;993;0.0;36.0
3910;1018LV;1018LV;12;100.0;100.0;100;100;G4;778;0.0;0.0
3912;1018LW;1018LW;13;100.0;100.0;100;92;G4;2089;0.0;7.69
3914;1018LX;1018LX;16;100.0;93.75;100;94;G4;1097;0.0;0.0
3916;1018LZ;1018LZ;52;100.0;100.0;100;98;G4;1666;0.0;3.85
3918;1018MA;1018MA;94;100.0;37.23;100;100;G4;825;0.0;0.0
3920;1018MB;1018MB;10;100.0;40.0;100;100;G4;1133;0.0;0.0
3922;1018MC;1018MC;26;100.0;38.46;100;100;G4;612;0.0;0.0
3924;1018MD;1018MD;40;100.0;40.0;100;98;G4;826;0.0;0.0
3926;1018ME;1018ME;32;100.0;43.75;100;100;G4;792;0.0;0.0
3928;1018MG;1018MG;14;100.0;42.86;100;100;G4;779;0.0;42.86
3930;1018MH;1018MH;39;100.0;41.03;100;100;G4;840;0.0;28.21
3932;1018MJ;1018MJ;24;100.0;41.67;100;100;G4;910;0.0;0.0
3934;1018MK;1018MK;37;100.0;43.24;100;100;G4;911;0.0;0.0
3936;1018ML;1018MM;37;100.0;91.89;100;100;G4;1173;0.0;0.0
3938;1018MN;1018MN;28;100.0;42.86;100;100;G4;944;0.0;0.0
3940;1018MP;1018MP;33;100.0;51.52;100;91;G4;1328;0.0;21.21
3942;1018MR;1018MR;82;100.0;100.0;100;99;G4;1234;0.0;0.0
3944;1018MS;1018MS;220;100.0;100.0;100;100;G4;895;0.0;3.64
3946;1018MT;1018MT;20;100.0;95.0;100;95;G4;1411;0.0;0.0
3948;1018MV;1018MV;11;100.0;100.0;100;100;G4;1160;0.0;0.0
3950;1018MW;1018MW;30;100.0;100.0;100;97;G4;1244;0.0;0.0
3952;1018MX;1018MX;50;100.0;100.0;100;94;G4;1237;0.0;0.0
3954;1018MZ;1018MZ;105;100.0;100.0;100;99;G4;1140;0.0;0.0
3956;1018NA;1018NA;40;100.0;87.5;100;95;G4;983;0.0;0.0
3958;1018NB;1018NB;49;100.0;100.0;100;100;G4;742;0.0;2.04
3960;1018NC;1018NC;21;100.0;76.19;100;71;G4;2917;0.0;52.38
3962;1018ND;1018ND;30;100.0;100.0;100;100;G4;1413;0.0;0.0
3964;1018NE;1018NE;154;100.0;99.35;100;99;G4;1244;0.0;1.3
3966;1018NG;1018NG;16;100.0;81.25;100;100;G4;1022;0.0;0.0
3968;1018NH;1018NJ;16;100.0;100.0;100;100;G4;1203;0.0;0.0
3970;1018NK;1018NK;60;100.0;91.67;100;100;G4;714;0.0;0.0
3972;1018NL;1018NL;43;100.0;86.05;100;98;G4;718;0.0;0.0
3974;1018NM;1018NM;50;100.0;92.0;100;100;G4;586;0.0;0.0
3976;1018NN;1018NN;45;100.0;100.0;100;100;G4;791;0.0;0.0
3978;1018NP;1018NR;20;100.0;100.0;100;100;G4;969;0.0;0.0
3980;1018NS;1018NS;11;100.0;54.55;100;100;G4;1078;0.0;0.0
3982;1018NT;1018NV;23;100.0;95.65;100;100;G4;744;0.0;4.35
3984;1018NW;1018NW;36;100.0;100.0;100;100;G4;1215;0.0;0.0
3986;1018NX;1018NX;20;100.0;100.0;100;100;G4;994;0.0;0.0
3988;1018NZ;1018NZ;17;100.0;100.0;100;100;G4;982;0.0;0.0
3990;1018PA;1018PA;21;100.0;100.0;100;100;G4;911;0.0;0.0
3992;1018PB;1018PB;23;100.0;100.0;100;100;G4;944;0.0;0.0
3994;1018PC;1018PC;22;100.0;100.0;100;100;G4;1035;0.0;0.0
3996;1018PD;1018PE;41;100.0;73.17;100;100;G4;790;0.0;2.44
3998;1018PG;1018PH;41;100.0;21.95;100;95;G4;553;0.0;0.0
4000;1018PJ;1018PJ;18;100.0;61.11;100;78;G4;848;0.0;0.0
4002;1018PK;1018PK;33;100.0;100.0;100;100;G4;749;0.0;0.0
4004;1018PL;1018PL;22;100.0;100.0;100;100;G4;810;0.0;0.0
4006;1018PM;1018PM;16;100.0;25.0;100;69;OBK;1741;0.0;0.0
4008;1018PN;1018PR;56;100.0;57.14;100;95;G4;818;0.0;0.0
4012;1018PS;1018PS;51;100.0;64.71;100;94;G4;1096;0.0;1.96
4014;1018PT;1018PT;45;100.0;48.89;100;98;G4;739;0.0;2.22
4016;1018PV;1018PV;49;100.0;48.98;100;98;G4;876;0.0;0.0
4018;1018PW;1018PW;49;100.0;51.02;100;100;G4;569;0.0;0.0
4020;1018PX;1018PX;31;100.0;100.0;100;97;G4;1533;0.0;22.58
4022;1018PZ;1018PZ;18;100.0;0.0;100;100;G4;541;0.0;0.0
4024;1018QQ;1018RA;20;100.0;95.0;100;80;G4;3082;0.0;0.0
4026;1018RB;1018RB;10;100.0;80.0;100;90;G4;1069;0.0;0.0
4028;1018RC;1018RC;16;100.0;100.0;100;100;G4;677;0.0;0.0
4030;1018RD;1018RG;45;100.0;91.11;100;98;G4;1049;0.0;0.0
4032;1018RH;1018RH;18;100.0;100.0;100;100;G4;467;0.0;0.0
4033;1018RJ;1018RJ;46;100.0;100.0;100;100;G4;435;0.0;0.0
4036;1018RK;1018RK;19;100.0;100.0;100;89;G4;2023;0.0;0.0
4038;1018RL;1018RL;21;100.0;95.24;100;81;G4;2379;0.0;0.0
4040;1018RR;1018RR;112;100.0;78.57;100;98;G4;1362;0.0;1.79
4042;1018RS;1018RS;67;100.0;44.78;100;100;G4;747;0.0;0.0
4044;1018RT;1018RT;57;100.0;42.11;100;100;G4;612;0.0;0.0
4046;1018RV;1018RV;41;100.0;34.15;100;98;G4;601;0.0;0.0
4048;1018RW;1018RW;25;100.0;80.0;100;100;G4;732;0.0;0.0
4050;1018RX;1018RX;23;100.0;86.96;100;100;G4;819;0.0;4.35
4052;1018RZ;1018RZ;25;100.0;92.0;100;100;G4;722;0.0;0.0
4054;1018SB;1018SG;45;100.0;97.78;100;96;G4;1185;0.0;17.78
4056;1018SH;1018SH;27;100.0;100.0;100;100;G4;470;0.0;0.0
4058;1018SJ;1018SJ;38;100.0;100.0;100;100;G4;601;0.0;0.0
4060;1018SK;1018SK;83;100.0;92.77;100;96;G4;1079;0.0;39.76
4062;1018SL;1018SL;24;100.0;100.0;100;100;G4;712;0.0;0.0
4064;1018SM;1018SP;35;100.0;100.0;100;89;G4;1213;0.0;0.0
4068;1018SR;1018ST;37;100.0;100.0;100;70;G4;3015;0.0;8.11
4070;1018SV;1018SV;21;100.0;80.95;100;86;G4;1668;0.0;14.29
4072;1018SW;1018SW;22;100.0;95.45;100;91;G4;1384;0.0;0.0
4074;1018SX;1018SX;18;100.0;100.0;100;89;G4;1827;0.0;0.0
4076;1018SZ;1018SZ;14;100.0;100.0;100;100;G4;1900;0.0;0.0
4078;1018TA;1018TA;28;100.0;100.0;100;93;G4;1646;0.0;0.0
4080;1018TB;1018TB;24;100.0;95.83;100;96;G4;946;0.0;4.17
4082;1018TC;1018TC;20;100.0;95.0;100;90;G4;984;0.0;5.0
4084;1018TD;1018TE;27;100.0;74.07;100;78;G4;1413;0.0;0.0
4086;1018TG;1018TG;18;100.0;100.0;100;100;G4;1166;0.0;0.0
4088;1018TH;1018TH;25;100.0;100.0;100;96;G4;1097;0.0;0.0
4090;1018TJ;1018TJ;14;100.0;100.0;100;93;G4;2123;0.0;0.0
4092;1018TK;1018TK;13;100.0;100.0;100;69;G4;3162;0.0;0.0
4094;1018TL;1018TL;29;100.0;86.21;100;86;G4;1658;0.0;0.0
4096;1018TM;1018TM;28;100.0;100.0;100;93;G4;1228;0.0;3.57
4098;1018TN;1018TN;36;100.0;97.22;100;89;G4;1979;0.0;22.22
4100;1018TP;1018TP;12;100.0;91.67;100;100;G4;974;0.0;25.0
4102;1018TR;1018TR;17;100.0;94.12;100;100;G4;2109;0.0;5.88
4104;1018TS;1018TS;22;100.0;100.0;100;100;G4;1173;0.0;0.0
4106;1018TT;1018TT;17;100.0;94.12;100;82;G4;2099;0.0;5.88
4108;1018TV;1018TV;28;100.0;89.29;100;57;G4;4120;0.0;3.57
4110;1018TW;1018TW;48;100.0;100.0;100;100;G4;1102;0.0;50.0
4112;1018TZ;1018TZ;46;100.0;97.83;100;83;G4;1973;0.0;2.17
4114;1018VA;1018VA;23;100.0;100.0;100;65;G4;1497;0.0;39.13
4116;1018VB;1018VB;15;100.0;100.0;100;100;G4;1511;0.0;0.0
4118;1018VC;1018VC;16;100.0;93.75;100;75;G4;2770;0.0;0.0
4120;1018VD;1018VD;12;100.0;91.67;100;75;G4;1680;0.0;0.0
4122;1018VE;1018VG;113;100.0;100.0;100;98;G4;1913;0.0;2.65
4124;1018VH;1018VJ;36;100.0;100.0;100;100;G4;967;0.0;2.78
4126;1018VK;1018VK;47;100.0;97.87;100;94;G4;1641;0.0;0.0
4128;1018VL;1018VL;21;100.0;95.24;100;76;G4;1625;0.0;0.0
4130;1018VM;1018VM;33;100.0;96.97;100;85;G4;2413;0.0;3.03
4132;1018VP;1018VP;45;100.0;55.56;100;98;G4;675;0.0;6.67
4134;1018VR;1018VR;31;100.0;93.55;100;94;G4;2302;0.0;16.13
4136;1018VS;1018VS;21;100.0;100.0;100;100;G4;1125;0.0;0.0
4138;1018VT;1018VT;38;100.0;100.0;100;100;G4;1000;0.0;5.26
4140;1018VV;1018VV;39;100.0;100.0;100;97;G4;1088;0.0;2.56
4142;1018VW;1018VW;37;100.0;89.19;100;92;G4;992;0.0;10.81
4144;1018VX;1018VX;36;100.0;94.44;100;89;G4;1063;0.0;0.0
4146;1018VZ;1018VZ;12;100.0;100.0;100;100;G4;1339;0.0;0.0
4148;1018WA;1018WA;144;100.0;98.61;100;99;G4;844;0.0;0.69
4150;1018WB;1018WC;26;100.0;100.0;100;92;G4;1226;0.0;7.69
4152;1018WD;1018WD;17;100.0;94.12;100;94;G4;1101;0.0;0.0
4154;1018WE;1018WE;29;100.0;96.55;100;93;G4;2852;0.0;0.0
4156;1018WG;1018WG;33;100.0;100.0;100;97;G4;860;0.0;81.82
4158;1018WH;1018WK;24;100.0;100.0;100;71;G4;2122;0.0;4.17
4161;1018WL;1018WL;27;100.0;100.0;100;74;G4;1010;0.0;0.0
4163;1018WM;1018WM;64;100.0;100.0;100;100;G4;952;0.0;0.0
4165;1018WN;1018WN;26;100.0;100.0;100;100;G4;966;0.0;0.0
4167;1018WP;1018WP;26;100.0;96.15;100;100;G4;908;0.0;0.0
4169;1018WR;1018WR;24;100.0;95.83;100;96;G4;1029;0.0;4.17
4171;1018WS;1018WS;13;100.0;100.0;100;100;G4;1526;0.0;23.08
4173;1018WT;1018WT;28;100.0;100.0;100;93;G4;1664;0.0;32.14
4175;1018WV;1018WV;16;100.0;87.5;100;100;G4;2243;0.0;87.5
4177;1018WW;1018WW;76;100.0;97.37;100;100;G4;1052;0.0;0.0
4179;1018WZ;1018WZ;21;100.0;100.0;100;86;G4;1579;0.0;4.76
4181;1018XB;1018XB;15;100.0;100.0;100;100;G4;873;0.0;0.0
4183;1018XC;1018XC;21;100.0;100.0;100;100;G4;714;0.0;0.0
4185;1018XD;1018XD;14;100.0;100.0;100;57;G4;1908;0.0;0.0
4187;1018XE;1018XE;39;100.0;94.87;100;97;G4;1354;0.0;0.0
4189;1018XG;1018XH;30;100.0;96.67;100;73;G4;3694;0.0;0.0
4191;1018XJ;1018XJ;32;100.0;100.0;100;88;G4;1579;0.0;12.5
4193;1018XK;1018XK;34;100.0;100.0;100;97;G4;940;0.0;0.0
4195;1018XL;1018XL;24;100.0;100.0;100;96;G4;1067;0.0;0.0
4197;1018XM;1018XM;46;100.0;54.35;100;65;G4;892;0.0;36.96
4199;1018XN;1018XN;13;100.0;100.0;100;100;G4;1251;0.0;61.54
4201;1018XP;1018XP;16;100.0;100.0;100;100;G4;1106;0.0;75.0
4203;1018XR;1018XS;37;100.0;91.89;100;92;G4;1450;0.0;43.24
4205;1018XT;1018XT;16;100.0;93.75;100;100;G4;799;0.0;0.0
4207;1018XV;1018XW;27;100.0;100.0;100;93;G4;2146;0.0;18.52
4210;1018XX;1018XX;36;100.0;100.0;100;100;G4;1025;0.0;66.67
4212;1018XZ;1018XZ;34;100.0;100.0;100;100;G4;992;0.0;97.06
4214;1018ZA;1018ZA;24;100.0;100.0;100;92;G4;1902;0.0;0.0
4216;1018ZC;1018ZC;78;100.0;100.0;100;97;G4;1289;0.0;1.28
4218;1018ZD;1018ZD;38;100.0;97.37;100;97;G4;962;0.0;0.0
4220;1018ZE;1018ZE;45;100.0;100.0;100;100;G4;705;0.0;4.44
4222;1018ZG;1018ZG;42;100.0;100.0;100;98;G4;810;0.0;0.0
4224;1018ZH;1018ZH;46;100.0;100.0;100;100;G4;722;0.0;0.0
4226;1018ZJ;1018ZJ;39;100.0;100.0;100;97;G4;748;0.0;0.0
4228;1018ZK;1018ZK;23;100.0;95.65;100;91;G4;1364;0.0;0.0
4230;1018ZL;1018ZL;30;100.0;100.0;100;93;G4;1550;0.0;0.0
4232;1018ZM;1018ZM;59;100.0;91.53;100;100;G4;822;0.0;0.0
4234;1018ZN;1018ZN;16;100.0;87.5;100;100;G4;999;0.0;0.0
4236;1018ZP;1018ZP;74;100.0;100.0;100;100;G4;845;0.0;0.0
4238;1018ZR;1018ZR;36;100.0;100.0;100;100;G4;896;0.0;0.0
4240;1018ZS;1018ZS;71;100.0;100.0;100;100;G4;823;0.0;0.0
4242;1018ZT;1018ZT;23;100.0;100.0;100;100;G4;864;0.0;0.0
4244;1018ZV;1018ZV;65;100.0;100.0;100;100;G4;1161;0.0;50.77
4246;1018ZW;1018ZW;100;100.0;100.0;100;99;G4;1077;0.0;2.0
4248;1018ZX;1018ZX;39;100.0;97.44;100;100;G4;1039;0.0;2.56
4250;1018ZZ;1018ZZ;44;100.0;100.0;100;86;G4;1750;0.0;0.0
4252;1019AA;1019AA;11;100.0;90.91;100;64;G6;3206;0.0;9.09
4254;1019AB;1019AD;25;100.0;92.0;100;48;G4;3053;0.0;4.0
4256;1019AE;1019AT;40;100.0;87.5;100;53;G4;7542;0.0;2.5
4260;1019AV;1019AW;50;100.0;86.0;100;100;G4;2291;0.0;6.0
4262;1019AX;1019AX;12;100.0;91.67;100;100;G4;2233;0.0;8.33
4264;1019AZ;1019BD;18;100.0;38.89;100;78;G4;2833;0.0;0.0
4269;1019BE;1019BG;38;100.0;97.37;100;92;G4;2051;0.0;10.53
4271;1019BH;1019BJ;24;100.0;75.0;100;79;G4;639;0.0;0.0
4274;1019BK;1019BK;28;100.0;92.86;100;93;G4;65;0.0;0.0
4276;1019BL;1019BM;40;100.0;77.5;100;43;G4;7414;0.0;2.5
4279;1019BN;1019BN;22;100.0;100.0;100;91;G4;1632;0.0;4.55
4281;1019BP;1019BP;18;100.0;100.0;100;89;G4;1471;0.0;0.0
4283;1019BR;1019BV;19;100.0;94.74;100;58;G4;5362;0.0;0.0
4288;1019BW;1019BW;227;100.0;99.56;100;99;G4;1395;0.0;99.12
4290;1019BX;1019BX;53;100.0;100.0;100;100;G4;1066;0.0;7.55
4292;1019BZ;1019BZ;53;100.0;100.0;100;100;G4;1039;0.0;3.77
4294;1019CA;1019CL;52;100.0;88.46;100;87;G4;2001;0.0;11.54
4297;1019CM;1019CN;18;100.0;100.0;100;89;G4;1664;0.0;0.0
4299;1019CP;1019CP;22;100.0;100.0;100;100;G4;885;0.0;0.0
4301;1019CR;1019CR;19;100.0;100.0;100;100;G4;800;0.0;0.0
4303;1019CS;1019CS;26;100.0;100.0;100;100;G4;813;0.0;0.0
4305;1019CT;1019CT;25;100.0;100.0;100;100;G4;834;0.0;0.0
4307;1019CV;1019CV;22;100.0;100.0;100;100;G4;815;0.0;0.0
4309;1019CX;1019CX;25;100.0;96.0;100;100;G4;742;0.0;0.0
4311;1019CZ;1019DA;23;100.0;95.65;100;78;G4;3018;0.0;8.7
4314;1019DB;1019DD;22;100.0;100.0;100;77;G4;3082;0.0;4.55
4317;1019DE;1019DE;22;100.0;90.91;100;64;G4;1715;0.0;4.55
4319;1019DG;1019DG;19;100.0;100.0;100;84;G4;1671;0.0;10.53
4321;1019DH;1019DH;24;100.0;100.0;100;100;G4;871;0.0;4.17
4323;1019DJ;1019DJ;23;100.0;100.0;100;96;G4;1823;0.0;8.7
4325;1019DK;1019DK;22;100.0;100.0;100;100;G4;931;0.0;0.0
4327;1019DL;1019DL;37;100.0;100.0;100;100;G4;817;0.0;0.0
4329;1019DM;1019DM;23;100.0;100.0;100;100;G4;881;0.0;4.35
4337;1019DX;1019DX;10;100.0;100.0;100;100;G4;2146;0.0;0.0
4339;1019DZ;1019EA;30;100.0;96.67;100;100;G4;917;0.0;3.33
4342;1019EB;1019EB;25;100.0;100.0;100;100;G4;821;0.0;4.0
4344;1019EC;1019EC;22;100.0;100.0;100;100;G4;749;0.0;0.0
4347;1019EE;1019EE;27;100.0;96.3;100;100;G4;832;0.0;0.0
4349;1019EG;1019EG;26;100.0;100.0;100;100;G4;909;0.0;38.46
4351;1019EH;1019EL;27;100.0;100.0;100;100;G4;1215;0.0;7.41
4353;1019EM;1019EN;21;100.0;100.0;100;95;G4;1166;0.0;0.0
4355;1019EP;1019EP;12;100.0;100.0;100;100;G4;1261;0.0;0.0
4357;1019ER;1019ER;13;100.0;100.0;100;100;G4;911;0.0;7.69
4359;1019ES;1019ES;18;100.0;100.0;100;100;G4;857;0.0;0.0
4361;1019ET;1019ET;14;100.0;100.0;100;100;G4;930;0.0;7.14
4363;1019EV;1019EV;13;100.0;100.0;100;100;G4;1007;0.0;0.0
4366;1019EX;1019EX;13;100.0;100.0;100;100;G4;1056;0.0;7.69
4368;1019GA;1019GA;19;100.0;100.0;100;100;G4;811;0.0;0.0
4370;1019GB;1019GB;12;100.0;100.0;100;100;G4;877;0.0;0.0
4372;1019GC;1019GC;11;100.0;100.0;100;100;G4;728;0.0;0.0
4375;1019GE;1019GE;12;100.0;100.0;100;100;G4;949;0.0;0.0
4377;1019GG;1019GG;11;100.0;100.0;100;100;G4;902;0.0;100.0
4379;1019GH;1019GH;12;100.0;100.0;100;100;G4;798;0.0;0.0
4381;1019GJ;1019GJ;11;100.0;100.0;100;100;G4;970;0.0;0.0
4383;1019GK;1019GK;12;100.0;100.0;100;100;G4;943;0.0;0.0
4385;1019GL;1019GL;11;100.0;100.0;100;100;G4;793;0.0;0.0
4387;1019GM;1019GN;13;100.0;92.31;100;92;G4;984;0.0;0.0
4390;1019GP;1019GP;11;100.0;100.0;100;100;G4;872;0.0;9.09
4392;1019GR;1019GR;12;100.0;100.0;100;100;G4;918;0.0;0.0
4394;1019GS;1019GS;11;100.0;100.0;100;100;G4;1006;0.0;9.09
4396;1019GT;1019GT;12;100.0;100.0;100;100;G4;888;0.0;0.0
4398;1019GV;1019GV;11;100.0;100.0;100;100;G4;816;0.0;9.09
4400;1019GW;1019GX;15;100.0;86.67;100;80;G4;3698;0.0;0.0
4403;1019HA;1019HC;186;100.0;98.39;100;99;G4;1097;0.0;5.38
4406;1019HD;1019HD;47;100.0;100.0;100;98;G4;1067;0.0;2.13
4409;1019HG;1019HG;30;100.0;100.0;100;100;G4;1014;0.0;0.0
4411;1019HH;1019HH;30;100.0;100.0;100;100;G4;948;0.0;0.0
4413;1019HJ;1019HJ;25;100.0;100.0;100;100;G4;1149;0.0;0.0
4415;1019HK;1019HK;30;100.0;100.0;100;100;G4;784;0.0;0.0
4417;1019HL;1019HL;25;100.0;100.0;100;100;G4;1125;0.0;4.0
4420;1019HN;1019HN;30;100.0;100.0;100;100;G4;889;0.0;0.0
4422;1019HP;1019HP;55;100.0;100.0;100;100;G4;951;0.0;0.0
4424;1019HR;1019HR;55;100.0;100.0;100;100;G4;858;0.0;1.82
4426;1019HS;1019HS;55;100.0;100.0;100;100;G4;925;0.0;0.0
4428;1019HT;1019HT;55;100.0;100.0;100;100;G4;993;0.0;0.0
4433;1019JC;1019JD;23;100.0;100.0;100;100;G4;982;0.0;30.43
4436;1019JE;1019JE;20;100.0;100.0;100;100;G4;933;0.0;0.0
4438;1019JG;1019JG;20;100.0;100.0;100;100;G4;1046;0.0;20.0
4440;1019JH;1019JH;55;100.0;100.0;100;100;G4;943;0.0;3.64
4442;1019JJ;1019JJ;45;100.0;100.0;100;100;G4;847;0.0;4.44
4446;1019JR;1019JR;17;100.0;100.0;100;94;G4;1581;0.0;0.0
4453;1019KA;1019KA;12;100.0;100.0;100;92;G4;1710;0.0;0.0
4455;1019KB;1019KB;20;100.0;100.0;100;100;G4;1193;0.0;5.0
4457;1019KC;1019KC;16;100.0;100.0;100;100;G4;1064;0.0;0.0
4459;1019KD;1019KD;16;100.0;100.0;100;100;G4;1018;0.0;6.25
4461;1019KE;1019KE;59;100.0;100.0;100;100;G4;866;0.0;10.17
4463;1019KH;1019KH;52;100.0;100.0;100;100;G4;1040;0.0;0.0
4465;1019KJ;1019KJ;23;100.0;100.0;100;100;G4;1023;0.0;0.0
4467;1019KK;1019KK;23;100.0;100.0;100;100;G4;979;0.0;13.04
4469;1019KL;1019KL;47;100.0;100.0;100;100;G4;954;0.0;0.0
4471;1019KM;1019KN;70;100.0;98.57;100;99;G4;1269;0.0;0.0
4473;1019KP;1019KR;30;100.0;93.33;100;90;G4;365;0.0;0.0
4475;1019KS;1019KW;23;100.0;100.0;100;100;G4;1049;0.0;0.0
4480;1019KZ;1019LB;32;100.0;93.75;100;88;G4;2240;0.0;0.0
4482;1019LC;1019LC;45;100.0;100.0;100;100;G4;490;0.0;2.22
4484;1019LD;1019LD;52;100.0;100.0;100;100;G4;992;0.0;9.62
4486;1019LE;1019LG;112;100.0;97.32;100;94;G4;1157;0.0;6.25
4489;1019LH;1019LH;52;100.0;100.0;100;100;G4;1026;0.0;5.77
4491;1019LJ;1019LJ;52;100.0;100.0;100;100;G4;1060;0.0;3.85
4493;1019LK;1019LK;27;100.0;100.0;100;100;G4;1082;0.0;3.7
4495;1019LL;1019LM;65;100.0;100.0;100;100;G4;950;0.0;0.0
4498;1019LN;1019LN;64;100.0;100.0;100;100;G4;821;0.0;0.0
4500;1019LP;1019LP;73;100.0;100.0;100;100;G4;781;0.0;0.0
4502;1019LR;1019LR;24;100.0;100.0;100;100;G4;767;0.0;8.33
4504;1019LS;1019LS;48;100.0;100.0;100;100;G4;887;0.0;2.08
4506;1019LT;1019LT;26;100.0;100.0;100;100;G4;1065;0.0;0.0
4508;1019LW;1019LW;19;100.0;100.0;100;100;G4;943;0.0;0.0
4510;1019LX;1019LX;91;100.0;98.9;100;100;G4;865;0.0;1.1
4512;1019LZ;1019LZ;92;100.0;100.0;100;100;G4;820;0.0;4.35
4514;1019MA;1019MB;24;100.0;100.0;100;96;G4;1853;0.0;4.17
4516;1019MC;1019MC;19;100.0;100.0;100;100;G4;916;0.0;0.0
4518;1019MD;1019ME;32;100.0;100.0;100;100;G4;953;0.0;31.25
4521;1019MG;1019MG;24;100.0;100.0;100;100;G4;737;0.0;4.17
4523;1019MH;1019MJ;54;100.0;100.0;100;100;G4;792;0.0;0.0
4525;1019MK;1019MK;21;100.0;100.0;100;100;G4;871;0.0;0.0
4531;1019NA;1019NA;49;100.0;100.0;100;100;G4;1130;0.0;2.04
4533;1019NB;1019NB;46;100.0;100.0;100;100;G4;1173;0.0;8.7
4535;1019NC;1019NC;49;100.0;100.0;100;100;G4;1051;0.0;6.12
4537;1019ND;1019ND;37;100.0;100.0;100;100;G4;876;0.0;5.41
4539;1019NE;1019NE;42;100.0;100.0;100;100;G4;964;0.0;7.14
4541;1019NH;1019NH;12;100.0;100.0;100;100;G4;730;0.0;8.33
4543;1019NJ;1019NJ;27;100.0;100.0;100;100;G4;1290;0.0;3.7
4545;1019NL;1019NL;18;100.0;100.0;100;100;G4;745;0.0;0.0
4547;1019NM;1019NM;20;100.0;100.0;100;100;G4;735;0.0;0.0
4549;1019NN;1019NN;12;100.0;100.0;100;100;G4;735;0.0;0.0
4551;1019PA;1019PA;24;100.0;100.0;100;100;G4;1047;0.0;0.0
4553;1019PB;1019PB;27;100.0;96.3;100;96;G4;65;0.0;0.0
4555;1019PC;1019PC;45;100.0;100.0;100;100;G4;65;0.0;0.0
4557;1019PD;1019PG;47;100.0;95.74;100;89;G4;463;0.0;0.0
4561;1019PH;1019PH;32;100.0;96.88;100;100;G4;314;0.0;0.0
4563;1019PJ;1019PJ;49;100.0;100.0;100;98;G4;74;0.0;0.0
4565;1019PK;1019PK;41;100.0;95.12;100;90;G4;165;0.0;0.0
4567;1019PL;1019PL;21;100.0;100.0;100;100;G4;65;0.0;0.0
4569;1019PM;1019PM;65;100.0;95.38;100;95;G4;75;0.0;0.0
4571;1019PN;1019PN;26;100.0;96.15;100;96;G4;65;0.0;0.0
4573;1019PP;1019PP;27;100.0;100.0;100;96;G4;79;0.0;0.0
4575;1019PR;1019PR;30;100.0;90.0;100;87;G4;121;0.0;0.0
4577;1019PS;1019PS;24;100.0;16.67;100;67;OBK;243;0.0;0.0
4579;1019PT;1019PT;25;100.0;96.0;100;96;G4;65;0.0;0.0
4581;1019PV;1019PV;28;100.0;96.43;100;93;G4;66;0.0;0.0
4583;1019PW;1019PW;16;100.0;93.75;100;94;G4;65;0.0;0.0
4585;1019PX;1019PX;32;100.0;100.0;100;100;G4;63;0.0;0.0
4587;1019PZ;1019PZ;25;100.0;100.0;100;96;G4;71;0.0;0.0
4589;1019QQ;1019RA;22;100.0;100.0;100;95;G4;160;0.0;0.0
4591;1019RB;1019RB;28;100.0;100.0;100;96;G4;82;0.0;0.0
4593;1019RC;1019RC;28;100.0;92.86;100;96;G4;137;0.0;0.0
4595;1019RD;1019RD;34;100.0;100.0;100;100;G4;65;0.0;0.0
4597;1019RE;1019RE;31;100.0;96.77;100;97;G4;65;0.0;0.0
4599;1019RG;1019RG;27;100.0;92.59;100;93;G4;84;0.0;0.0
4601;1019RH;1019RH;18;100.0;100.0;100;100;G4;65;0.0;0.0
4603;1019RJ;1019RJ;29;100.0;96.55;100;93;G4;80;0.0;0.0
4605;1019RK;1019RK;40;100.0;87.5;100;88;G4;240;0.0;0.0
4607;1019RL;1019RL;30;100.0;100.0;100;100;G4;65;0.0;0.0
4608;1019RM;1019RM;19;100.0;89.47;100;89;G4;228;0.0;0.0
4611;1019RN;1019RN;22;100.0;90.91;100;95;G4;65;0.0;0.0
4613;1019RP;1019RP;22;100.0;95.45;100;95;G4;157;0.0;0.0
4615;1019RR;1019RR;22;100.0;86.36;100;86;G4;62;0.0;0.0
4617;1019RS;1019RS;23;100.0;82.61;100;78;G4;63;0.0;0.0
4619;1019RT;1019RT;16;100.0;87.5;100;75;G4;1376;0.0;0.0
4621;1019RV;1019RV;27;100.0;85.19;100;89;G4;65;0.0;0.0
4623;1019RW;1019RW;38;100.0;97.37;100;97;G4;90;0.0;0.0
4625;1019RX;1019RX;17;100.0;88.24;100;88;G4;65;0.0;0.0
4627;1019RZ;1019RZ;40;100.0;97.5;100;98;G4;64;0.0;0.0
4629;1019SB;1019SB;38;100.0;94.74;100;97;G4;105;0.0;0.0
4631;1019SC;1019SC;36;100.0;97.22;100;97;G4;65;0.0;0.0
4633;1019SE;1019SE;50;100.0;96.0;100;96;G4;65;0.0;0.0
4635;1019SG;1019SG;40;100.0;97.5;100;98;G4;65;0.0;0.0
4637;1019SH;1019SH;33;100.0;96.97;100;94;G4;105;0.0;0.0
4639;1019SJ;1019SJ;26;100.0;92.31;100;92;G4;65;0.0;0.0
4641;1019SK;1019SK;10;100.0;100.0;100;100;G4;65;0.0;0.0
4643;1019SL;1019SL;30;100.0;100.0;100;100;G4;65;0.0;0.0
4645;1019SZ;1019SZ;10;100.0;80.0;100;90;G4;1769;0.0;20.0
4654;1019TL;1021BM;14;100.0;100.0;100;50;G4;2984;0.0;0.0
4686;1021BN;1021BN;13;100.0;100.0;100;100;G4;1185;0.0;0.0
4688;1021BP;1021BP;16;100.0;100.0;100;100;G4;1628;0.0;0.0
4690;1021BR;1021BR;18;100.0;100.0;100;100;G4;1293;0.0;0.0
4692;1021BS;1021BS;20;100.0;100.0;100;85;G4;1565;0.0;0.0
4694;1021BT;1021BT;11;100.0;100.0;100;100;G4;1088;0.0;0.0
4696;1021BV;1021BV;15;100.0;100.0;100;93;G4;1204;0.0;0.0
4698;1021BW;1021BW;17;100.0;100.0;100;94;G4;1627;0.0;5.88
4700;1021BX;1021BX;17;100.0;100.0;100;94;G4;1778;0.0;0.0
4702;1021BZ;1021BZ;16;100.0;100.0;100;75;G4;3347;0.0;6.25
4704;1021CE;1021CE;12;100.0;100.0;100;100;G4;1619;0.0;0.0
4706;1021CG;1021CH;19;100.0;100.0;100;95;G4;1513;0.0;68.42
4708;1021CJ;1021CJ;11;100.0;100.0;100;100;G4;1436;0.0;100.0
4710;1021CK;1021CK;30;100.0;100.0;100;100;G4;1348;0.0;90.0
4712;1021CL;1021CL;10;100.0;100.0;100;100;G4;1355;0.0;60.0
4714;1021CM;1021CM;25;100.0;100.0;100;96;G4;1513;0.0;96.0
4716;1021CN;1021CN;22;100.0;100.0;100;95;G4;1358;0.0;0.0
4718;1021CP;1021CR;26;100.0;100.0;100;100;G4;1163;0.0;3.85
4721;1021CS;1021CS;13;100.0;100.0;100;92;G4;2650;0.0;0.0
4723;1021CT;1021CT;11;100.0;100.0;100;100;G4;1547;0.0;0.0
4725;1021CV;1021CV;23;100.0;100.0;100;100;G4;1673;0.0;4.35
4727;1021CW;1021CW;21;100.0;100.0;100;100;G4;1607;0.0;0.0
4729;1021CX;1021CX;14;100.0;100.0;100;100;G4;1241;0.0;7.14
4731;1021CZ;1021CZ;15;100.0;100.0;100;100;G4;1604;0.0;6.67
4733;1021EA;1021EB;25;100.0;100.0;100;100;G4;1262;0.0;0.0
4735;1021EC;1021EC;21;100.0;100.0;100;100;G4;1335;0.0;4.76
4737;1021ED;1021ED;20;100.0;100.0;100;100;G4;1448;0.0;0.0
4739;1021EE;1021EE;22;100.0;100.0;100;100;G4;1613;0.0;4.55
4741;1021EG;1021EG;25;100.0;100.0;100;96;G4;1431;0.0;8.0
4743;1021EH;1021EH;15;100.0;100.0;100;100;G4;1446;0.0;6.67
4745;1021EJ;1021EJ;17;100.0;100.0;100;100;G4;1455;0.0;0.0
4747;1021EK;1021EK;19;100.0;100.0;100;89;G4;3011;0.0;5.26
4749;1021EL;1021EL;20;100.0;95.0;100;95;G4;1199;0.0;0.0
4751;1021EM;1021EM;21;100.0;90.48;100;81;G4;1721;0.0;9.52
4753;1021EN;1021EN;18;100.0;100.0;100;100;G4;1293;0.0;0.0
4755;1021EP;1021EP;17;100.0;100.0;100;100;G4;1321;0.0;5.88
4757;1021ER;1021ET;26;100.0;100.0;100;100;G4;1129;0.0;0.0
4759;1021EV;1021EV;10;100.0;100.0;100;100;G4;1111;0.0;0.0
4761;1021EW;1021EX;19;100.0;100.0;100;95;G4;988;0.0;15.79
4763;1021EZ;1021EZ;41;100.0;97.56;100;93;G4;1635;0.0;2.44
4765;1021GA;1021GC;25;100.0;100.0;100;100;G4;1051;0.0;0.0
4767;1021GD;1021GE;43;100.0;97.67;100;98;G4;1074;0.0;0.0
4769;1021GG;1021GG;10;100.0;100.0;100;100;G4;1558;0.0;0.0
4771;1021GH;1021GH;13;100.0;100.0;100;100;G4;1222;0.0;0.0
4773;1021GJ;1021GJ;12;100.0;100.0;100;100;G4;1348;0.0;0.0
4775;1021GK;1021GK;17;100.0;100.0;100;100;G4;1459;0.0;5.88
4777;1021GL;1021GL;26;100.0;96.15;100;100;G4;1165;0.0;0.0
4779;1021GM;1021GM;20;100.0;100.0;100;100;G4;885;0.0;0.0
4781;1021GN;1021GN;17;100.0;100.0;100;65;G6;1290;0.0;5.88
4783;1021GP;1021GP;17;100.0;100.0;100;88;G4;1136;0.0;0.0
4785;1021GS;1021GS;27;100.0;92.59;100;81;G4;2469;0.0;0.0
4787;1021GV;1021GV;30;100.0;100.0;100;100;G4;1396;0.0;3.33
4789;1021GW;1021GW;28;100.0;100.0;100;100;G4;1299;0.0;0.0
4791;1021GX;1021GX;29;100.0;96.55;100;93;G4;4593;0.0;3.45
4793;1021GZ;1021GZ;23;100.0;100.0;100;96;G4;1327;0.0;0.0
4795;1021HB;1021HC;23;100.0;86.96;100;96;G4;1610;0.0;4.35
4797;1021HG;1021HG;18;100.0;94.44;100;89;G4;2719;0.0;0.0
4799;1021HJ;1021HJ;25;100.0;100.0;100;92;G4;1191;0.0;4.0
4801;1021HK;1021HK;21;100.0;100.0;100;100;G4;1052;0.0;0.0
4803;1021HL;1021HL;18;100.0;94.44;100;94;G4;1041;0.0;5.56
4805;1021HM;1021HM;14;100.0;100.0;100;93;G4;1329;0.0;0.0
4807;1021HN;1021HN;25;100.0;96.0;100;100;G4;1189;0.0;0.0
4809;1021HP;1021HP;29;100.0;100.0;100;100;G4;1189;0.0;0.0
4811;1021HR;1021HR;10;100.0;80.0;100;60;G6;3153;0.0;0.0
4813;1021HS;1021HS;15;100.0;100.0;100;80;G4;4227;0.0;0.0
4815;1021HT;1021HT;21;100.0;100.0;100;100;G4;1358;0.0;0.0
4817;1021HV;1021HV;21;100.0;100.0;100;100;G4;1159;0.0;0.0
4819;1021HW;1021HW;33;100.0;100.0;100;100;G4;1047;0.0;0.0
4821;1021HX;1021HX;14;100.0;100.0;100;100;G4;756;0.0;0.0
4823;1021HZ;1021HZ;14;100.0;100.0;100;100;G4;1051;0.0;0.0
4825;1021JA;1021JA;13;100.0;100.0;100;100;G4;1075;0.0;7.69
4827;1021JB;1021JB;19;100.0;94.74;100;100;G4;1120;0.0;10.53
4829;1021JC;1021JC;20;100.0;100.0;100;95;G4;1227;0.0;0.0
4831;1021JD;1021JD;20;100.0;100.0;100;100;G4;1058;0.0;10.0
4833;1021JE;1021JE;20;100.0;100.0;100;100;G4;1479;0.0;5.0
4835;1021JG;1021JG;15;100.0;100.0;100;100;G4;1057;0.0;0.0
4837;1021JH;1021JH;16;100.0;100.0;100;100;G4;996;0.0;0.0
4839;1021JJ;1021JL;34;100.0;94.12;100;88;G4;2072;0.0;2.94
4843;1021JM;1021JM;15;100.0;100.0;100;80;G4;1587;0.0;0.0
4845;1021JN;1021JN;11;100.0;100.0;100;55;G4;4438;0.0;0.0
4847;1021JP;1021JR;23;100.0;91.3;100;48;G4;1043;0.0;4.35
4849;1021JS;1021JS;10;100.0;80.0;100;40;G16;1349;0.0;10.0
4851;1021JT;1021JT;16;100.0;100.0;100;56;G4;3070;0.0;12.5
4853;1021JV;1021JV;12;100.0;100.0;100;67;G4;3668;0.0;25.0
4855;1021JW;1021KE;48;100.0;72.92;100;44;G4;4289;0.0;4.17
4857;1021KG;1021KM;26;100.0;96.15;100;81;G4;1842;0.0;0.0
4860;1021KN;1021LA;33;100.0;100.0;100;58;G4;4419;0.0;51.52
4863;1021LB;1021LB;17;100.0;100.0;100;100;G4;785;0.0;88.24
4865;1021LC;1021LC;16;100.0;100.0;100;100;G4;784;0.0;93.75
4867;1021LD;1021LD;17;100.0;100.0;100;94;G4;821;0.0;100.0
4869;1021LE;1021LE;17;100.0;100.0;100;100;G4;818;0.0;94.12
4871;1021LG;1021LG;16;100.0;100.0;100;100;G4;1298;0.0;93.75
4873;1021LH;1021LH;17;100.0;100.0;100;100;G4;655;0.0;88.24
4875;1021LJ;1021LJ;17;100.0;100.0;100;100;G4;808;0.0;100.0
4877;1021LK;1021LK;16;100.0;100.0;100;100;G4;812;0.0;100.0
4879;1021LL;1021LL;23;100.0;100.0;100;100;G4;695;0.0;86.96
4881;1021LM;1021LM;30;100.0;100.0;100;100;G4;645;0.0;93.33
4883;1021LN;1021LN;29;100.0;100.0;100;100;G4;748;0.0;96.55
4885;1021LP;1021LP;27;100.0;100.0;100;100;G4;842;0.0;92.59
4887;1021LR;1021LR;17;100.0;100.0;100;100;G4;852;0.0;0.0
4889;1021LS;1021LS;17;100.0;100.0;100;100;G4;794;0.0;0.0
4891;1021LT;1021LT;16;100.0;100.0;100;100;G4;807;0.0;0.0
4893;1021LV;1021LV;23;100.0;100.0;100;100;G4;771;0.0;100.0
4895;1021LW;1021LW;20;100.0;100.0;100;100;G4;677;0.0;80.0
4897;1021LX;1021LX;20;100.0;100.0;100;100;G4;716;0.0;95.0
4899;1021LZ;1021LZ;27;100.0;100.0;100;100;G4;919;0.0;96.3
4901;1021NA;1021NA;26;100.0;100.0;100;100;G4;799;0.0;92.31
4903;1021NB;1021NB;24;100.0;100.0;100;100;G4;659;0.0;79.17
4905;1021ND;1021ND;21;100.0;100.0;100;100;G4;987;0.0;0.0
4907;1021NE;1021NE;27;100.0;100.0;100;100;G4;986;0.0;0.0
4909;1021NG;1021NG;30;100.0;100.0;100;100;G4;914;0.0;0.0
4911;1021NH;1021NH;24;100.0;100.0;100;100;G4;996;0.0;0.0
4913;1021NJ;1021NJ;16;100.0;100.0;100;100;G4;893;0.0;0.0
4915;1021NK;1021NK;26;100.0;100.0;100;100;G4;1019;0.0;0.0
4917;1021NL;1021NL;24;100.0;100.0;100;100;G4;914;0.0;0.0
4919;1021NM;1021NM;30;100.0;100.0;100;100;G4;979;0.0;6.67
4921;1021NN;1021NN;32;100.0;100.0;100;100;G4;843;0.0;0.0
4923;1021NP;1021NP;34;100.0;100.0;100;100;G4;804;0.0;2.94
4925;1021NR;1021NR;36;100.0;100.0;100;100;G4;818;0.0;0.0
4927;1021NS;1021NS;36;100.0;100.0;100;100;G4;941;0.0;2.78
4929;1021NT;1021NT;25;100.0;100.0;100;100;G4;1101;0.0;0.0
4931;1021NV;1021NV;36;100.0;100.0;100;100;G4;907;0.0;0.0
4933;1021NW;1021NW;26;100.0;100.0;100;100;G4;1005;0.0;0.0
4935;1021NX;1021NX;32;100.0;100.0;100;97;G4;954;0.0;0.0
4937;1021NZ;1021NZ;37;100.0;100.0;100;100;G4;793;0.0;0.0
4939;1021PA;1021PA;34;100.0;100.0;100;97;G4;1711;0.0;2.94
4941;1021PC;1021PC;51;100.0;100.0;100;100;G4;735;0.0;0.0
4943;1021PD;1021PD;51;100.0;100.0;100;100;G4;724;0.0;0.0
4945;1021PE;1021PE;42;100.0;100.0;100;100;G4;976;0.0;0.0
4947;1021PG;1021PG;54;100.0;100.0;100;100;G4;938;0.0;0.0
4949;1021PH;1021PH;80;100.0;98.75;100;96;G4;1080;0.0;0.0
4951;1021PJ;1021PJ;23;100.0;100.0;100;100;G4;903;0.0;8.7
4953;1021PK;1021PK;23;100.0;100.0;100;100;G4;778;0.0;4.35
4955;1021PM;1021PP;35;100.0;100.0;100;100;G4;838;0.0;0.0
4957;1021PR;1021PR;23;100.0;100.0;100;100;G4;784;0.0;0.0
4959;1021PS;1021PS;11;100.0;100.0;100;100;G4;1013;0.0;0.0
4961;1021PT;1021PT;13;100.0;100.0;100;100;G4;1000;0.0;0.0
4963;1021PW;1021PW;25;100.0;100.0;100;100;G4;799;0.0;0.0
4965;1021PX;1021TR;132;100.0;100.0;100;97;G4;1260;0.0;0.76
4967;1021TS;1021TS;18;100.0;100.0;100;100;G4;1373;0.0;94.44
4969;1021TT;1021TT;14;100.0;100.0;100;100;G4;1211;0.0;71.43
4971;1021TV;1021TV;11;100.0;100.0;100;100;G4;1498;0.0;0.0
4973;1021TW;1021TW;26;100.0;100.0;100;100;G4;1245;0.0;0.0
4975;1021TX;1021TX;11;100.0;100.0;100;100;G4;1356;0.0;0.0
4977;1021TZ;1021TZ;26;100.0;96.15;100;100;G4;1218;0.0;3.85
4979;1021VA;1021VA;17;100.0;100.0;100;100;G4;1205;0.0;100.0
4981;1021VB;1021VB;19;100.0;100.0;100;95;G4;1439;0.0;94.74
4983;1021VC;1021VC;11;100.0;100.0;100;100;G4;1373;0.0;0.0
4985;1021VD;1021VD;10;100.0;100.0;100;100;G4;1262;0.0;0.0
4987;1021VE;1021VE;23;100.0;100.0;100;100;G4;1419;0.0;0.0
4989;1021VG;1021VG;11;100.0;100.0;100;100;G4;1326;0.0;0.0
4991;1021VH;1021VH;15;100.0;100.0;100;100;G4;1683;0.0;0.0
4993;1021VJ;1021VK;12;100.0;100.0;100;100;G4;1196;0.0;0.0
4995;1021VL;1021VL;28;100.0;96.43;100;100;G4;1108;0.0;3.57
4997;1021VM;1021VN;34;100.0;100.0;100;100;G4;1230;0.0;5.88
4999;1021VP;1021VR;24;100.0;100.0;100;100;G4;1279;0.0;0.0
5001;1021VS;1021VS;10;100.0;100.0;100;100;G4;1350;0.0;0.0
5003;1021VT;1021VT;28;100.0;96.43;100;100;G4;1425;0.0;0.0
5005;1021VV;1021VW;36;100.0;100.0;100;100;G4;1376;0.0;0.0
5007;1021VX;1021VX;20;100.0;95.0;100;100;G4;1213;0.0;0.0
5009;1021VZ;1021VZ;14;100.0;100.0;100;100;G4;1246;0.0;0.0
5011;1022AB;1022AB;59;100.0;96.61;100;83;G4;1668;0.0;3.39
5013;1022AC;1022AC;15;100.0;100.0;100;100;G4;1217;0.0;0.0
5015;1022AD;1022AD;16;100.0;100.0;100;100;G4;1543;0.0;6.25
5017;1022AE;1022AE;15;100.0;100.0;100;100;G4;1123;0.0;0.0
5019;1022AG;1022AH;20;100.0;95.0;100;60;G4;8528;0.0;0.0
5021;1022AJ;1022AJ;18;100.0;100.0;100;78;G4;2296;0.0;0.0
5023;1022AK;1022AK;16;100.0;100.0;100;94;G4;1704;0.0;0.0
5025;1022AL;1022AL;11;100.0;100.0;100;100;G4;1373;0.0;9.09
5027;1022AM;1022AN;15;100.0;100.0;100;60;G4;3146;0.0;0.0
5029;1022AP;1022AP;15;100.0;100.0;100;93;G4;1663;0.0;0.0
5031;1022AR;1022AR;18;100.0;100.0;100;89;G4;1656;0.0;0.0
5033;1022AS;1022AS;16;100.0;100.0;100;100;G4;1574;0.0;6.25
5035;1022AT;1022AT;12;100.0;100.0;100;92;G4;1717;0.0;0.0
5037;1022AV;1022AV;12;100.0;100.0;100;100;G4;1560;0.0;0.0
5039;1022AW;1022AW;16;100.0;100.0;100;100;G4;1245;0.0;0.0
5041;1022AX;1022AX;12;100.0;100.0;100;92;G4;1467;0.0;0.0
5043;1022AZ;1022AZ;10;100.0;100.0;100;100;G4;1482;0.0;0.0
5045;1022BA;1022BA;29;100.0;100.0;100;100;G4;1371;0.0;0.0
5047;1022BB;1022BB;16;100.0;100.0;100;100;G4;1227;0.0;12.5
5049;1022BC;1022BC;18;100.0;100.0;100;100;G4;1205;0.0;0.0
5051;1022BD;1022BD;12;100.0;100.0;100;100;G4;1508;0.0;0.0
5053;1022BE;1022BE;10;100.0;100.0;100;100;G4;1239;0.0;0.0
5055;1022BG;1022BG;12;100.0;100.0;100;100;G4;1536;0.0;0.0
5057;1022BH;1022BH;16;100.0;100.0;100;94;G4;2148;0.0;0.0
5059;1022BJ;1022BJ;12;100.0;100.0;100;92;G4;1520;0.0;0.0
5061;1022BK;1022BK;22;100.0;100.0;100;95;G4;1469;0.0;0.0
5063;1022BL;1022BL;20;100.0;100.0;100;95;G4;1388;0.0;5.0
5065;1022BN;1022CA;17;100.0;94.12;100;82;G4;1582;0.0;0.0
5068;1022CB;1022CB;16;100.0;100.0;100;100;G4;1531;0.0;6.25
5070;1022CC;1022CC;19;100.0;100.0;100;100;G4;1019;0.0;0.0
5072;1022KB;1022KB;36;100.0;100.0;100;97;G4;1856;0.0;0.0
5074;1022KC;1022KC;26;100.0;96.15;100;100;G4;1221;0.0;0.0
5076;1022KD;1022KD;14;100.0;100.0;100;100;G4;1524;0.0;100.0
5078;1022KE;1022KH;35;100.0;100.0;100;100;G4;1368;0.0;77.14
5081;1022KJ;1022KJ;61;100.0;100.0;100;100;G4;1162;0.0;1.64
5083;1022KK;1022KK;35;100.0;97.14;100;100;G4;1132;0.0;0.0
5084;1022KL;1022KL;49;100.0;100.0;100;100;G4;1375;0.0;65.31
5087;1022WV;1022WV;57;100.0;96.49;100;96;G4;700;0.0;7.02
5089;1022WX;1022WX;12;100.0;100.0;100;100;G4;728;0.0;8.33
5091;1022WZ;1022XA;21;100.0;100.0;100;100;G4;1132;0.0;4.76
5093;1022XB;1022XB;15;100.0;100.0;100;100;G4;1209;0.0;0.0
5095;1022XD;1022XD;19;100.0;94.74;100;100;G4;1316;0.0;0.0
5097;1022XE;1022XE;17;100.0;94.12;100;100;G4;1268;0.0;11.76
5099;1022XG;1022XG;16;100.0;100.0;100;100;G4;1000;0.0;0.0
5101;1022XH;1022XK;29;100.0;100.0;100;100;G4;1101;0.0;0.0
5105;1022XL;1022XL;11;100.0;100.0;100;100;G4;1115;0.0;0.0
5107;1022XM;1022XM;11;100.0;100.0;100;100;G4;1125;0.0;0.0
5109;1022XN;1022XN;10;100.0;100.0;100;100;G4;1471;0.0;0.0
5111;1022XP;1022XR;16;100.0;100.0;100;100;G4;1048;0.0;0.0
5113;1022XS;1022XS;10;100.0;100.0;100;100;G4;1147;0.0;10.0
5115;1022XT;1022XT;11;100.0;100.0;100;100;G4;1329;0.0;0.0
5117;1022XV;1022XV;13;100.0;100.0;100;100;G4;940;0.0;0.0
5119;1022XW;1022XW;11;100.0;100.0;100;100;G4;1059;0.0;0.0
5121;1022XX;1022XX;16;100.0;100.0;100;100;G4;1268;0.0;0.0
5123;1022XZ;1022XZ;16;100.0;93.75;100;94;G4;1625;0.0;0.0
5125;1023AA;1023AA;15;100.0;100.0;100;73;G4;1869;0.0;0.0
5127;1023AB;1023AB;17;100.0;100.0;100;100;G4;1278;0.0;0.0
5129;1023AC;1023AD;18;100.0;94.44;100;89;G4;1420;0.0;0.0
5131;1023AE;1023AE;12;100.0;100.0;100;100;G4;1142;0.0;0.0
5133;1023AG;1023AH;36;100.0;100.0;100;100;G4;1140;0.0;2.78
5135;1023AJ;1023AJ;20;100.0;100.0;100;100;G4;1569;0.0;0.0
5137;1023AK;1023AL;19;100.0;100.0;100;95;G4;1257;0.0;0.0
5140;1023AM;1023AM;16;100.0;100.0;100;100;G4;1372;0.0;0.0
5142;1023AN;1023AN;16;100.0;100.0;100;100;G4;1396;0.0;0.0
5144;1023AP;1023AP;14;100.0;100.0;100;100;G4;1274;0.0;0.0
5146;1023AR;1023AR;11;100.0;100.0;100;100;G4;2272;0.0;0.0
5148;1023AS;1023AS;20;100.0;100.0;100;95;G4;1408;0.0;0.0
5150;1023AT;1023AT;18;100.0;100.0;100;100;G4;1232;0.0;0.0
5152;1023AV;1023AV;20;100.0;100.0;100;100;G4;1179;0.0;5.0
5154;1023AW;1023AW;23;100.0;100.0;100;100;G4;894;0.0;0.0
5156;1023AX;1023AX;10;100.0;100.0;100;90;G4;2536;0.0;10.0
5158;1023AZ;1023BA;30;100.0;100.0;100;93;G4;1358;0.0;0.0
5160;1023BB;1023BB;22;100.0;95.45;100;91;G4;2386;0.0;0.0
5162;1023BC;1023BC;15;100.0;100.0;100;67;G4;3038;0.0;0.0
5164;1023BD;1023BD;17;100.0;94.12;100;71;G4;3554;0.0;0.0
5166;1023BE;1023BE;23;100.0;100.0;100;100;G4;1203;0.0;8.7
5168;1023BG;1023BG;16;100.0;100.0;100;94;G4;1114;0.0;0.0
5170;1023BH;1023BJ;23;100.0;100.0;100;61;G6;3756;0.0;8.7
5173;1023BK;1023BK;23;100.0;95.65;100;74;G4;2122;0.0;4.35
5175;1023BL;1023BL;21;100.0;100.0;100;90;G4;2141;0.0;14.29
5177;1023BM;1023BN;24;100.0;100.0;100;67;G4;2948;0.0;4.17
5180;1023BP;1023BP;12;100.0;83.33;100;92;G4;1464;0.0;16.67
5182;1023BR;1023BR;11;100.0;100.0;100;73;G4;2148;0.0;9.09
5184;1023BS;1023BS;22;100.0;100.0;100;95;G4;2015;0.0;0.0
5186;1023BT;1023BT;17;100.0;100.0;100;76;G4;2876;0.0;0.0
5188;1023BV;1023BV;12;100.0;75.0;100;83;G4;1024;0.0;0.0
5190;1023BX;1023BX;58;100.0;96.55;100;76;G4;2154;0.0;6.9
5192;1023BZ;1023CA;14;100.0;100.0;100;100;G4;1516;0.0;0.0
5194;1023CB;1023CB;10;100.0;100.0;100;100;G4;1402;0.0;0.0
5196;1023CC;1023CC;19;100.0;100.0;100;100;G4;1407;0.0;10.53
5198;1023CD;1023CD;18;100.0;100.0;100;100;G4;1296;0.0;0.0
5200;1023CE;1023CE;18;100.0;100.0;100;100;G4;1415;0.0;0.0
5202;1023CG;1023CG;23;100.0;100.0;100;100;G4;1347;0.0;8.7
5204;1023CH;1023CH;20;100.0;100.0;100;100;G4;1254;0.0;0.0
5206;1023CJ;1023CJ;15;100.0;93.33;100;100;G4;1687;0.0;13.33
5208;1023CK;1023CK;16;100.0;93.75;100;100;G4;1214;0.0;0.0
5210;1023CL;1023CL;22;100.0;100.0;100;100;G4;1291;0.0;0.0
5212;1023CM;1023CN;27;100.0;100.0;100;100;G4;1135;0.0;11.11
5214;1023CP;1023CP;18;100.0;94.44;100;100;G4;1324;0.0;0.0
5216;1023CR;1023CR;12;100.0;100.0;100;92;G4;1354;0.0;8.33
5218;1023CS;1023CT;26;100.0;100.0;100;100;G4;1757;0.0;11.54
5221;1023CV;1023CV;17;100.0;100.0;100;94;G4;1641;0.0;11.76
5223;1023CW;1023CX;20;100.0;100.0;100;100;G4;1261;0.0;15.0
5225;1023EA;1023EA;14;100.0;100.0;100;100;G4;1818;0.0;0.0
5227;1023EB;1023EB;10;100.0;100.0;100;100;G4;1534;0.0;0.0
5229;1023EC;1023EC;18;100.0;100.0;100;100;G4;1594;0.0;0.0
5231;1023ED;1023ED;16;100.0;100.0;100;100;G4;1215;0.0;6.25
5233;1023EE;1023EE;16;100.0;100.0;100;100;G4;1187;0.0;0.0
5235;1023EG;1023EG;16;100.0;100.0;100;100;G4;1296;0.0;0.0
5237;1023EH;1023EH;16;100.0;100.0;100;100;G4;1212;0.0;6.25
5239;1023EJ;1023EJ;16;100.0;100.0;100;100;G4;1405;0.0;25.0
5241;1023EK;1023EK;14;100.0;100.0;100;86;G4;1143;0.0;0.0
5243;1023EL;1023EL;18;100.0;88.89;100;89;G4;2412;0.0;0.0
5245;1023EM;1023EM;16;100.0;100.0;100;94;G4;1097;0.0;0.0
5247;1023EN;1023EN;17;100.0;100.0;100;100;G4;1157;0.0;5.88
5249;1023EP;1023NA;24;100.0;100.0;100;96;G4;2426;0.0;0.0
5252;1023NB;1023NB;13;100.0;100.0;100;92;G4;1756;0.0;0.0
5254;1023NC;1023NC;11;100.0;100.0;100;100;G4;2058;0.0;0.0
5256;1023ND;1023ND;14;100.0;100.0;100;93;G4;1990;0.0;0.0
5258;1023NE;1023NE;16;100.0;100.0;100;81;G4;2391;0.0;0.0
5260;1023NG;1023NG;15;100.0;100.0;100;80;G4;3046;0.0;0.0
5262;1023NH;1023NH;14;100.0;92.86;100;71;G4;2887;0.0;0.0
5264;1023NJ;1023NJ;10;100.0;100.0;100;90;G4;2097;0.0;10.0
5266;1023NK;1023NK;11;100.0;90.91;100;73;G4;1902;0.0;0.0
5268;1023NL;1023NN;22;100.0;100.0;100;91;G4;2315;0.0;0.0
5271;1023NP;1023NT;29;100.0;100.0;100;97;G4;1969;0.0;0.0
5273;1023NV;1023NV;20;100.0;95.0;100;80;G4;2087;0.0;0.0
5275;1023NX;1023NX;10;100.0;100.0;100;80;G4;2127;0.0;0.0
5277;1023PA;1023SR;30;100.0;100.0;100;100;G4;1412;0.0;0.0
5281;1023ST;1023ST;11;100.0;81.82;100;100;G4;1419;0.0;9.09
5283;1023SV;1023SV;16;100.0;100.0;100;100;G4;1195;0.0;12.5
5285;1023SW;1023SW;10;100.0;100.0;100;100;G4;1536;0.0;10.0
5287;1023SX;1023SX;10;100.0;90.0;100;100;G4;1692;0.0;0.0
5289;1023SZ;1023SZ;16;100.0;100.0;100;100;G4;1357;0.0;6.25
5291;1023TA;1023TA;10;100.0;90.0;100;100;G4;1522;0.0;0.0
5293;1023TB;1023TB;10;100.0;100.0;100;100;G4;1265;0.0;0.0
5295;1023TC;1023TC;16;100.0;100.0;100;100;G4;1423;0.0;6.25
5297;1023TD;1023TD;10;100.0;100.0;100;100;G4;1178;0.0;0.0
5299;1023TE;1023TE;10;100.0;100.0;100;100;G4;1404;0.0;0.0
5301;1023TG;1023TG;16;100.0;100.0;100;100;G4;1501;0.0;12.5
5303;1023TH;1023TH;13;100.0;100.0;100;92;G4;1418;0.0;0.0
5305;1023TJ;1023TJ;10;100.0;100.0;100;90;G4;1399;0.0;0.0
5307;1023TK;1023TK;16;100.0;100.0;100;100;G4;1358;0.0;12.5
5309;1023TL;1023TL;15;100.0;93.33;100;93;G4;1400;0.0;6.67
5311;1023TM;1023TM;10;100.0;100.0;100;100;G4;1024;0.0;0.0
5313;1023TN;1023TN;16;100.0;100.0;100;94;G4;1299;0.0;0.0
5315;1023TP;1023TR;25;100.0;100.0;100;96;G4;1484;0.0;0.0
5317;1023TS;1023TS;10;100.0;100.0;100;100;G4;1648;0.0;0.0
5319;1023TT;1023TT;10;100.0;100.0;100;100;G4;1464;0.0;0.0
5321;1023TV;1023TV;16;100.0;100.0;100;100;G4;1252;0.0;12.5
5323;1023TW;1023TX;26;100.0;100.0;100;96;G4;1271;0.0;3.85
5325;1023TZ;1023VA;20;100.0;95.0;100;100;G4;1413;0.0;0.0
5327;1023VB;1023VB;16;100.0;93.75;100;94;G4;1307;0.0;0.0
5329;1023VC;1023VC;16;100.0;100.0;100;94;G4;1345;0.0;6.25
5331;1023VD;1023VD;20;100.0;100.0;100;100;G4;1231;0.0;0.0
5333;1023VE;1023VE;16;100.0;93.75;100;100;G4;1312;0.0;12.5
5335;1023VG;1023VG;12;100.0;100.0;100;100;G4;1346;0.0;0.0
5337;1023VH;1023VH;21;100.0;100.0;100;100;G4;1412;0.0;0.0
5339;1023VJ;1023VJ;18;100.0;100.0;100;100;G4;1365;0.0;0.0
5341;1023VK;1023VK;24;100.0;100.0;100;100;G4;1143;0.0;0.0
5343;1023VL;1023VL;24;100.0;100.0;100;100;G4;1107;0.0;0.0
5345;1023VM;1023VM;20;100.0;100.0;100;100;G4;1458;0.0;0.0
5347;1023VN;1023VN;16;100.0;100.0;100;100;G4;1417;0.0;6.25
5349;1023VP;1023VP;11;100.0;100.0;100;100;G4;987;0.0;0.0
5351;1023VR;1023VR;13;100.0;100.0;100;100;G4;1364;0.0;0.0
5353;1023VS;1023VT;22;100.0;100.0;100;95;G4;1229;0.0;0.0
5355;1023VV;1023VV;16;100.0;93.75;100;100;G4;1028;0.0;0.0
5357;1023VW;1023VW;18;100.0;100.0;100;100;G4;1312;0.0;0.0
5359;1023VX;1023VX;12;100.0;100.0;100;83;G4;1202;0.0;0.0
5361;1023VZ;1023VZ;24;100.0;100.0;100;100;G4;1262;0.0;4.17
5363;1023XA;1023XA;16;100.0;100.0;100;100;G4;1198;0.0;56.25
5365;1023XB;1023XB;20;100.0;100.0;100;100;G4;1164;0.0;0.0
5367;1023XC;1023XC;20;100.0;100.0;100;100;G4;1133;0.0;0.0
5369;1023XD;1023XE;19;100.0;100.0;100;95;G4;1226;0.0;0.0
5371;1023XG;1023XG;12;100.0;100.0;100;100;G4;1397;0.0;0.0
5373;1023XH;1023XH;12;100.0;100.0;100;100;G4;1198;0.0;0.0
5375;1023XJ;1023XJ;11;100.0;100.0;100;91;G4;1179;0.0;0.0
5377;1023XK;1023XK;13;100.0;100.0;100;100;G4;1219;0.0;0.0
5379;1023XL;1023XL;13;100.0;100.0;100;100;G4;1180;0.0;7.69
5381;1023XM;1023XM;11;100.0;100.0;100;100;G4;1296;0.0;0.0
5383;1023XN;1023XN;19;100.0;100.0;100;100;G4;1207;0.0;0.0
5385;1023XP;1023XP;12;100.0;100.0;100;100;G4;1547;0.0;0.0
5387;1023XR;1023XR;16;100.0;100.0;100;100;G4;1069;0.0;0.0
5389;1023XS;1023XS;16;100.0;100.0;100;100;G4;1139;0.0;0.0
5391;1023XT;1023XV;19;100.0;100.0;100;100;G4;1345;0.0;0.0
5393;1023XW;1023XW;12;100.0;100.0;100;100;G4;1337;0.0;0.0
5395;1023XX;1023XX;12;100.0;100.0;100;100;G4;1052;0.0;0.0
5397;1023XZ;1023XZ;13;100.0;100.0;100;100;G4;1152;0.0;0.0
5399;1023ZB;1023ZB;17;100.0;100.0;100;100;G4;556;0.0;0.0
5401;1023ZC;1023ZC;19;100.0;100.0;100;100;G4;588;0.0;0.0
5403;1023ZD;1023ZD;14;100.0;100.0;100;100;G4;961;0.0;0.0
5405;1023ZE;1023ZE;14;100.0;100.0;100;100;G4;1044;0.0;0.0
5407;1024AA;1024AA;11;100.0;90.91;100;91;G4;36;0.0;0.0
5409;1024AB;1024AB;12;100.0;100.0;100;100;G4;23;0.0;0.0
5411;1024AC;1024AC;12;100.0;91.67;100;100;G4;23;0.0;0.0
5413;1024AD;1024AD;13;100.0;92.31;100;92;G4;33;0.0;0.0
5415;1024AE;1024AE;13;100.0;100.0;100;100;G4;84;0.0;0.0
5417;1024AG;1024AG;12;100.0;100.0;100;100;G4;59;0.0;8.33
5419;1024AH;1024AH;14;100.0;92.86;100;100;G4;28;0.0;0.0
5421;1024AJ;1024AJ;13;100.0;84.62;100;100;G4;14;0.0;0.0
5423;1024AK;1024AK;16;100.0;100.0;100;100;G4;158;0.0;0.0
5425;1024AL;1024AL;23;100.0;95.65;100;100;G4;180;0.0;0.0
5427;1024AM;1024AM;24;100.0;95.83;100;100;G4;125;0.0;0.0
5429;1024AN;1024AN;24;100.0;95.83;100;100;G4;275;0.0;8.33
5431;1024AP;1024AP;15;100.0;100.0;100;100;G4;211;0.0;0.0
5433;1024AR;1024AR;21;100.0;90.48;100;95;G4;169;0.0;0.0
5435;1024AS;1024AS;20;100.0;95.0;100;100;G4;161;0.0;0.0
5437;1024AT;1024AT;21;100.0;100.0;100;100;G4;131;0.0;0.0
5439;1024AV;1024AV;16;100.0;100.0;100;100;G4;212;0.0;0.0
5441;1024AW;1024AW;23;100.0;100.0;100;100;G4;143;0.0;0.0
5443;1024AX;1024AX;23;100.0;100.0;100;100;G4;141;0.0;0.0
5445;1024AZ;1024AZ;22;100.0;86.36;100;100;G4;150;0.0;0.0
5447;1024BA;1024BA;16;100.0;100.0;100;100;G4;129;0.0;0.0
5449;1024BB;1024BB;23;100.0;100.0;100;100;G4;144;0.0;0.0
5451;1024BC;1024BC;18;100.0;94.44;100;100;G4;195;0.0;0.0
5453;1024BD;1024BD;27;100.0;88.89;100;93;G4;2959;0.0;3.7
5455;1024BE;1024BE;36;100.0;100.0;100;53;G6;3623;0.0;77.78
5457;1024BG;1024BG;21;100.0;100.0;100;100;G4;1097;0.0;90.48
5459;1024BH;1024BH;21;100.0;100.0;100;100;G4;1299;0.0;95.24
5461;1024BJ;1024BJ;21;100.0;100.0;100;100;G4;1186;0.0;100.0
5463;1024BK;1024BK;21;100.0;100.0;100;100;G4;1324;0.0;100.0
5465;1024BL;1024BL;13;100.0;100.0;100;100;G4;1335;0.0;76.92
5467;1024BM;1024BM;14;100.0;100.0;100;100;G4;1230;0.0;0.0
5469;1024BN;1024BN;15;100.0;100.0;100;100;G4;929;0.0;100.0
5471;1024BP;1024BP;21;100.0;100.0;100;100;G4;1271;0.0;71.43
5473;1024BR;1024BR;14;100.0;100.0;100;100;G4;1231;0.0;100.0
5475;1024BS;1024BS;14;100.0;100.0;100;100;G4;1281;0.0;100.0
5477;1024BT;1024BT;14;100.0;100.0;100;100;G4;1267;0.0;100.0
5479;1024BV;1024BV;166;100.0;98.8;100;97;G4;1394;0.0;2.41
5481;1024BW;1024BW;13;100.0;100.0;100;100;G4;1107;0.0;76.92
5483;1024BX;1024BX;12;100.0;100.0;100;100;G4;1105;0.0;0.0
5491;1024CG;1024CG;21;100.0;100.0;100;100;G4;1153;0.0;0.0
5493;1024CH;1024CH;12;100.0;100.0;100;100;G4;1222;0.0;8.33
5495;1024CJ;1024CK;23;100.0;100.0;100;100;G4;1279;0.0;0.0
5497;1024CL;1024CL;13;100.0;100.0;100;92;G4;2803;0.0;0.0
5499;1024CM;1024CM;18;100.0;100.0;100;100;G4;1115;0.0;0.0
5501;1024CN;1024CN;19;100.0;100.0;100;95;G4;1828;0.0;0.0
5503;1024CP;1024CP;16;100.0;100.0;100;100;G4;1116;0.0;0.0
5505;1024CR;1024CR;19;100.0;100.0;100;100;G4;1185;0.0;0.0
5507;1024CS;1024CS;20;100.0;100.0;100;100;G4;1065;0.0;0.0
5509;1024CT;1024CT;20;100.0;100.0;100;100;G4;1206;0.0;0.0
5511;1024CV;1024CV;14;100.0;100.0;100;100;G4;1286;0.0;0.0
5513;1024CW;1024CW;14;100.0;100.0;100;100;G4;1225;0.0;0.0
5515;1024CX;1024CX;20;100.0;100.0;100;100;G4;1214;0.0;0.0
5517;1024CZ;1024CZ;18;100.0;100.0;100;100;G4;1173;0.0;0.0
5519;1024DA;1024EA;39;100.0;97.44;100;100;G4;1239;0.0;0.0
5522;1024EB;1024EB;18;100.0;0.0;100;100;G4;1332;0.0;0.0
5524;1024EC;1024EC;18;100.0;0.0;100;100;G4;1565;0.0;0.0
5526;1024ED;1024ED;18;100.0;22.22;100;100;G4;992;0.0;0.0
5528;1024EE;1024EE;18;100.0;16.67;100;100;G4;886;0.0;0.0
5530;1024EG;1024EH;25;100.0;64.0;100;100;G4;1253;0.0;0.0
5532;1024EJ;1024EJ;12;100.0;100.0;100;100;G4;917;0.0;0.0
5534;1024EK;1024EK;38;100.0;76.32;100;97;G4;1442;0.0;0.0
5536;1024EL;1024EL;18;100.0;100.0;100;100;G4;1102;0.0;0.0
5538;1024EM;1024EM;18;100.0;100.0;100;100;G4;1316;0.0;0.0
5540;1024EN;1024EN;18;100.0;100.0;100;100;G4;1192;0.0;5.56
5542;1024EP;1024EP;18;100.0;100.0;100;100;G4;1593;0.0;0.0
5544;1024ER;1024ER;18;100.0;100.0;100;100;G4;1308;0.0;0.0
5546;1024ES;1024ES;18;100.0;100.0;100;100;G4;1021;0.0;0.0
5548;1024ET;1024ET;18;100.0;100.0;100;100;G4;1135;0.0;0.0
5550;1024EV;1024EV;18;100.0;100.0;100;100;G4;1476;0.0;0.0
5552;1024EW;1024EW;18;100.0;100.0;100;100;G4;1448;0.0;0.0
5554;1024EX;1024EX;18;100.0;100.0;100;100;G4;1412;0.0;0.0
5556;1024EZ;1024EZ;41;100.0;100.0;100;100;G4;1263;0.0;0.0
5558;1024GA;1024GA;24;100.0;100.0;100;100;G4;1390;0.0;0.0
5560;1024GB;1024GB;26;100.0;96.15;100;100;G4;1419;0.0;0.0
5562;1024GC;1024GC;18;100.0;100.0;100;100;G4;1007;0.0;0.0
5564;1024GD;1024GE;32;100.0;100.0;100;100;G4;1317;0.0;6.25
5566;1024GG;1024GG;26;100.0;100.0;100;100;G4;1175;0.0;0.0
5568;1024GH;1024GH;18;100.0;100.0;100;100;G4;922;0.0;0.0
5570;1024GJ;1024GK;32;100.0;100.0;100;100;G4;1300;0.0;0.0
5572;1024GL;1024GL;26;100.0;100.0;100;100;G4;1236;0.0;0.0
5574;1024GM;1024GM;20;100.0;100.0;100;100;G4;1207;0.0;0.0
5576;1024GN;1024GN;18;100.0;100.0;100;100;G4;1229;0.0;50.0
5578;1024GP;1024GP;18;100.0;94.44;100;100;G4;1179;0.0;0.0
5580;1024GR;1024GR;26;100.0;96.15;100;96;G4;1324;0.0;0.0
5582;1024GS;1024GS;17;100.0;100.0;100;100;G4;996;0.0;0.0
5584;1024GT;1024GT;18;100.0;100.0;100;100;G4;1304;0.0;0.0
5586;1024GV;1024GV;18;100.0;100.0;100;100;G4;1305;0.0;5.56
5588;1024GW;1024GW;17;100.0;94.12;100;100;G4;1014;0.0;5.88
5590;1024GX;1024GX;18;100.0;100.0;100;100;G4;1411;0.0;0.0
5592;1024GZ;1024HA;30;100.0;30.0;100;100;G4;1263;0.0;0.0
5595;1024HB;1024HB;19;100.0;0.0;100;100;G4;1407;0.0;0.0
5597;1024HC;1024HC;18;100.0;0.0;100;100;G4;1416;0.0;0.0
5599;1024HD;1024HD;18;100.0;0.0;100;100;G4;1437;0.0;0.0
5601;1024HE;1024HE;18;100.0;0.0;100;100;G4;1357;0.0;0.0
5603;1024HG;1024HG;25;100.0;0.0;100;100;G4;1420;0.0;0.0
5605;1024HH;1024HH;21;100.0;0.0;100;100;G4;1296;0.0;0.0
5607;1024HJ;1024HJ;12;100.0;0.0;100;100;G4;1396;0.0;0.0
5609;1024HK;1024HK;18;100.0;0.0;100;100;G4;1274;0.0;0.0
5611;1024HL;1024HL;20;100.0;95.0;100;100;G4;1333;0.0;5.0
5613;1024HM;1024HM;28;100.0;100.0;100;100;G4;1079;0.0;3.57
5615;1024HN;1024HN;21;100.0;100.0;100;100;G4;1255;0.0;0.0
5617;1024HP;1024HP;19;100.0;100.0;100;100;G4;1622;0.0;0.0
5619;1024HR;1024HR;18;100.0;100.0;100;100;G4;1457;0.0;0.0
5621;1024HS;1024HS;18;100.0;94.44;100;100;G4;1455;0.0;33.33
5623;1024HT;1024HT;14;100.0;85.71;100;86;G4;2753;0.0;0.0
5625;1024HV;1024HV;21;100.0;100.0;100;100;G4;1173;0.0;0.0
5627;1024HW;1024HW;19;100.0;100.0;100;100;G4;1246;0.0;0.0
5629;1024HX;1024HX;12;100.0;100.0;100;100;G4;1272;0.0;0.0
5631;1024HZ;1024HZ;18;100.0;100.0;100;100;G4;1269;0.0;5.56
5633;1024JA;1024JA;13;100.0;92.31;100;92;G4;2433;0.0;0.0
5635;1024JB;1024JB;21;100.0;100.0;100;100;G4;1037;0.0;0.0
5637;1024JC;1024JC;19;100.0;100.0;100;100;G4;1274;0.0;0.0
5639;1024JD;1024JD;18;100.0;100.0;100;100;G4;1493;0.0;0.0
5641;1024JE;1024JE;18;100.0;94.44;100;100;G4;1178;0.0;0.0
5643;1024JG;1024JG;12;100.0;100.0;100;100;G4;1154;0.0;0.0
5645;1024JH;1024JH;19;100.0;89.47;100;100;G4;1482;0.0;0.0
5647;1024JJ;1024JJ;12;100.0;100.0;100;100;G4;970;0.0;0.0
5649;1024JK;1024JN;35;100.0;82.86;100;83;G4;1588;0.0;22.86
5652;1024JP;1024JP;14;100.0;100.0;100;100;G4;1095;0.0;0.0
5654;1024JR;1024JR;24;100.0;91.67;100;88;G4;4302;0.0;0.0
5656;1024JS;1024JS;18;100.0;100.0;100;100;G4;1305;0.0;0.0
5658;1024JT;1024JT;26;100.0;100.0;100;100;G4;1159;0.0;0.0
5660;1024JV;1024JV;27;100.0;100.0;100;100;G4;1164;0.0;0.0
5662;1024JW;1024JW;20;100.0;100.0;100;100;G4;1143;0.0;0.0
5664;1024JX;1024JX;20;100.0;100.0;100;100;G4;1107;0.0;0.0
5666;1024JZ;1024JZ;18;100.0;100.0;100;100;G6;1712;0.0;94.44
5668;1024KA;1024KA;18;100.0;100.0;100;100;G4;1955;0.0;0.0
5670;1024KB;1024KB;24;100.0;100.0;100;100;G4;44;0.0;4.17
5672;1024KC;1024KC;23;100.0;100.0;100;100;G4;53;0.0;4.35
5674;1024KD;1024KD;18;100.0;100.0;100;100;G4;34;0.0;0.0
5676;1024KE;1024KE;15;100.0;93.33;100;100;G4;43;0.0;0.0
5678;1024KG;1024KG;16;100.0;100.0;100;100;G4;37;0.0;0.0
5680;1024KH;1024KH;20;100.0;100.0;100;100;G4;1172;0.0;0.0
5682;1024KJ;1024KJ;14;100.0;100.0;100;100;G4;1361;0.0;0.0
5684;1024KK;1024KK;14;100.0;100.0;100;100;G4;1123;0.0;0.0
5686;1024KL;1024KL;21;100.0;100.0;100;86;G4;2628;0.0;0.0
5688;1024KM;1024KN;19;100.0;100.0;100;100;G4;266;0.0;0.0
5691;1024KP;1024KP;27;100.0;96.3;100;100;G4;23;0.0;0.0
5693;1024KR;1024KR;27;100.0;100.0;100;100;G4;13;0.0;0.0
5695;1024KS;1024KS;27;100.0;96.3;100;100;G4;16;0.0;0.0
5697;1024KT;1024KT;27;100.0;100.0;100;96;G4;363;0.0;0.0
5699;1024KV;1024KW;23;100.0;100.0;100;83;G6;4150;0.0;8.7
5702;1024KX;1024KX;21;100.0;100.0;100;100;G4;1235;0.0;71.43
5704;1024KZ;1024KZ;21;100.0;100.0;100;100;G4;1405;0.0;85.71
5706;1024LA;1024LA;14;100.0;100.0;100;100;G4;1169;0.0;100.0
5708;1024LB;1024LB;14;100.0;100.0;100;100;G4;1219;0.0;100.0
5710;1024LC;1024LC;14;100.0;100.0;100;100;G4;1257;0.0;50.0
5712;1024LD;1024LD;26;100.0;100.0;100;100;G4;1132;0.0;76.92
5714;1024LE;1024LE;19;100.0;100.0;100;95;G4;1330;0.0;84.21
5716;1024LG;1024LG;26;100.0;100.0;100;100;G4;1254;0.0;84.62
5718;1024LH;1024LH;13;100.0;100.0;100;100;G4;917;0.0;76.92
5720;1024LJ;1024LJ;24;100.0;100.0;100;63;G4;2601;0.0;75.0
5722;1024LK;1024LK;16;100.0;100.0;100;63;G4;3407;0.0;12.5
5724;1024LL;1024LL;13;100.0;100.0;100;92;G4;831;0.0;0.0
5726;1024LM;1024LM;24;100.0;100.0;100;100;G4;52;0.0;0.0
5728;1024LN;1024LN;24;100.0;100.0;100;100;G4;40;0.0;0.0
5730;1024LP;1024LP;24;100.0;100.0;100;100;G4;57;0.0;0.0
5732;1024LR;1024LR;12;100.0;100.0;100;100;G4;31;0.0;0.0
5734;1024LT;1024LT;21;100.0;95.24;100;100;G4;34;0.0;4.76
5737;1024LW;1024LW;21;100.0;100.0;100;100;G4;37;0.0;0.0
5739;1024LX;1024LX;21;100.0;95.24;100;100;G4;36;0.0;0.0
5741;1024LZ;1024LZ;21;100.0;100.0;100;100;G4;38;0.0;0.0
5743;1024MA;1024MA;39;100.0;100.0;100;100;G4;1280;0.0;5.13
5745;1024ME;1024ME;38;100.0;100.0;100;100;G4;1491;0.0;7.89
5747;1024MG;1024MG;27;100.0;100.0;100;100;G4;907;0.0;0.0
5749;1024MH;1024MH;22;100.0;100.0;100;100;G4;1923;0.0;0.0
5751;1024NA;1024NA;21;100.0;100.0;100;100;G4;28;0.0;0.0
5753;1024NB;1024NB;27;100.0;92.59;100;85;G4;777;0.0;18.52
5755;1024NC;1024NC;21;100.0;100.0;100;100;G4;1405;0.0;0.0
5757;1024ND;1024ND;21;100.0;100.0;100;100;G4;1388;0.0;0.0
5759;1024NE;1024NE;15;100.0;100.0;100;100;G4;1103;0.0;0.0
5761;1024NG;1024NG;19;100.0;94.74;100;95;G4;3548;0.0;0.0
5763;1024NH;1024NH;19;100.0;94.74;100;95;G4;2896;0.0;0.0
5765;1024NJ;1024NJ;18;100.0;100.0;100;100;G4;1232;0.0;33.33
5767;1024NK;1024NK;12;100.0;100.0;100;100;G4;1361;0.0;0.0
5769;1024NL;1024NL;17;100.0;100.0;100;94;G4;1803;0.0;76.47
5771;1024NM;1024NM;17;100.0;100.0;100;100;G4;1803;0.0;0.0
5773;1024NN;1024NN;25;100.0;80.0;100;92;G4;2535;0.0;4.0
5775;1024NP;1024NP;17;100.0;100.0;100;100;G4;1329;0.0;41.18
5777;1024NR;1024NR;18;100.0;100.0;100;100;G4;1155;0.0;0.0
5779;1024NS;1024NS;17;100.0;100.0;100;100;G4;1296;0.0;0.0
5781;1024NT;1024NT;18;100.0;100.0;100;100;G4;1460;0.0;0.0
5783;1024NV;1024NV;17;100.0;100.0;100;100;G4;1401;0.0;0.0
5785;1024NW;1024NW;18;100.0;100.0;100;100;G4;1219;0.0;0.0
5787;1024NX;1024NX;17;100.0;100.0;100;100;G4;1392;0.0;0.0
5789;1024NZ;1024NZ;18;100.0;100.0;100;100;G4;1107;0.0;0.0
5791;1024PA;1024PA;17;100.0;100.0;100;100;G4;964;0.0;0.0
5793;1024PB;1024PB;18;100.0;100.0;100;100;G4;1320;0.0;33.33
5795;1024PC;1024PC;18;100.0;100.0;100;100;G4;1161;0.0;0.0
5797;1024PD;1024PD;18;100.0;100.0;100;100;G4;1249;0.0;0.0
5799;1024PE;1024PE;12;100.0;100.0;100;100;G4;1218;0.0;0.0
5801;1024PG;1024PG;25;100.0;96.0;100;96;G4;1763;0.0;0.0
5803;1024PH;1024PH;23;100.0;100.0;100;91;G4;1307;0.0;0.0
5805;1024PJ;1024PJ;25;100.0;100.0;100;92;G4;2203;0.0;0.0
5807;1024PK;1024PK;23;100.0;95.65;100;96;G4;1300;0.0;0.0
5809;1024PL;1024PL;24;100.0;100.0;100;100;G4;166;0.0;12.5
5811;1024PM;1024PM;21;100.0;100.0;100;100;G4;1053;0.0;0.0
5813;1024PN;1024PN;21;100.0;100.0;100;100;G4;1031;0.0;0.0
5815;1024PP;1024PP;21;100.0;100.0;100;100;G4;986;0.0;0.0
5817;1024PR;1024PR;21;100.0;100.0;100;100;G4;1123;0.0;0.0
5819;1024PS;1024PS;19;100.0;100.0;100;100;G4;1134;0.0;5.26
5821;1024PT;1024PT;22;100.0;100.0;100;100;G4;792;0.0;0.0
5823;1024PV;1024PV;21;100.0;100.0;100;100;G4;1014;0.0;0.0
5825;1024PW;1024PW;14;100.0;100.0;100;100;G4;1027;0.0;0.0
5827;1024PX;1024PX;14;100.0;100.0;100;100;G4;975;0.0;0.0
5829;1024PZ;1024PZ;14;100.0;100.0;100;93;G4;892;0.0;0.0
5831;1024RS;1024RS;21;100.0;100.0;100;100;G4;1309;0.0;33.33
5833;1024RT;1024RT;14;100.0;100.0;100;100;G4;1216;0.0;0.0
5835;1024RV;1024RV;14;100.0;100.0;100;100;G4;1391;0.0;0.0
5837;1024RW;1024RW;14;100.0;100.0;100;100;G4;1428;0.0;0.0
5839;1024RX;1024RX;14;100.0;100.0;100;100;G4;1109;0.0;0.0
5841;1024RZ;1024RZ;19;100.0;100.0;100;100;G4;1103;0.0;0.0
5843;1024SB;1024SB;14;100.0;100.0;100;100;G4;1047;0.0;0.0
5845;1024SC;1024SC;15;100.0;93.33;100;100;G4;853;0.0;0.0
5847;1024SE;1024SE;21;100.0;100.0;100;100;G4;937;0.0;0.0
5849;1024SG;1024SG;14;100.0;100.0;100;100;G4;1107;0.0;0.0
5851;1024SH;1024SH;14;100.0;92.86;100;100;G4;1062;0.0;0.0
5853;1024SJ;1024SJ;14;100.0;100.0;100;100;G4;1040;0.0;7.14
5855;1024SK;1024SK;21;100.0;100.0;100;100;G4;1172;0.0;0.0
5857;1024SL;1024SL;21;100.0;95.24;100;100;G4;1142;0.0;0.0
5859;1024SM;1024SM;21;100.0;95.24;100;100;G4;1134;0.0;0.0
5861;1024SN;1024SN;14;100.0;100.0;100;100;G4;1273;0.0;7.14
5863;1024SP;1024SP;20;100.0;100.0;100;100;G4;1088;0.0;35.0
5865;1024SR;1024SR;17;100.0;0.0;100;100;G4;16;0.0;0.0
5867;1024ST;1024ST;13;100.0;0.0;100;100;G4;17;0.0;0.0
5869;1024SV;1024SV;14;100.0;0.0;100;100;G4;22;0.0;0.0
5871;1024SW;1024SW;13;100.0;0.0;100;100;G4;15;0.0;0.0
5873;1024SX;1024SX;14;100.0;0.0;100;100;G4;24;0.0;0.0
5875;1024SZ;1024SZ;13;100.0;0.0;100;100;G4;19;0.0;0.0
5877;1024TA;1024TA;14;100.0;0.0;100;100;G4;11;0.0;0.0
5879;1024TB;1024TB;13;100.0;0.0;100;100;G4;13;0.0;0.0
5881;1024TC;1024TC;13;100.0;0.0;100;100;G4;13;0.0;0.0
5883;1024TD;1024TD;13;100.0;0.0;100;100;G4;25;0.0;0.0
5885;1024TE;1024TE;13;100.0;0.0;100;100;G4;20;0.0;0.0
5887;1024TG;1024TG;12;100.0;0.0;100;100;G4;23;0.0;0.0
5889;1024TH;1024TH;18;100.0;0.0;100;89;G4;459;0.0;0.0
5891;1024TJ;1024TJ;21;100.0;100.0;100;100;G4;1172;0.0;0.0
5893;1024TK;1024TK;20;100.0;100.0;100;100;G4;1020;0.0;40.0
5895;1024TL;1024TL;21;100.0;95.24;100;100;G4;1310;0.0;0.0
5897;1024TM;1024TM;20;100.0;95.0;100;100;G4;1246;0.0;0.0
5899;1024TN;1024TN;21;100.0;95.24;100;100;G4;1028;0.0;0.0
5901;1024TP;1024TP;20;100.0;100.0;100;100;G4;943;0.0;0.0
5903;1024TR;1024TR;21;100.0;100.0;100;100;G4;1033;0.0;33.33
5905;1024TS;1024TS;20;100.0;100.0;100;100;G4;1119;0.0;35.0
5907;1024TT;1024TV;23;100.0;95.65;100;91;G4;1655;0.0;4.35
5909;1024TW;1024TW;21;100.0;100.0;100;100;G4;1165;0.0;0.0
5911;1024TX;1024TX;21;100.0;100.0;100;100;G4;1295;0.0;0.0
5913;1024TZ;1024TZ;14;100.0;92.86;100;100;G4;1326;0.0;0.0
5915;1024VA;1024VA;20;100.0;95.0;100;100;G4;1136;0.0;0.0
5917;1024VB;1024VB;22;100.0;100.0;100;100;G4;1273;0.0;36.36
5919;1024VC;1024VC;21;100.0;100.0;100;100;G4;1125;0.0;0.0
5921;1024VD;1024VD;21;100.0;100.0;100;100;G4;1354;0.0;0.0
5923;1024VE;1024VE;14;100.0;100.0;100;100;G4;1166;0.0;0.0
5925;1024VG;1024VG;14;100.0;100.0;100;100;G4;1219;0.0;0.0
5927;1024VH;1024VH;26;100.0;100.0;100;100;G4;929;0.0;11.54
5929;1024VJ;1024VJ;14;100.0;100.0;100;100;G4;838;0.0;14.29
5931;1024VK;1024VR;15;100.0;6.67;100;67;G4;3759;0.0;0.0
5937;1024VS;1024VS;26;100.0;100.0;100;100;G4;868;0.0;0.0
5939;1024VT;1024VT;14;100.0;100.0;100;100;G4;725;0.0;0.0
5941;1024VV;1024VV;27;100.0;100.0;100;100;G4;934;0.0;3.7
5943;1024VW;1024VW;18;100.0;100.0;100;100;G4;1007;0.0;0.0
5945;1024VX;1024VX;27;100.0;100.0;100;100;G4;902;0.0;0.0
5947;1024VZ;1024VZ;18;100.0;94.44;100;100;G4;841;0.0;0.0
5949;1024WC;1024WC;45;100.0;100.0;100;100;G4;1002;0.0;0.0
5951;1024WE;1024WE;45;100.0;100.0;100;100;G4;870;0.0;20.0
5953;1024XA;1024XA;27;100.0;100.0;100;100;G4;864;0.0;96.3
5955;1024XB;1024XB;18;100.0;100.0;100;100;G4;1049;0.0;38.89
5957;1024XC;1024XC;10;100.0;10.0;100;90;G4;1546;0.0;0.0
5959;1024XD;1024XL;72;100.0;0.0;100;100;G4;1029;0.0;0.0
5962;1024XM;1024XM;18;100.0;0.0;100;100;G4;999;0.0;0.0
5964;1024XN;1024XN;18;100.0;0.0;100;100;G4;835;0.0;0.0
5966;1024XP;1024XP;18;100.0;0.0;100;100;G4;956;0.0;0.0
5968;1024XR;1024XR;110;100.0;9.09;100;99;G4;907;0.0;0.0
5971;1024XT;1024XT;18;100.0;0.0;100;100;G4;846;0.0;0.0
5973;1024XV;1024XV;18;100.0;0.0;100;100;G4;713;0.0;0.0
5975;1024XW;1024XW;18;100.0;0.0;100;100;G4;874;0.0;0.0
5977;1024XX;1024XX;18;100.0;0.0;100;100;G4;882;0.0;0.0
5979;1024XZ;1024XZ;18;100.0;0.0;100;100;G4;783;0.0;0.0
5982;1025AA;1025AA;21;100.0;100.0;100;100;G4;1383;0.0;0.0
5984;1025AB;1025AB;22;100.0;95.45;100;100;G4;150;0.0;0.0
5986;1025AC;1025AC;12;100.0;100.0;100;92;G4;840;0.0;0.0
5988;1025AD;1025AD;25;100.0;100.0;100;100;G4;645;0.0;0.0
5990;1025AE;1025AE;10;100.0;100.0;100;100;G4;1382;0.0;0.0
5992;1025AG;1025AG;23;100.0;91.3;100;100;G4;152;0.0;4.35
5994;1025AH;1025AH;10;100.0;100.0;100;100;G4;149;0.0;0.0
5996;1025AJ;1025AJ;20;100.0;90.0;100;95;G4;65;0.0;0.0
5998;1025AK;1025AK;20;100.0;95.0;100;90;G4;2541;0.0;0.0
6000;1025AL;1025AL;14;100.0;100.0;100;100;G4;65;0.0;0.0
6002;1025AM;1025AM;20;100.0;90.0;100;90;G4;65;0.0;0.0
6004;1025AN;1025AN;17;100.0;100.0;100;100;G4;65;0.0;0.0
6006;1025AP;1025AP;10;100.0;100.0;100;100;G4;65;0.0;0.0
6008;1025AR;1025AR;18;100.0;100.0;100;89;G4;1866;0.0;5.56
6010;1025AS;1025AT;30;100.0;100.0;100;67;G4;3041;0.0;3.33
6013;1025AV;1025AZ;77;100.0;98.7;100;96;G4;1154;0.0;0.0
6016;1025BA;1025BA;16;100.0;100.0;100;100;G4;1156;0.0;6.25
6018;1025BB;1025BB;16;100.0;100.0;100;100;G4;1080;0.0;0.0
6020;1025BC;1025BC;16;100.0;100.0;100;100;G4;1359;0.0;0.0
6022;1025BD;1025BD;15;100.0;100.0;100;100;G4;1263;0.0;0.0
6024;1025BE;1025BE;26;100.0;96.15;100;92;G4;3121;0.0;0.0
6026;1025BG;1025BG;16;100.0;100.0;100;100;G4;1198;0.0;0.0
6028;1025BH;1025BJ;22;100.0;95.45;100;86;G4;1257;0.0;0.0
6031;1025BK;1025BK;24;100.0;100.0;100;100;G4;1147;0.0;0.0
6033;1025BL;1025BL;17;100.0;94.12;100;94;G4;3223;0.0;5.88
6035;1025BM;1025BM;21;100.0;100.0;100;90;G4;1768;0.0;4.76
6037;1025BN;1025BN;20;100.0;100.0;100;100;G4;1046;0.0;0.0
6039;1025BP;1025BP;20;100.0;100.0;100;100;G4;1454;0.0;0.0
6041;1025BR;1025BR;20;100.0;100.0;100;100;G4;1409;0.0;0.0
6043;1025BS;1025BV;30;100.0;96.67;100;87;G4;4385;0.0;0.0
6045;1025BW;1025BW;20;100.0;100.0;100;100;G4;1243;0.0;5.0
6047;1025BX;1025BX;20;100.0;100.0;100;100;G4;1168;0.0;0.0
6049;1025BZ;1025BZ;21;100.0;100.0;100;100;G4;1413;0.0;0.0
6051;1025CA;1025CB;32;100.0;96.88;100;97;G4;3155;0.0;0.0
6053;1025CC;1025CC;24;100.0;95.83;100;100;G4;1563;0.0;0.0
6055;1025CD;1025CJ;25;100.0;100.0;100;92;G4;1608;0.0;4.0
6057;1025CK;1025CK;24;100.0;100.0;100;100;G4;927;0.0;0.0
6059;1025CL;1025CL;12;100.0;100.0;100;100;G4;853;0.0;0.0
6061;1025CM;1025CM;24;100.0;100.0;100;100;G4;370;0.0;4.17
6063;1025CN;1025CN;16;100.0;100.0;100;100;G4;382;0.0;0.0
6065;1025CP;1025CP;24;100.0;100.0;100;100;G4;1099;0.0;0.0
6067;1025CR;1025CR;16;100.0;100.0;100;100;G4;1342;0.0;6.25
6069;1025CS;1025CS;24;100.0;100.0;100;100;G4;980;0.0;0.0
6071;1025CT;1025CT;16;100.0;100.0;100;100;G4;833;0.0;0.0
6073;1025CV;1025CV;24;100.0;100.0;100;100;G4;1102;0.0;0.0
6075;1025CW;1025CW;74;100.0;93.24;100;100;G4;336;0.0;14.86
6077;1025CX;1025CX;23;100.0;100.0;100;100;G4;45;0.0;0.0
6079;1025CZ;1025CZ;24;100.0;95.83;100;100;G4;52;0.0;4.17
6081;1025DA;1025DA;22;100.0;100.0;100;100;G4;1048;0.0;0.0
6083;1025DB;1025DB;22;100.0;100.0;100;100;G4;871;0.0;0.0
6085;1025DC;1025DC;20;100.0;100.0;100;100;G4;1390;0.0;0.0
6087;1025DD;1025DD;21;100.0;100.0;100;95;G4;1636;0.0;0.0
6089;1025DM;1025DM;17;100.0;100.0;100;100;G4;65;0.0;0.0
6091;1025DN;1025DN;17;100.0;94.12;100;100;G4;26;0.0;0.0
6093;1025DP;1025DP;18;100.0;100.0;100;100;G4;24;0.0;0.0
6095;1025DR;1025DR;15;100.0;100.0;100;100;G4;27;0.0;0.0
6097;1025DS;1025DS;14;100.0;100.0;100;100;G4;28;0.0;0.0
6099;1025DT;1025DT;18;100.0;94.44;100;94;G4;134;0.0;5.56
6101;1025DV;1025DV;18;100.0;100.0;100;100;G4;31;0.0;0.0
6103;1025DW;1025DW;18;100.0;94.44;100;100;G4;26;0.0;0.0
6105;1025DX;1025DX;17;100.0;100.0;100;100;G4;31;0.0;5.88
6107;1025DZ;1025DZ;14;100.0;85.71;100;100;G4;131;0.0;7.14
6109;1025EA;1025EA;16;100.0;100.0;100;100;G4;33;0.0;0.0
6111;1025EB;1025EB;17;100.0;94.12;100;100;G4;25;0.0;0.0
6113;1025EC;1025EC;18;100.0;88.89;100;94;G4;23;0.0;0.0
6115;1025ED;1025ED;17;100.0;100.0;100;100;G4;26;0.0;0.0
6117;1025EE;1025EE;16;100.0;93.75;100;100;G4;25;0.0;0.0
6119;1025EG;1025EG;27;100.0;92.59;100;100;G4;41;0.0;3.7
6121;1025EH;1025EH;25;100.0;96.0;100;100;G4;57;0.0;0.0
6123;1025EJ;1025EJ;26;100.0;100.0;100;100;G4;43;0.0;0.0
6125;1025EK;1025EK;28;100.0;100.0;100;100;G4;1414;0.0;0.0
6127;1025EL;1025EL;24;100.0;100.0;100;100;G4;1221;0.0;4.17
6129;1025EM;1025EM;24;100.0;100.0;100;100;G4;1438;0.0;4.17
6131;1025EN;1025EN;28;100.0;100.0;100;100;G4;1564;0.0;0.0
6133;1025EP;1025EP;22;100.0;100.0;100;100;G4;1497;0.0;4.55
6135;1025ER;1025ER;23;100.0;100.0;100;96;G4;1606;0.0;0.0
6137;1025ES;1025ES;28;100.0;100.0;100;89;G4;1574;0.0;14.29
6139;1025ET;1025ET;28;100.0;96.43;100;68;G4;3578;0.0;7.14
6141;1025EW;1025EW;13;100.0;100.0;100;77;G4;3643;0.0;0.0
6143;1025EX;1025EX;11;100.0;81.82;100;55;G4;5669;0.0;9.09
6145;1025EZ;1025EZ;18;100.0;94.44;100;83;G4;3814;0.0;11.11
6146;1025GA;1025GA;11;100.0;90.91;100;64;G4;4328;0.0;0.0
6148;1025GB;1025GB;63;100.0;96.83;100;86;G4;1746;0.0;6.35
6150;1025GC;1025GC;24;100.0;95.83;100;100;G4;59;0.0;62.5
6152;1025GD;1025GD;22;100.0;90.91;100;95;G4;75;0.0;9.09
6154;1025GE;1025GE;23;100.0;95.65;100;100;G4;25;0.0;0.0
6156;1025GG;1025GG;20;100.0;100.0;100;100;G4;42;0.0;0.0
6158;1025GH;1025GH;21;100.0;90.48;100;95;G4;25;0.0;85.71
6160;1025GJ;1025GJ;23;100.0;100.0;100;100;G4;28;0.0;91.3
6162;1025GK;1025GK;23;100.0;91.3;100;100;G4;58;0.0;21.74
6164;1025GL;1025GL;23;100.0;100.0;100;100;G4;47;0.0;56.52
6166;1025GM;1025GM;17;100.0;100.0;100;100;G4;51;0.0;88.24
6168;1025GN;1025GN;19;100.0;100.0;100;100;G4;44;0.0;94.74
6170;1025GP;1025GP;17;100.0;100.0;100;100;G4;38;0.0;76.47
6172;1025GR;1025GR;24;100.0;95.83;100;100;G4;57;0.0;62.5
6174;1025GS;1025GS;24;100.0;100.0;100;100;G4;67;0.0;37.5
6176;1025GT;1025GT;21;100.0;90.48;100;100;G4;58;0.0;0.0
6178;1025GV;1025GV;24;100.0;100.0;100;100;G4;28;0.0;12.5
6180;1025GW;1025GW;21;100.0;100.0;100;100;G4;37;0.0;0.0
6182;1025GX;1025GX;23;100.0;100.0;100;100;G4;40;0.0;0.0
6184;1025GZ;1025GZ;21;100.0;100.0;100;100;G4;27;0.0;0.0
6186;1025HA;1025HA;23;100.0;100.0;100;100;G4;25;0.0;86.96
6188;1025HB;1025HB;24;100.0;100.0;100;100;G4;41;0.0;100.0
6190;1025HC;1025HC;22;100.0;90.91;100;100;G4;328;0.0;77.27
6192;1025HD;1025HD;21;100.0;100.0;100;100;G4;43;0.0;100.0
6194;1025HE;1025HE;20;100.0;100.0;100;100;G4;36;0.0;15.0
6196;1025HG;1025HG;21;100.0;95.24;100;100;G4;46;0.0;19.05
6198;1025HH;1025HH;21;100.0;95.24;100;100;G4;114;0.0;42.86
6200;1025HJ;1025HJ;23;100.0;100.0;100;100;G4;50;0.0;82.61
6202;1025HK;1025HK;24;100.0;100.0;100;100;G4;42;0.0;87.5
6204;1025HL;1025HL;24;100.0;95.83;100;100;G4;49;0.0;91.67
6206;1025HM;1025HM;23;100.0;95.65;100;100;G4;43;0.0;95.65
6208;1025HN;1025HN;15;100.0;100.0;100;100;G4;44;0.0;73.33
6210;1025HP;1025HP;15;100.0;93.33;100;100;G4;35;0.0;60.0
6212;1025HR;1025HS;21;100.0;95.24;100;86;G4;1048;0.0;9.52
6214;1025HT;1025HT;21;100.0;90.48;100;95;G4;26;0.0;0.0
6216;1025HV;1025HV;16;100.0;100.0;100;100;G4;22;0.0;0.0
6218;1025HW;1025HW;16;100.0;100.0;100;100;G4;22;0.0;0.0
6220;1025HX;1025HX;18;100.0;100.0;100;100;G4;27;0.0;0.0
6222;1025HZ;1025HZ;11;100.0;72.73;100;91;G4;20;0.0;0.0
6224;1025JA;1025JA;12;100.0;91.67;100;92;G4;20;0.0;8.33
6226;1025JB;1025JB;16;100.0;100.0;100;100;G4;26;0.0;12.5
6228;1025JC;1025JC;13;100.0;92.31;100;100;G4;16;0.0;0.0
6230;1025JD;1025JD;18;100.0;88.89;100;100;G4;23;0.0;0.0
6232;1025JE;1025JE;19;100.0;89.47;100;100;G4;21;0.0;0.0
6234;1025JG;1025JG;10;100.0;100.0;100;100;G4;23;0.0;10.0
6236;1025JH;1025JH;22;100.0;95.45;100;100;G4;103;0.0;0.0
6238;1025JJ;1025JJ;21;100.0;95.24;100;100;G4;36;0.0;0.0
6240;1025JK;1025JK;21;100.0;100.0;100;100;G4;28;0.0;0.0
6242;1025JL;1025JL;21;100.0;95.24;100;100;G4;49;0.0;0.0
6244;1025JM;1025JM;21;100.0;100.0;100;100;G4;60;0.0;0.0
6246;1025JN;1025JN;20;100.0;100.0;100;100;G4;44;0.0;0.0
6248;1025JP;1025JP;21;100.0;100.0;100;100;G4;42;0.0;0.0
6250;1025JR;1025JR;20;100.0;100.0;100;100;G4;123;0.0;0.0
6252;1025JS;1025JS;23;100.0;95.65;100;100;G4;50;0.0;0.0
6254;1025JT;1025JT;21;100.0;100.0;100;100;G4;52;0.0;0.0
6256;1025JV;1025JV;21;100.0;100.0;100;100;G4;40;0.0;4.76
6258;1025JW;1025JW;21;100.0;95.24;100;100;G4;44;0.0;4.76
6260;1025JX;1025JX;21;100.0;100.0;100;100;G4;43;0.0;0.0
6262;1025JZ;1025JZ;22;100.0;100.0;100;100;G4;62;0.0;0.0
6264;1025KA;1025KA;18;100.0;100.0;100;100;G4;365;0.0;0.0
6266;1025KB;1025KB;20;100.0;90.0;100;100;G4;28;0.0;5.0
6268;1025KC;1025KC;20;100.0;100.0;100;100;G4;37;0.0;0.0
6270;1025KD;1025KD;19;100.0;100.0;100;100;G4;47;0.0;0.0
6272;1025KE;1025KE;20;100.0;95.0;100;95;G4;197;0.0;0.0
6274;1025KG;1025KG;19;100.0;100.0;100;100;G4;47;0.0;0.0
6276;1025KH;1025KH;18;100.0;94.44;100;100;G4;116;0.0;5.56
6278;1025KJ;1025KJ;20;100.0;90.0;100;100;G4;42;0.0;5.0
6280;1025KK;1025KK;20;100.0;100.0;100;100;G4;42;0.0;5.0
6282;1025KL;1025KL;16;100.0;100.0;100;100;G4;43;0.0;0.0
6284;1025KM;1025KM;15;100.0;100.0;100;100;G4;1242;0.0;0.0
6286;1025KN;1025KN;10;100.0;80.0;100;40;G25;13253;0.0;0.0
6288;1025KP;1025KP;11;100.0;100.0;100;73;G4;2343;0.0;27.27
6290;1025KR;1025KR;17;100.0;100.0;100;100;G4;1885;0.0;0.0
6292;1025KS;1025KS;17;100.0;100.0;100;100;G4;1899;0.0;5.88
6294;1025KT;1025KT;17;100.0;100.0;100;100;G4;1777;0.0;0.0
6296;1025KV;1025KW;19;100.0;100.0;100;84;G4;2060;0.0;0.0
6299;1025KX;1025LA;29;100.0;96.55;100;90;G4;1696;0.0;0.0
6301;1025LB;1025LB;24;100.0;95.83;100;96;G4;1392;0.0;0.0
6303;1025LC;1025LC;19;100.0;100.0;100;79;G4;1789;0.0;10.53
6305;1025LD;1025LD;19;100.0;100.0;100;79;G4;1666;0.0;0.0
6307;1025LE;1025LE;18;100.0;100.0;100;72;G4;2003;0.0;0.0
6309;1025LG;1025LG;20;100.0;100.0;100;95;G4;1594;0.0;0.0
6311;1025LH;1025LH;12;100.0;100.0;100;83;G4;2091;0.0;0.0
6313;1025LJ;1025LK;22;100.0;95.45;100;59;G4;3846;0.0;0.0
6316;1025LL;1025LL;10;100.0;100.0;100;60;G4;2040;0.0;0.0
6318;1025LM;1025LM;11;100.0;90.91;100;82;G4;2611;0.0;0.0
6320;1025LN;1025LN;26;100.0;100.0;100;92;G4;1658;0.0;0.0
6322;1025LP;1025LP;15;100.0;100.0;100;73;G4;1846;0.0;0.0
6324;1025LR;1025LR;16;100.0;100.0;100;81;G4;1821;0.0;0.0
6326;1025LS;1025LS;21;100.0;100.0;100;86;G4;1987;0.0;0.0
6328;1025LT;1025LT;12;100.0;100.0;100;83;G4;1910;0.0;0.0
6330;1025LV;1025LW;27;100.0;100.0;100;81;G4;1817;0.0;0.0
6332;1025LX;1025MB;44;100.0;97.73;100;95;G4;1346;0.0;4.55
6335;1025MC;1025MC;12;100.0;100.0;100;100;G4;1316;0.0;0.0
6337;1025ME;1025ME;39;100.0;100.0;100;100;G4;973;0.0;0.0
6339;1025MG;1025MG;39;100.0;100.0;100;100;G4;832;0.0;0.0
6341;1025MH;1025MH;30;100.0;100.0;100;100;G4;936;0.0;0.0
6343;1025MJ;1025MJ;21;100.0;100.0;100;100;G4;895;0.0;0.0
6345;1025MK;1025MK;15;100.0;100.0;100;100;G4;947;0.0;0.0
6347;1025ML;1025ML;20;100.0;100.0;100;100;G4;1754;0.0;25.0
6349;1025MN;1025MN;10;100.0;100.0;100;100;G4;1443;0.0;0.0
6351;1025MP;1025MP;24;100.0;100.0;100;100;G4;1399;0.0;0.0
6353;1025MR;1025MR;53;100.0;98.11;100;100;G4;1274;0.0;3.77
6355;1025MS;1025MS;63;100.0;100.0;100;100;G4;1384;0.0;14.29
6357;1025MT;1025MT;59;100.0;100.0;100;100;G4;1405;0.0;8.47
6359;1025MV;1025MV;28;100.0;100.0;100;100;G4;1167;0.0;3.57
6361;1025MX;1025MX;26;100.0;100.0;100;96;G4;1139;0.0;3.85
6362;1025MZ;1025MZ;76;100.0;100.0;100;100;G4;768;0.0;2.63
6365;1025NA;1025NA;16;100.0;100.0;100;100;G4;1242;0.0;0.0
6367;1025NB;1025NB;20;100.0;100.0;100;100;G4;1254;0.0;0.0
6369;1025NC;1025NC;14;100.0;100.0;100;100;G4;1386;0.0;0.0
6371;1025ND;1025ND;12;100.0;100.0;100;100;G4;1238;0.0;0.0
6373;1025NE;1025NE;10;100.0;100.0;100;100;G4;1572;0.0;10.0
6375;1025NG;1025NG;16;100.0;100.0;100;100;G4;1278;0.0;0.0
6377;1025NH;1025NH;14;100.0;100.0;100;100;G4;1203;0.0;14.29
6379;1025NJ;1025NJ;14;100.0;100.0;100;100;G4;1222;0.0;0.0
6381;1025NK;1025NK;12;100.0;100.0;100;100;G4;1086;0.0;8.33
6383;1025NL;1025NL;14;100.0;100.0;100;100;G4;1304;0.0;0.0
6385;1025NM;1025NM;16;100.0;100.0;100;100;G4;1333;0.0;12.5
6387;1025NN;1025NN;12;100.0;83.33;100;92;G4;1248;0.0;0.0
6389;1025NP;1025NP;16;100.0;100.0;100;100;G4;1348;0.0;0.0
6391;1025NR;1025NT;28;100.0;100.0;100;100;G4;1179;0.0;7.14
6393;1025NV;1025NV;16;100.0;100.0;100;100;G4;1408;0.0;0.0
6395;1025NX;1025NX;16;100.0;100.0;100;100;G4;1421;0.0;0.0
6397;1025NZ;1025NZ;10;100.0;100.0;100;100;G4;1203;0.0;0.0
6399;1025PA;1025PA;16;100.0;93.75;100;94;G4;1338;0.0;0.0
6401;1025PB;1025PB;17;100.0;94.12;100;100;G4;1648;0.0;0.0
6403;1025PC;1025PC;19;100.0;94.74;100;95;G4;1133;0.0;26.32
6405;1025PD;1025PD;80;100.0;97.5;100;99;G4;977;0.0;7.5
6407;1025PE;1025PE;12;100.0;66.67;100;92;G4;1402;0.0;8.33
6409;1025PG;1025PG;10;100.0;100.0;100;100;G4;1131;0.0;0.0
6411;1025PH;1025PH;15;100.0;86.67;100;100;G4;1481;0.0;0.0
6413;1025PJ;1025PJ;14;100.0;85.71;100;93;G4;1455;0.0;7.14
6415;1025PK;1025PK;15;100.0;93.33;100;100;G4;1459;0.0;6.67
6417;1025PL;1025PL;15;100.0;93.33;100;100;G4;1254;0.0;0.0
6419;1025PM;1025PM;15;100.0;100.0;100;100;G4;1310;0.0;6.67
6421;1025PN;1025PP;24;100.0;100.0;100;100;G4;1401;0.0;0.0
6423;1025PR;1025PR;17;100.0;100.0;100;82;G4;2657;0.0;0.0
6425;1025PS;1025PS;19;100.0;100.0;100;100;G4;1416;0.0;15.79
6427;1025PT;1025PT;21;100.0;100.0;100;100;G4;1421;0.0;4.76
6429;1025PV;1025PV;17;100.0;100.0;100;88;G4;2394;0.0;5.88
6431;1025PW;1025PW;21;100.0;100.0;100;100;G4;1478;0.0;4.76
6433;1025PX;1025PX;22;100.0;100.0;100;95;G4;1655;0.0;0.0
6435;1025PZ;1025RA;23;100.0;95.65;100;83;G4;4013;0.0;43.48
6438;1025RB;1025RB;15;100.0;93.33;100;100;G4;1127;0.0;86.67
6440;1025RC;1025RC;11;100.0;100.0;100;100;G4;1362;0.0;9.09
6442;1025RD;1025RD;20;100.0;100.0;100;100;G4;1343;0.0;80.0
6444;1025RE;1025RE;13;100.0;100.0;100;100;G4;1129;0.0;0.0
6446;1025RG;1025RG;13;100.0;100.0;100;100;G4;1219;0.0;15.38
6448;1025RH;1025RH;18;100.0;100.0;100;100;G4;1491;0.0;0.0
6450;1025RJ;1025RJ;10;100.0;100.0;100;100;G4;1296;0.0;0.0
6452;1025RK;1025RK;16;100.0;100.0;100;100;G4;1255;0.0;0.0
6454;1025RL;1025RM;19;100.0;100.0;100;100;G4;1302;0.0;5.26
6456;1025RN;1025RN;14;100.0;100.0;100;100;G4;1182;0.0;0.0
6458;1025RP;1025RP;15;100.0;100.0;100;100;G4;1422;0.0;0.0
6460;1025RR;1025RR;13;100.0;92.31;100;100;G4;1175;0.0;0.0
6462;1025RS;1025RS;16;100.0;100.0;100;100;G4;1285;0.0;0.0
6464;1025RT;1025RT;16;100.0;100.0;100;100;G4;1396;0.0;0.0
6466;1025RV;1025RV;30;100.0;100.0;100;100;G4;1144;0.0;3.33
6467;1025RW;1025RW;18;100.0;100.0;100;78;G4;1769;0.0;5.56
6470;1025RX;1025RX;18;100.0;100.0;100;67;G4;1956;0.0;0.0
6472;1025SB;1025SB;16;100.0;100.0;100;100;G4;28;0.0;0.0
6474;1025SC;1025SC;15;100.0;86.67;100;93;G4;255;0.0;0.0
6476;1025SE;1025SE;14;100.0;100.0;100;100;G4;18;0.0;0.0
6478;1025SG;1025SG;15;100.0;100.0;100;100;G4;17;0.0;0.0
6480;1025SH;1025SH;12;100.0;91.67;100;92;G4;19;0.0;0.0
6482;1025SJ;1025SJ;14;100.0;100.0;100;100;G4;38;0.0;0.0
6484;1025SK;1025SK;15;100.0;100.0;100;100;G4;29;0.0;0.0
6486;1025SL;1025SL;13;100.0;100.0;100;100;G4;18;0.0;0.0
6488;1025SM;1025SM;14;100.0;100.0;100;100;G4;30;0.0;0.0
6490;1025SN;1025SN;14;100.0;100.0;100;100;G4;23;0.0;0.0
6492;1025SP;1025SR;24;100.0;100.0;100;100;G4;28;0.0;0.0
6495;1025ST;1025ST;15;100.0;100.0;100;100;G4;40;0.0;0.0
6497;1025SV;1025SV;14;100.0;100.0;100;100;G4;30;0.0;0.0
6499;1025SW;1025SW;18;100.0;100.0;100;100;G4;25;0.0;0.0
6501;1025SX;1025SX;16;100.0;100.0;100;100;G4;24;0.0;0.0
6503;1025SZ;1025SZ;14;100.0;100.0;100;93;G4;31;0.0;0.0
6505;1025TA;1025TA;16;100.0;75.0;100;94;G4;36;0.0;0.0
6507;1025TB;1025TB;14;100.0;85.71;100;93;G4;19;0.0;0.0
6509;1025TC;1025TC;11;100.0;90.91;100;91;G4;19;0.0;0.0
6511;1025TD;1025TD;12;100.0;100.0;100;92;G4;825;0.0;0.0
6513;1025TE;1025TE;15;100.0;100.0;100;100;G4;23;0.0;0.0
6515;1025TG;1025TG;19;100.0;94.74;100;95;G4;40;0.0;0.0
6517;1025TH;1025TH;15;100.0;100.0;100;100;G4;28;0.0;0.0
6519;1025TJ;1025TJ;15;100.0;100.0;100;100;G4;28;0.0;0.0
6521;1025TK;1025TK;15;100.0;100.0;100;100;G4;41;0.0;0.0
6523;1025TL;1025TL;17;100.0;100.0;100;100;G4;27;0.0;5.88
6525;1025TM;1025TM;13;100.0;100.0;100;100;G4;26;0.0;7.69
6527;1025TN;1025TN;14;100.0;100.0;100;100;G4;27;0.0;0.0
6529;1025TP;1025TP;11;100.0;90.91;100;100;G4;24;0.0;0.0
6531;1025TR;1025TR;14;100.0;100.0;100;100;G4;19;0.0;0.0
6533;1025TS;1025TS;13;100.0;100.0;100;100;G4;32;0.0;0.0
6535;1025TT;1025TT;12;100.0;100.0;100;100;G4;26;0.0;0.0
6537;1025TV;1025TV;15;100.0;100.0;100;100;G4;34;0.0;0.0
6539;1025TW;1025TW;14;100.0;100.0;100;100;G4;32;0.0;0.0
6541;1025TX;1025TX;15;100.0;93.33;100;100;G4;28;0.0;0.0
6543;1025TZ;1025TZ;12;100.0;100.0;100;100;G4;65;0.0;0.0
6545;1025VA;1025VA;16;100.0;100.0;100;100;G4;38;0.0;0.0
6547;1025VB;1025VB;14;100.0;100.0;100;100;G4;27;0.0;0.0
6549;1025VC;1025VC;13;100.0;100.0;100;100;G4;28;0.0;0.0
6551;1025VN;1025VN;52;100.0;98.08;100;100;G4;898;0.0;1.92
6553;1025VP;1025VP;40;100.0;100.0;100;100;G4;1031;0.0;0.0
6555;1025VS;1025VS;15;100.0;100.0;100;93;G6;1679;0.0;13.33
6560;1025WB;1025WB;14;100.0;100.0;100;79;G4;2331;0.0;0.0
6562;1025WC;1025WC;13;100.0;100.0;100;54;G6;2722;0.0;0.0
6564;1025WD;1025WD;12;100.0;100.0;100;67;G4;2425;0.0;16.67
6566;1025WE;1025WE;15;100.0;100.0;100;73;G4;2618;0.0;0.0
6568;1025WH;1025WH;18;100.0;100.0;100;100;G6;1262;0.0;0.0
6570;1025WJ;1025WR;84;100.0;96.43;100;86;G4;2457;0.0;1.19
6574;1025WS;1025WS;42;100.0;100.0;100;100;G4;903;0.0;0.0
6576;1025WT;1025WT;42;100.0;100.0;100;100;G4;750;0.0;4.76
6578;1025WV;1025WV;41;100.0;100.0;100;100;G4;825;0.0;0.0
6580;1025WX;1025WX;19;100.0;100.0;100;100;G4;631;0.0;5.26
6582;1025WZ;1025WZ;34;100.0;100.0;100;100;G4;965;0.0;0.0
6584;1025XA;1025XB;13;100.0;92.31;100;54;G4;4232;0.0;0.0
6586;1025XC;1025XC;14;100.0;92.86;100;64;G4;5639;0.0;7.14
6588;1025XD;1025XE;22;100.0;100.0;100;86;G4;2933;0.0;4.55
6590;1025XG;1025XG;37;100.0;100.0;100;100;G4;751;0.0;0.0
6592;1025XH;1025XJ;65;100.0;100.0;100;94;G4;1598;0.0;0.0
6594;1025XL;1025XS;48;100.0;100.0;100;100;G4;891;0.0;2.08
6596;1025XT;1025XT;29;100.0;100.0;100;100;G4;897;0.0;3.45
6598;1025XV;1025XV;23;100.0;100.0;100;100;G4;788;0.0;4.35
6600;1025XW;1025XW;22;100.0;100.0;100;100;G4;776;0.0;0.0
6602;1025XX;1025XX;20;100.0;100.0;100;100;G6;1530;0.0;5.0
6604;1025XZ;1025XZ;24;100.0;100.0;100;96;G4;847;0.0;0.0
6606;1025ZA;1025ZA;11;100.0;100.0;100;100;G4;119;0.0;0.0
6608;1025ZB;1025ZB;13;100.0;100.0;100;100;G4;159;0.0;0.0
6610;1025ZC;1025ZC;20;100.0;100.0;100;95;G6;1813;0.0;15.0
6612;1025ZD;1025ZD;22;100.0;90.91;100;100;G4;116;0.0;0.0
6614;1025ZE;1025ZE;12;100.0;100.0;100;92;G4;2335;0.0;0.0
6616;1025ZG;1025ZG;15;100.0;93.33;100;93;G4;115;0.0;0.0
6618;1025ZH;1025ZH;20;100.0;100.0;100;100;G6;1669;0.0;0.0
6620;1025ZJ;1025ZJ;24;100.0;95.83;100;96;G4;1242;0.0;8.33
6622;1025ZK;1025ZK;11;100.0;100.0;100;100;G4;140;0.0;0.0
6624;1025ZL;1025ZL;15;100.0;100.0;100;100;G4;215;0.0;20.0
6626;1025ZM;1025ZM;17;100.0;94.12;100;100;G4;65;0.0;0.0
6628;1025ZN;1025ZN;17;100.0;94.12;100;94;G4;65;0.0;0.0
6630;1025ZP;1025ZP;14;100.0;85.71;100;93;G4;65;0.0;0.0
6632;1025ZR;1025ZR;17;100.0;82.35;100;88;G4;63;0.0;0.0
6634;1025ZS;1025ZS;21;100.0;90.48;100;90;G4;65;0.0;0.0
6636;1025ZT;1025ZT;12;100.0;91.67;100;92;G4;65;0.0;0.0
6638;1025ZV;1025ZV;21;100.0;95.24;100;95;G4;65;0.0;0.0
6640;1025ZW;1025ZW;19;100.0;89.47;100;95;G4;65;0.0;0.0
6642;1025ZX;1025ZX;14;100.0;71.43;100;86;G4;598;0.0;0.0
6644;1026BX;1026BX;15;100.0;100.0;100;87;G4;2393;0.0;6.67
6646;1026BZ;1026BZ;16;100.0;100.0;100;88;G4;2256;0.0;0.0
6648;1026CA;1026CA;15;100.0;93.33;100;73;G4;2846;0.0;0.0
6650;1026CB;1026CB;16;100.0;100.0;100;69;G4;3134;0.0;6.25
6652;1026CC;1026CD;23;100.0;91.3;100;87;G4;2447;0.0;4.35
6655;1026CE;1026CE;11;100.0;100.0;100;73;G4;2571;0.0;9.09
6656;1026CG;1026CG;13;100.0;100.0;100;92;G4;2218;0.0;15.38
6659;1026CH;1026CH;16;100.0;81.25;100;75;G4;1794;0.0;0.0
6661;1026CJ;1026CJ;12;100.0;100.0;100;92;G4;2374;0.0;0.0
6663;1026CK;1026CK;12;100.0;100.0;100;100;G4;2167;0.0;0.0
6665;1026CL;1026CL;12;100.0;91.67;100;92;G4;1992;0.0;0.0
6667;1026CM;1026CM;11;100.0;100.0;100;91;G4;2623;0.0;18.18
6669;1026CN;1026CN;13;100.0;100.0;100;92;G4;2184;0.0;0.0
6672;1026CR;1027AE;27;100.0;100.0;100;70;G4;3399;0.0;3.7
6677;1027AG;1027AJ;19;100.0;94.74;100;53;G4;2706;0.0;0.0
6680;1027AK;1027AK;14;100.0;100.0;100;86;G4;1643;0.0;0.0
6682;1027AL;1027AL;10;100.0;100.0;100;100;G4;1931;0.0;0.0
6684;1027AM;1027AM;10;100.0;100.0;100;80;G4;1864;0.0;0.0
6686;1027AN;1027AN;13;100.0;100.0;100;92;G4;1665;0.0;15.38
6688;1027AP;1027AP;16;100.0;100.0;100;94;G4;1938;0.0;6.25
6690;1027AR;1027AS;18;100.0;94.44;100;72;G4;2503;0.0;5.56
6692;1027AT;1027AV;20;100.0;100.0;100;80;G4;2405;0.0;10.0
6695;1027AW;1028BB;34;100.0;97.06;100;76;G4;3173;0.0;2.94
6698;1028BC;1028BC;27;100.0;96.3;100;85;G4;2550;0.0;0.0
6700;1028BD;1028BD;10;100.0;100.0;100;100;G4;2560;0.0;0.0
6702;1028BE;1028BE;19;100.0;100.0;100;74;G4;2602;0.0;5.26
6704;1028BH;1028BH;16;100.0;93.75;100;69;G4;2550;0.0;6.25
6706;1028BJ;1028BK;26;100.0;100.0;100;88;G4;3191;0.0;3.85
6709;1028BL;1028BL;22;100.0;100.0;100;95;G4;2863;0.0;13.64
6711;1028BM;1028BM;14;100.0;92.86;100;93;G4;2763;0.0;14.29
6713;1028BN;1028BN;10;100.0;100.0;100;100;G4;2448;0.0;0.0
6715;1028BP;1028BP;19;100.0;100.0;100;100;G4;1987;0.0;5.26
6717;1028BR;1028BR;10;100.0;100.0;100;90;G4;3380;0.0;0.0
6719;1028BS;1028BS;13;100.0;92.31;100;92;G4;2295;0.0;0.0
6721;1028BT;1031AB;34;100.0;91.18;100;91;G4;1802;0.0;0.0
6725;1031AC;1031AC;13;100.0;100.0;100;100;G4;1744;0.0;0.0
6727;1031AD;1031AD;20;100.0;95.0;100;95;G4;1680;0.0;0.0
6729;1031AE;1031AG;22;100.0;86.36;100;91;G4;1391;0.0;0.0
6731;1031AH;1031AH;12;100.0;100.0;100;100;G4;769;0.0;8.33
6733;1031AJ;1031AJ;20;100.0;100.0;100;100;G4;915;0.0;0.0
6735;1031AK;1031AK;24;100.0;100.0;100;100;G4;938;0.0;0.0
6737;1031AL;1031AL;14;100.0;100.0;100;100;G4;1014;0.0;0.0
6739;1031AM;1031AM;13;100.0;100.0;100;100;G4;954;0.0;0.0
6741;1031AN;1031AN;14;100.0;100.0;100;100;G4;1173;0.0;0.0
6743;1031AP;1031AP;15;100.0;100.0;100;93;G4;1291;0.0;0.0
6745;1031AR;1031AR;13;100.0;100.0;100;92;G4;1355;0.0;0.0
6747;1031AS;1031AS;12;100.0;100.0;100;92;G4;1231;0.0;0.0
6749;1031AT;1031AT;15;100.0;100.0;100;100;G4;1225;0.0;0.0
6751;1031AV;1031AV;13;100.0;100.0;100;92;G4;1041;0.0;0.0
6753;1031AW;1031AW;12;100.0;100.0;100;92;G4;917;0.0;0.0
6755;1031AX;1031AX;16;100.0;87.5;100;100;G4;774;0.0;0.0
6757;1031AZ;1031AZ;15;100.0;86.67;100;100;G4;1066;0.0;6.67
6759;1031BA;1031BB;19;100.0;100.0;100;100;G4;1220;0.0;0.0
6761;1031BC;1031BC;12;100.0;100.0;100;100;G4;1789;0.0;0.0
6763;1031BD;1031BD;24;100.0;91.67;100;100;G4;1294;0.0;0.0
6765;1031BE;1031BE;25;100.0;100.0;100;96;G4;1307;0.0;0.0
6767;1031BG;1031BG;12;100.0;100.0;100;100;G4;1456;0.0;0.0
6769;1031BH;1031BH;16;100.0;100.0;100;100;G4;1002;0.0;0.0
6771;1031BJ;1031BJ;17;100.0;100.0;100;100;G4;1051;0.0;0.0
6773;1031BK;1031BK;21;100.0;100.0;100;95;G4;1102;0.0;0.0
6775;1031BL;1031BL;18;100.0;100.0;100;100;G4;1349;0.0;0.0
6777;1031BM;1031BN;30;100.0;100.0;100;100;G4;1008;0.0;0.0
6779;1031BP;1031BP;20;100.0;100.0;100;100;G4;1237;0.0;10.0
6781;1031BR;1031BR;12;100.0;100.0;100;100;G4;1177;0.0;0.0
6783;1031BS;1031BS;20;100.0;95.0;100;90;G4;2156;0.0;0.0
6785;1031BT;1031BT;12;100.0;100.0;100;92;G4;1700;0.0;16.67
6787;1031BV;1031BV;13;100.0;92.31;100;85;G4;8444;0.0;7.69
6789;1031BW;1031BW;16;100.0;100.0;100;94;G4;1340;0.0;0.0
6791;1031BX;1031BX;16;100.0;100.0;100;94;G4;1381;0.0;0.0
6793;1031BZ;1031BZ;16;100.0;100.0;100;100;G4;1205;0.0;0.0
6795;1031CA;1031CA;42;100.0;100.0;100;93;G4;1536;0.0;0.0
6797;1031CB;1031CC;25;100.0;96.0;100;60;G4;5028;0.0;8.0
6800;1031CD;1031CD;13;100.0;69.23;100;92;G4;1344;0.0;7.69
6802;1031CE;1031CE;21;100.0;95.24;100;100;G4;1264;0.0;0.0
6804;1031CJ;1031CJ;21;100.0;90.48;100;100;G4;1213;0.0;0.0
6806;1031CK;1031CK;10;100.0;90.0;100;100;G4;1814;0.0;30.0
6808;1031CL;1031CN;38;100.0;36.84;100;89;G4;2206;0.0;5.26
6810;1031CP;1031CP;16;100.0;100.0;100;100;G4;952;0.0;0.0
6812;1031CR;1031CR;15;100.0;100.0;100;93;G4;1607;0.0;0.0
6814;1031CS;1031CS;17;100.0;100.0;100;94;G4;1762;0.0;11.76
6816;1031CT;1031CT;18;100.0;100.0;100;89;G4;1488;0.0;0.0
6818;1031CV;1031CV;19;100.0;100.0;100;100;G4;1316;0.0;0.0
6820;1031CW;1031CW;13;100.0;100.0;100;100;G4;1156;0.0;0.0
6822;1031CX;1031CX;11;100.0;100.0;100;100;G4;1060;0.0;0.0
6824;1031DA;1031DA;30;100.0;100.0;100;100;G4;972;0.0;3.33
6826;1031DB;1031DB;31;100.0;100.0;100;100;G4;1061;0.0;0.0
6828;1031EA;1031EA;21;100.0;100.0;100;95;G4;1179;0.0;14.29
6830;1031EB;1031EB;16;100.0;93.75;100;94;G4;824;0.0;12.5
6832;1031EC;1031EC;16;100.0;100.0;100;100;G4;1277;0.0;6.25
6834;1031ED;1031ED;12;100.0;100.0;100;92;G4;1805;0.0;0.0
6836;1031EE;1031EE;18;100.0;94.44;100;100;G4;1288;0.0;11.11
6838;1031EG;1031EG;16;100.0;100.0;100;100;G4;1619;0.0;0.0
6840;1031EH;1031EH;13;100.0;100.0;100;100;G4;999;0.0;0.0
6842;1031EJ;1031EJ;13;100.0;100.0;100;92;G4;1085;0.0;0.0
6844;1031EK;1031EK;18;100.0;100.0;100;89;G4;3920;0.0;0.0
6846;1031EL;1031EL;23;100.0;100.0;100;100;G4;1163;0.0;8.7
6848;1031EM;1031EM;16;100.0;100.0;100;100;G4;1345;0.0;25.0
6850;1031EN;1031EN;14;100.0;100.0;100;100;G4;1143;0.0;0.0
6852;1031EP;1031EP;14;100.0;100.0;100;100;G4;1092;0.0;0.0
6854;1031ER;1031ER;18;100.0;100.0;100;94;G4;1019;0.0;0.0
6856;1031ES;1031ES;18;100.0;100.0;100;100;G4;767;0.0;0.0
6858;1031ET;1031ET;20;100.0;100.0;100;100;G4;1050;0.0;0.0
6860;1031EV;1031EV;23;100.0;100.0;100;100;G4;926;0.0;0.0
6862;1031EW;1031EW;16;100.0;100.0;100;100;G4;1005;0.0;0.0
6864;1031EX;1031EX;15;100.0;100.0;100;100;G4;1117;0.0;0.0
6866;1031EZ;1031GA;29;100.0;100.0;100;97;G4;964;0.0;3.45
6869;1031GB;1031GB;22;100.0;100.0;100;100;G4;1007;0.0;18.18
6871;1031GC;1031GC;18;100.0;100.0;100;100;G4;1094;0.0;11.11
6873;1031GD;1031GD;21;100.0;100.0;100;100;G4;947;0.0;0.0
6875;1031GE;1031GE;12;100.0;100.0;100;100;G4;1209;0.0;8.33
6877;1031GG;1031GH;17;100.0;100.0;100;94;G4;1647;0.0;23.53
6879;1031GK;1031GK;16;100.0;100.0;100;100;G4;803;0.0;6.25
6881;1031GL;1031GL;14;100.0;0.0;100;100;G4;577;0.0;0.0
6883;1031GM;1031GM;16;100.0;93.75;100;100;G4;930;0.0;0.0
6885;1031GN;1031GN;23;100.0;100.0;100;96;G4;1211;0.0;0.0
6887;1031GP;1031GR;29;100.0;93.1;100;100;G4;1184;0.0;0.0
6889;1031GS;1031GT;23;100.0;91.3;100;96;G4;939;0.0;0.0
6891;1031GV;1031GV;21;100.0;100.0;100;100;G4;704;0.0;0.0
6893;1031GW;1031GX;22;100.0;100.0;100;100;G4;1176;0.0;9.09
6895;1031GZ;1031GZ;20;100.0;95.0;100;100;G4;795;0.0;20.0
6897;1031HA;1031HA;21;100.0;100.0;100;100;G4;1113;0.0;0.0
6899;1031HB;1031HB;23;100.0;100.0;100;100;G4;924;0.0;4.35
6901;1031HC;1031HC;23;100.0;100.0;100;100;G4;1018;0.0;4.35
6903;1031HD;1031HE;22;100.0;90.91;100;68;G4;4158;0.0;0.0
6905;1031HG;1031HG;12;100.0;100.0;100;100;G4;1354;0.0;0.0
6907;1031HH;1031HL;64;100.0;73.44;100;39;G4;3159;0.0;6.25
6910;1031HM;1031HM;30;100.0;90.0;100;90;G4;2348;0.0;90.0
6912;1031HN;1031HN;39;100.0;100.0;100;51;G6;3692;0.0;7.69
6914;1031HP;1031HT;21;100.0;52.38;100;48;OBK;10807;0.0;0.0
6916;1031HV;1031HV;45;100.0;100.0;100;96;G4;972;0.0;2.22
6918;1031HW;1031HW;28;100.0;50.0;100;86;G4;1545;0.0;3.57
6920;1031HX;1031HX;26;100.0;96.15;100;77;G4;5161;0.0;0.0
6922;1031HZ;1031HZ;17;100.0;100.0;100;100;G4;1796;0.0;0.0
6924;1031JA;1031JA;24;100.0;100.0;100;100;G4;791;0.0;95.83
6926;1031JB;1031JB;27;100.0;96.3;100;100;G4;842;0.0;55.56
6928;1031JC;1031JC;24;100.0;95.83;100;100;G4;826;0.0;54.17
6930;1031JD;1031JD;27;100.0;100.0;100;100;G4;979;0.0;62.96
6932;1031JE;1031JE;28;100.0;100.0;100;100;G4;583;0.0;39.29
6935;1031KB;1031KB;115;100.0;88.7;100;100;G4;204;0.0;0.0
6937;1031KC;1031KC;142;100.0;90.85;100;100;G4;613;0.0;37.32
6939;1031KD;1031KD;22;100.0;90.91;100;100;G4;1489;0.0;90.91
6941;1031KG;1031KG;22;100.0;95.45;100;100;G4;1558;0.0;95.45
6943;1031TM;1031TM;24;100.0;100.0;100;100;G4;937;0.0;0.0
6945;1031TN;1031TN;15;100.0;100.0;100;100;G4;939;0.0;0.0
6947;1031TP;1031TP;15;100.0;100.0;100;100;G4;1488;0.0;6.67
6949;1031TR;1031TR;13;100.0;100.0;100;100;G4;1416;0.0;0.0
6951;1031TS;1031TS;10;100.0;100.0;100;100;G4;999;0.0;0.0
6953;1031TT;1031TT;22;100.0;100.0;100;100;G4;1204;0.0;0.0
6955;1031TV;1031TV;19;100.0;100.0;100;100;G4;1349;0.0;0.0
6957;1031TW;1031TW;25;100.0;100.0;100;100;G4;1077;0.0;0.0
6959;1031TX;1031TX;14;100.0;100.0;100;86;G4;1481;0.0;7.14
6961;1031TZ;1031TZ;11;100.0;100.0;100;91;G4;1637;0.0;9.09
6963;1031VA;1031VA;15;100.0;93.33;100;100;G4;1183;0.0;6.67
6965;1031VB;1031VB;10;100.0;100.0;100;100;G4;1431;0.0;10.0
6967;1031VC;1031VC;17;100.0;100.0;100;94;G4;1016;0.0;0.0
6969;1031VD;1031VD;23;100.0;100.0;100;100;G4;1145;0.0;4.35
6971;1031VE;1031VE;12;100.0;91.67;100;83;G4;1129;0.0;0.0
6973;1031VG;1031VH;28;100.0;96.43;100;100;G4;1120;0.0;0.0
6975;1031VJ;1031VK;21;100.0;100.0;100;100;G4;888;0.0;0.0
6977;1031VL;1031VL;16;100.0;93.75;100;100;G4;934;0.0;0.0
6979;1031VM;1031VM;16;100.0;100.0;100;100;G4;872;0.0;0.0
6981;1031VN;1031VN;18;100.0;100.0;100;100;G4;991;0.0;0.0
6983;1031VP;1031VP;11;100.0;100.0;100;100;G4;1066;0.0;0.0
6985;1031VR;1031VS;18;100.0;100.0;100;100;G4;1066;0.0;0.0
6987;1031VT;1031VT;18;100.0;100.0;100;100;G4;839;0.0;0.0
6989;1031VV;1031VV;18;100.0;100.0;100;100;G4;990;0.0;0.0
6991;1031VW;1031VX;30;100.0;100.0;100;100;G4;999;0.0;0.0
6993;1031VZ;1031VZ;12;100.0;100.0;100;92;G4;781;0.0;0.0
6995;1031XA;1031XA;17;100.0;88.24;100;88;G4;1830;0.0;0.0
6997;1031XB;1031XB;15;100.0;100.0;100;100;G4;1506;0.0;0.0
6999;1031XC;1031XC;14;100.0;100.0;100;100;G4;1336;0.0;0.0
7001;1031XD;1031XE;24;100.0;100.0;100;100;G4;1224;0.0;4.17
7003;1031XG;1031XG;19;100.0;94.74;100;100;G4;1167;0.0;5.26
7005;1031XH;1031XH;11;100.0;100.0;100;91;G4;2070;0.0;0.0
7007;1031XJ;1031XJ;11;100.0;90.91;100;91;G4;2125;0.0;0.0
7009;1031XK;1031XL;20;100.0;90.0;100;100;G4;1036;0.0;0.0
7012;1031XM;1031XP;31;100.0;93.55;100;94;G4;1824;0.0;0.0
7014;1031XR;1031XR;24;100.0;95.83;100;96;G4;1069;0.0;0.0
7016;1031XS;1031XS;25;100.0;100.0;100;88;G4;1117;0.0;4.0
7018;1031XT;1031XT;34;100.0;100.0;100;97;G4;1335;0.0;0.0
7020;1031XV;1031XV;28;100.0;100.0;100;100;G4;1139;0.0;0.0
7022;1031XW;1031XW;21;100.0;100.0;100;100;G4;1056;0.0;0.0
7024;1031XX;1031XX;20;100.0;100.0;100;100;G4;1652;0.0;0.0
7026;1031XZ;1032AA;23;100.0;100.0;100;100;G4;1378;0.0;0.0
7028;1032AB;1032AB;22;100.0;100.0;100;100;G4;1194;0.0;0.0
7030;1032AC;1032AC;19;100.0;73.68;100;74;G4;1009;0.0;31.58
7032;1032AD;1032AD;19;100.0;78.95;100;89;G4;1101;0.0;31.58
7034;1032AE;1032AE;12;100.0;100.0;100;100;G4;1036;0.0;16.67
7036;1032AG;1032AG;16;100.0;100.0;100;100;G4;1112;0.0;0.0
7038;1032AH;1032AH;14;100.0;100.0;100;100;G4;1547;0.0;0.0
7040;1032AJ;1032AJ;16;100.0;100.0;100;100;G4;1164;0.0;6.25
7042;1032AK;1032AK;18;100.0;100.0;100;100;G4;985;0.0;0.0
7044;1032AL;1032AL;16;100.0;100.0;100;100;G4;1215;0.0;0.0
7046;1032AM;1032AM;18;100.0;100.0;100;100;G4;1083;0.0;11.11
7048;1032AN;1032AP;19;100.0;100.0;100;84;G4;3559;0.0;0.0
7050;1032AR;1032AR;16;100.0;100.0;100;100;G4;1203;0.0;0.0
7052;1032AS;1032AS;16;100.0;100.0;100;100;G4;1271;0.0;6.25
7054;1032AT;1032AT;13;100.0;100.0;100;100;G4;1128;0.0;0.0
7056;1032AV;1032AV;18;100.0;100.0;100;100;G4;1161;0.0;5.56
7058;1032AW;1032AW;20;100.0;100.0;100;100;G4;1272;0.0;0.0
7060;1032AX;1032AX;17;100.0;100.0;100;100;G4;1534;0.0;0.0
7062;1032AZ;1032AZ;17;100.0;100.0;100;100;G4;1423;0.0;5.88
7064;1032BA;1032BA;12;100.0;100.0;100;100;G4;1514;0.0;8.33
7066;1032BB;1032BB;12;100.0;100.0;100;92;G4;1135;0.0;0.0
7068;1032BC;1032BC;13;100.0;100.0;100;100;G4;1354;0.0;0.0
7070;1032BD;1032BD;11;100.0;100.0;100;100;G4;1281;0.0;0.0
7072;1032BE;1032BE;12;100.0;100.0;100;100;G4;1173;0.0;0.0
7074;1032BG;1032BG;12;100.0;100.0;100;100;G4;886;0.0;0.0
7076;1032BH;1032BK;32;100.0;96.88;100;97;G4;1492;0.0;0.0
7079;1032BL;1032BL;13;100.0;100.0;100;100;G4;1487;0.0;0.0
7081;1032BM;1032BM;11;100.0;100.0;100;100;G4;1823;0.0;0.0
7083;1032BN;1032BN;15;100.0;100.0;100;100;G4;950;0.0;0.0
7085;1032BP;1032BP;15;100.0;100.0;100;100;G4;1329;0.0;0.0
7087;1032BR;1032BR;12;100.0;100.0;100;100;G4;1482;0.0;0.0
7089;1032BS;1032BS;11;100.0;100.0;100;100;G4;1695;0.0;0.0
7091;1032BT;1032BT;10;100.0;100.0;100;100;G4;1418;0.0;30.0
7093;1032BV;1032BV;20;100.0;80.0;100;100;G4;1390;0.0;5.0
7095;1032BW;1032BW;18;100.0;100.0;100;100;G4;1015;0.0;0.0
7097;1032BX;1032BX;16;100.0;100.0;100;100;G4;1338;0.0;6.25
7099;1032CA;1032CA;16;100.0;75.0;100;75;G4;974;0.0;12.5
7101;1032CB;1032CB;15;100.0;73.33;100;73;G4;1055;0.0;40.0
7103;1032CC;1032CC;16;100.0;100.0;100;100;G4;1408;0.0;0.0
7105;1032CD;1032CD;17;100.0;88.24;100;100;G4;1085;0.0;47.06
7107;1032CE;1032CE;12;100.0;83.33;100;83;G4;960;0.0;16.67
7109;1032CG;1032CG;16;100.0;75.0;100;94;G4;1038;0.0;12.5
7111;1032CH;1032CH;21;100.0;66.67;100;81;G4;1098;0.0;28.57
7113;1032CJ;1032CJ;16;100.0;75.0;100;100;G4;1315;0.0;0.0
7115;1032CK;1032CK;14;100.0;100.0;100;100;G4;1435;0.0;0.0
7117;1032CL;1032CL;13;100.0;100.0;100;100;G4;1134;0.0;0.0
7119;1032CM;1032CM;16;100.0;75.0;100;88;G4;1268;0.0;25.0
7121;1032CN;1032CN;17;100.0;58.82;100;76;G4;939;0.0;0.0
7123;1032CP;1032CP;13;100.0;53.85;100;62;G4;1168;0.0;15.38
7125;1032CR;1032CR;14;100.0;100.0;100;100;G4;1183;0.0;0.0
7127;1032CS;1032CS;15;100.0;100.0;100;93;G4;1330;0.0;0.0
7129;1032CT;1032CT;24;100.0;66.67;100;100;G4;1046;0.0;41.67
7131;1032CV;1032CV;16;100.0;87.5;100;100;G4;1265;0.0;6.25
7133;1032CW;1032CW;29;100.0;62.07;100;100;G4;1214;0.0;13.79
7135;1032CX;1032CX;11;100.0;100.0;100;100;G4;1218;0.0;9.09
7137;1032EA;1032EA;13;100.0;100.0;100;100;G4;3307;0.0;0.0
7139;1032EB;1032EB;16;100.0;100.0;100;100;G4;1123;0.0;0.0
7141;1032EC;1032EC;21;100.0;57.14;100;100;G4;934;0.0;38.1
7143;1032ED;1032ED;15;100.0;80.0;100;100;G4;879;0.0;40.0
7145;1032EE;1032EE;12;100.0;100.0;100;100;G4;1106;0.0;0.0
7147;1032EG;1032EG;15;100.0;100.0;100;93;G4;1294;0.0;0.0
7149;1032EH;1032EH;12;100.0;100.0;100;100;G4;1121;0.0;0.0
7151;1032EJ;1032EJ;22;100.0;100.0;100;100;G4;1226;0.0;0.0
7153;1032EK;1032EK;19;100.0;100.0;100;100;G4;1243;0.0;5.26
7155;1032EL;1032EL;16;100.0;68.75;100;94;G4;2684;0.0;12.5
7157;1032EM;1032EM;21;100.0;61.9;100;95;G4;1041;0.0;23.81
7159;1032EN;1032EN;17;100.0;100.0;100;100;G4;1430;0.0;5.88
7161;1032EP;1032EP;16;100.0;100.0;100;100;G4;1412;0.0;0.0
7163;1032ER;1032ER;18;100.0;100.0;100;100;G4;1426;0.0;0.0
7165;1032ES;1032ES;19;100.0;100.0;100;100;G4;1194;0.0;0.0
7167;1032ET;1032ET;18;100.0;100.0;100;100;G4;1402;0.0;0.0
7169;1032EV;1032EV;18;100.0;100.0;100;94;G4;1283;0.0;0.0
7171;1032GA;1032GA;12;100.0;100.0;100;100;G4;1199;0.0;0.0
7173;1032GB;1032GB;12;100.0;100.0;100;92;G4;2517;0.0;0.0
7175;1032GC;1032GC;13;100.0;100.0;100;100;G4;1336;0.0;0.0
7177;1032GD;1032GD;13;100.0;100.0;100;92;G4;1313;0.0;7.69
7179;1032GE;1032GE;22;100.0;100.0;100;95;G4;1304;0.0;0.0
7181;1032GG;1032GG;28;100.0;100.0;100;100;G4;1112;0.0;28.57
7183;1032GH;1032GH;21;100.0;95.24;100;90;G4;1649;0.0;4.76
7185;1032GJ;1032GJ;20;100.0;100.0;100;100;G4;1412;0.0;5.0
7187;1032GK;1032GK;20;100.0;100.0;100;95;G4;1229;0.0;10.0
7189;1032GL;1032GL;21;100.0;100.0;100;100;G4;1705;0.0;19.05
7191;1032GM;1032GM;18;100.0;100.0;100;100;G4;1642;0.0;22.22
7193;1032GN;1032GN;18;100.0;100.0;100;100;G4;1507;0.0;0.0
7195;1032GP;1032GP;16;100.0;93.75;100;100;G4;1178;0.0;12.5
7197;1032GR;1032GR;19;100.0;100.0;100;100;G4;1513;0.0;0.0
7199;1032GS;1032GS;14;100.0;100.0;100;100;G4;1204;0.0;0.0
7201;1032GT;1032GT;19;100.0;100.0;100;100;G4;1121;0.0;10.53
7203;1032GV;1032GV;14;100.0;100.0;100;100;G4;1267;0.0;0.0
7205;1032GW;1032GW;19;100.0;100.0;100;100;G4;1009;0.0;0.0
7207;1032GX;1032GX;13;100.0;100.0;100;100;G4;1368;0.0;0.0
7209;1032GZ;1032GZ;14;100.0;100.0;100;100;G4;1407;0.0;7.14
7211;1032HA;1032HA;21;100.0;100.0;100;100;G4;1299;0.0;0.0
7213;1032HB;1032HB;16;100.0;100.0;100;100;G4;1756;0.0;0.0
7215;1032HC;1032HE;31;100.0;100.0;100;84;G4;1799;0.0;6.45
7218;1032HG;1032HG;18;100.0;100.0;100;89;G4;1557;0.0;11.11
7220;1032HH;1032HH;17;100.0;94.12;100;94;G4;1272;0.0;0.0
7222;1032HJ;1032HJ;20;100.0;100.0;100;100;G4;1081;0.0;0.0
7224;1032HK;1032HK;16;100.0;100.0;100;94;G4;1301;0.0;0.0
7226;1032HL;1032HL;17;100.0;100.0;100;100;G4;885;0.0;0.0
7228;1032HM;1032HM;18;100.0;100.0;100;89;G4;2182;0.0;0.0
7230;1032HN;1032HN;37;100.0;62.16;100;97;G4;1319;0.0;27.03
7232;1032HP;1032HP;18;100.0;66.67;100;94;G4;1366;0.0;22.22
7234;1032HR;1032HR;20;100.0;85.0;100;95;G4;1508;0.0;60.0
7236;1032HS;1032HS;13;100.0;100.0;100;100;G4;1390;0.0;0.0
7238;1032HT;1032HT;11;100.0;100.0;100;100;G4;1415;0.0;0.0
7240;1032HV;1032HV;17;100.0;100.0;100;100;G4;1303;0.0;0.0
7242;1032HW;1032HW;18;100.0;100.0;100;89;G4;1770;0.0;5.56
7244;1032HX;1032HZ;17;100.0;47.06;100;59;G6;6092;0.0;0.0
7246;1032JA;1032JA;20;100.0;100.0;100;100;G4;1151;0.0;5.0
7248;1032JB;1032JB;16;100.0;100.0;100;75;G4;4055;0.0;0.0
7250;1032JC;1032JC;25;100.0;100.0;100;96;G4;1424;0.0;4.0
7252;1032JD;1032JD;13;100.0;100.0;100;100;G4;1230;0.0;0.0
7254;1032JE;1032JE;23;100.0;95.65;100;100;G4;1200;0.0;0.0
7256;1032JG;1032JG;16;100.0;100.0;100;100;G4;1459;0.0;0.0
7258;1032JH;1032JH;16;100.0;100.0;100;100;G4;1122;0.0;0.0
7260;1032JJ;1032JJ;16;100.0;100.0;100;88;G4;1141;0.0;0.0
7262;1032JK;1032JK;18;100.0;100.0;100;100;G4;1206;0.0;5.56
7264;1032JL;1032JL;16;100.0;100.0;100;100;G4;1003;0.0;0.0
7266;1032JM;1032JM;16;100.0;100.0;100;100;G4;1192;0.0;0.0
7268;1032JN;1032JN;15;100.0;100.0;100;100;G4;1227;0.0;0.0
7270;1032JP;1032JP;16;100.0;100.0;100;94;G4;1797;0.0;0.0
7272;1032JR;1032JR;22;100.0;63.64;100;91;G4;2539;0.0;27.27
7274;1032JS;1032JS;19;100.0;94.74;100;84;G4;1735;0.0;0.0
7276;1032JT;1032JT;22;100.0;77.27;100;95;G4;1134;0.0;31.82
7278;1032JV;1032JV;12;100.0;100.0;100;100;G4;1157;0.0;0.0
7280;1032JW;1032JX;17;100.0;100.0;100;65;G4;3887;0.0;29.41
7282;1032JZ;1032JZ;15;100.0;86.67;100;47;G4;3909;0.0;0.0
7284;1032KA;1032KA;13;100.0;92.31;100;69;G4;1842;0.0;7.69
7286;1032KB;1032KC;19;100.0;36.84;100;58;G4;2938;0.0;5.26
7288;1032KD;1032KD;10;100.0;70.0;100;50;G4;1918;0.0;0.0
7290;1032KE;1032KE;15;100.0;100.0;100;60;G6;5096;0.0;6.67
7292;1032KH;1032KH;10;100.0;100.0;100;80;G4;2324;0.0;10.0
7294;1032KJ;1032KJ;17;100.0;88.24;100;24;G16;31553;0.0;11.76
7296;1032KK;1032KK;28;100.0;100.0;100;36;G4;4980;0.0;0.0
7298;1032KL;1032KN;18;100.0;100.0;100;44;G4;5087;0.0;0.0
7300;1032KP;1032KX;77;100.0;97.4;100;62;G4;4128;0.0;6.49
7304;1032LA;1032LA;12;100.0;100.0;100;67;G4;2607;0.0;0.0
7306;1032LB;1032LD;21;100.0;100.0;100;48;G4;2141;0.0;0.0
7308;1032LE;1032LE;12;100.0;100.0;100;75;G4;1129;0.0;0.0
7310;1032LG;1032VA;28;100.0;92.86;100;68;G4;4367;0.0;0.0
7312;1032VB;1032VB;15;100.0;93.33;100;100;G4;913;0.0;0.0
7314;1032VC;1032VC;15;100.0;100.0;100;100;G4;843;0.0;0.0
7316;1032VS;1032VV;25;100.0;100.0;100;100;G4;1314;0.0;4.0
7318;1032VW;1032VW;12;100.0;100.0;100;100;G4;1222;0.0;0.0
7320;1032VX;1032VX;11;100.0;100.0;100;100;G4;1353;0.0;9.09
7322;1032VZ;1032VZ;19;100.0;100.0;100;100;G4;1380;0.0;0.0
7324;1032XB;1032XC;14;100.0;100.0;100;100;G4;1457;0.0;7.14
7326;1032XD;1032XD;12;100.0;100.0;100;100;G4;1347;0.0;50.0
7328;1032XE;1032XE;21;100.0;100.0;100;100;G4;1235;0.0;4.76
7330;1032XG;1032XG;17;100.0;100.0;100;100;G4;1604;0.0;0.0
7332;1032XH;1032XH;14;100.0;92.86;100;100;G4;815;0.0;0.0
7334;1032XJ;1032XJ;14;100.0;64.29;100;100;G4;1103;0.0;0.0
7336;1032XK;1032XL;21;100.0;100.0;100;100;G4;1194;0.0;33.33
7338;1032XM;1032XM;50;100.0;98.0;100;100;G4;1032;0.0;4.0
7340;1032XN;1032XP;15;100.0;100.0;100;100;G4;1238;0.0;0.0
7342;1032XR;1032XR;13;100.0;100.0;100;100;G4;1314;0.0;0.0
7344;1032XS;1032XS;14;100.0;100.0;100;100;G4;1517;0.0;0.0
7346;1032XT;1032XT;10;100.0;100.0;100;90;G4;1394;0.0;0.0
7348;1032XV;1032XV;16;100.0;100.0;100;100;G4;1091;0.0;6.25
7350;1032XW;1032XW;16;100.0;100.0;100;100;G4;1187;0.0;6.25
7352;1032XX;1032XX;15;100.0;100.0;100;100;G4;1499;0.0;0.0
7354;1032XZ;1032XZ;15;100.0;100.0;100;100;G4;1115;0.0;0.0
7356;1032ZC;1032ZC;22;100.0;100.0;100;95;G4;1490;0.0;13.64
7358;1032ZD;1032ZD;16;100.0;100.0;100;100;G4;1122;0.0;0.0
7360;1032ZG;1033AB;24;100.0;100.0;100;88;G4;3343;0.0;8.33
7362;1033AC;1033AD;31;100.0;96.77;100;94;G4;1405;0.0;3.23
7364;1033AE;1033AE;23;100.0;100.0;100;100;G4;1059;0.0;0.0
7366;1033AG;1033AG;19;100.0;84.21;100;100;G4;177;0.0;0.0
7368;1033AH;1033AH;13;100.0;84.62;100;92;G4;91;0.0;0.0
7370;1033AJ;1033AJ;11;100.0;90.91;100;100;G4;173;0.0;0.0
7372;1033AK;1033AK;18;100.0;100.0;100;100;G4;1065;0.0;0.0
7374;1033AL;1033AL;14;100.0;100.0;100;100;G4;1215;0.0;0.0
7376;1033AM;1033AM;18;100.0;100.0;100;100;G4;1133;0.0;0.0
7378;1033AN;1033AN;10;100.0;100.0;100;90;G4;931;0.0;0.0
7380;1033AP;1033AP;17;100.0;100.0;100;100;G4;1130;0.0;0.0
7382;1033AR;1033AR;11;100.0;100.0;100;100;G4;1013;0.0;0.0
7384;1033AS;1033AS;16;100.0;100.0;100;94;G4;723;0.0;6.25
7386;1033AT;1033AT;11;100.0;100.0;100;100;G4;1928;0.0;27.27
7388;1033AV;1033AX;32;100.0;100.0;100;94;G4;1815;0.0;3.13
7391;1033AZ;1033AZ;12;100.0;100.0;100;67;G4;3188;0.0;0.0
7393;1033BA;1033BA;23;100.0;100.0;100;100;G4;1258;0.0;0.0
7395;1033BB;1033BB;23;100.0;100.0;100;100;G4;1195;0.0;0.0
7397;1033BC;1033BC;16;100.0;100.0;100;94;G4;1511;0.0;0.0
7399;1033BD;1033BD;21;100.0;95.24;100;95;G4;1224;0.0;0.0
7401;1033BE;1033BE;17;100.0;100.0;100;88;G4;3415;0.0;5.88
7403;1033BG;1033BG;20;100.0;100.0;100;100;G4;1635;0.0;5.0
7405;1033BH;1033BH;22;100.0;100.0;100;100;G4;1280;0.0;0.0
7407;1033BJ;1033BJ;22;100.0;100.0;100;100;G4;1395;0.0;0.0
7409;1033BK;1033BK;20;100.0;100.0;100;100;G4;1324;0.0;10.0
7411;1033BL;1033BL;22;100.0;100.0;100;95;G4;1416;0.0;0.0
7413;1033BM;1033BM;18;100.0;100.0;100;89;G4;1024;0.0;0.0
7415;1033BN;1033BN;16;100.0;100.0;100;100;G4;1395;0.0;0.0
7417;1033BP;1033BP;22;100.0;100.0;100;100;G4;1545;0.0;0.0
7419;1033BR;1033BR;15;100.0;100.0;100;100;G4;1507;0.0;0.0
7421;1033BS;1033BS;16;100.0;100.0;100;100;G4;1823;0.0;0.0
7423;1033BT;1033BT;14;100.0;100.0;100;100;G4;1348;0.0;0.0
7425;1033BV;1033BW;15;100.0;93.33;100;53;G4;6412;0.0;0.0
7427;1033BX;1033BX;14;100.0;100.0;100;79;G4;1903;0.0;14.29
7429;1033BZ;1033BZ;19;100.0;94.74;100;89;G4;1756;0.0;0.0
7431;1033CA;1033CA;16;100.0;100.0;100;100;G4;1120;0.0;0.0
7433;1033CB;1033CB;14;100.0;100.0;100;93;G4;2428;0.0;0.0
7435;1033CC;1033CC;11;100.0;100.0;100;91;G4;1631;0.0;0.0
7437;1033CD;1033CE;22;100.0;100.0;100;100;G4;1158;0.0;0.0
7439;1033CG;1033CG;20;100.0;100.0;100;100;G4;1306;0.0;0.0
7441;1033CH;1033CH;10;100.0;100.0;100;90;G4;1876;0.0;0.0
7443;1033CJ;1033CJ;20;100.0;100.0;100;100;G4;1284;0.0;0.0
7445;1033CK;1033CK;13;100.0;100.0;100;100;G4;1259;0.0;38.46
7447;1033CL;1033CL;10;100.0;100.0;100;100;G4;1193;0.0;0.0
7449;1033CM;1033CM;10;100.0;100.0;100;100;G4;1105;0.0;0.0
7451;1033CN;1033CP;27;100.0;100.0;100;100;G4;1137;0.0;0.0
7453;1033CR;1033CR;14;100.0;100.0;100;100;G4;1082;0.0;0.0
7455;1033CS;1033CS;12;100.0;100.0;100;100;G4;1308;0.0;0.0
7457;1033CT;1033CT;10;100.0;100.0;100;100;G4;1327;0.0;0.0
7459;1033CV;1033CV;12;100.0;100.0;100;100;G4;1216;0.0;0.0
7461;1033CW;1033CW;12;100.0;100.0;100;100;G4;951;0.0;0.0
7463;1033CX;1033CX;24;100.0;100.0;100;100;G4;1291;0.0;0.0
7465;1033CZ;1033CZ;23;100.0;100.0;100;100;G4;1146;0.0;0.0
7467;1033DA;1033DC;40;100.0;97.5;100;88;G4;3136;0.0;0.0
7469;1033DD;1033DD;18;100.0;100.0;100;100;G4;910;0.0;0.0
7471;1033DE;1033DE;18;100.0;100.0;100;100;G4;1113;0.0;0.0
7473;1033DG;1033DG;22;100.0;100.0;100;100;G4;1014;0.0;4.55
7475;1033DH;1033DH;22;100.0;95.45;100;100;G4;1158;0.0;0.0
7477;1033DJ;1033DJ;44;100.0;100.0;100;100;G4;1120;0.0;2.27
7479;1033DK;1033DK;18;100.0;100.0;100;100;G4;1000;0.0;0.0
7481;1033DL;1033DL;15;100.0;100.0;100;100;G4;898;0.0;0.0
7483;1033DM;1033DM;17;100.0;100.0;100;100;G4;957;0.0;0.0
7485;1033DN;1033DN;15;100.0;100.0;100;100;G4;992;0.0;0.0
7487;1033DP;1033DP;15;100.0;100.0;100;100;G4;748;0.0;0.0
7489;1033DR;1033DR;16;100.0;93.75;100;94;G4;841;0.0;0.0
7491;1033DS;1033DS;15;100.0;100.0;100;100;G4;917;0.0;0.0
7493;1033DT;1033DT;20;100.0;100.0;100;100;G4;1013;0.0;0.0
7495;1033DV;1033DV;24;100.0;100.0;100;100;G4;1162;0.0;0.0
7497;1033DW;1033DW;24;100.0;100.0;100;100;G4;1034;0.0;0.0
7499;1033DX;1033DX;15;100.0;100.0;100;100;G4;913;0.0;0.0
7501;1033DZ;1033DZ;49;100.0;93.88;100;100;G4;995;0.0;0.0
7503;1033EA;1033EC;28;100.0;100.0;100;100;G4;1258;0.0;0.0
7505;1033ED;1033ED;19;100.0;94.74;100;95;G4;1440;0.0;5.26
7507;1033EE;1033EG;30;100.0;100.0;100;100;G4;1225;0.0;0.0
7509;1033EH;1033EH;11;100.0;100.0;100;100;G4;1026;0.0;0.0
7511;1033EJ;1033EJ;11;100.0;100.0;100;45;G4;5154;0.0;9.09
7513;1033EK;1033EK;19;100.0;89.47;100;95;G4;1841;0.0;84.21
7515;1033EL;1033EM;21;100.0;100.0;100;100;G4;1404;0.0;0.0
7518;1033EN;1033EN;12;100.0;100.0;100;100;G4;1363;0.0;0.0
7520;1033EP;1033EP;10;100.0;100.0;100;100;G4;1366;0.0;10.0
7522;1033ER;1033ER;11;100.0;100.0;100;91;G4;1474;0.0;0.0
7524;1033ES;1033ES;20;100.0;100.0;100;100;G4;1339;0.0;0.0
7526;1033ET;1033ET;26;100.0;92.31;100;92;G4;2454;0.0;0.0
7528;1033EV;1033EV;17;100.0;100.0;100;94;G4;1548;0.0;0.0
7530;1033EW;1033EW;23;100.0;100.0;100;100;G4;1272;0.0;0.0
7532;1033EX;1033EX;15;100.0;100.0;100;100;G4;1540;0.0;0.0
7534;1033EZ;1033EZ;14;100.0;100.0;100;100;G4;1377;0.0;0.0
7536;1033GA;1033GB;28;100.0;100.0;100;100;G4;1206;0.0;0.0
7538;1033GC;1033GC;14;100.0;100.0;100;100;G4;1285;0.0;0.0
7540;1033GD;1033GD;13;100.0;100.0;100;100;G4;1291;0.0;0.0
7542;1033GE;1033GE;14;100.0;100.0;100;100;G4;1039;0.0;0.0
7544;1033GG;1033GG;14;100.0;100.0;100;100;G4;1040;0.0;0.0
7546;1033GH;1033GH;10;100.0;100.0;100;100;G4;1288;0.0;0.0
7548;1033GJ;1033GJ;16;100.0;100.0;100;100;G4;1243;0.0;0.0
7550;1033GK;1033GK;14;100.0;100.0;100;100;G4;1188;0.0;0.0
7552;1033GL;1033GL;14;100.0;100.0;100;100;G4;1343;0.0;0.0
7554;1033GM;1033GM;14;100.0;100.0;100;100;G4;1269;0.0;0.0
7556;1033GN;1033GN;11;100.0;100.0;100;100;G4;1758;0.0;0.0
7558;1033GP;1033GP;17;100.0;100.0;100;100;G4;1373;0.0;5.88
7560;1033GR;1033GR;20;100.0;100.0;100;100;G4;1170;0.0;0.0
7562;1033GS;1033GT;33;100.0;96.97;100;91;G4;2367;0.0;3.03
7565;1033GV;1033GV;21;100.0;100.0;100;90;G4;1569;0.0;0.0
7567;1033GW;1033GW;20;100.0;100.0;100;90;G4;1649;0.0;0.0
7569;1033GX;1033GX;16;100.0;93.75;100;100;G4;1511;0.0;6.25
7571;1033GZ;1033GZ;19;100.0;100.0;100;100;G4;1437;0.0;0.0
7573;1033HA;1033HA;22;100.0;100.0;100;100;G4;1604;0.0;0.0
7575;1033HB;1033HB;21;100.0;100.0;100;95;G4;1160;0.0;0.0
7577;1033HC;1033HC;22;100.0;100.0;100;100;G4;1057;0.0;0.0
7579;1033HD;1033HD;19;100.0;100.0;100;63;G4;1406;0.0;5.26
7581;1033HE;1033HG;27;100.0;100.0;100;100;G4;1186;0.0;0.0
7583;1033HH;1033HH;23;100.0;100.0;100;100;G4;1610;0.0;0.0
7585;1033HJ;1033HJ;16;100.0;100.0;100;100;G4;1483;0.0;6.25
7587;1033HK;1033HK;19;100.0;94.74;100;95;G4;1670;0.0;0.0
7589;1033HL;1033HM;23;100.0;100.0;100;96;G4;1360;0.0;0.0
7591;1033HN;1033HN;15;100.0;100.0;100;100;G4;1328;0.0;6.67
7593;1033HP;1033HP;13;100.0;100.0;100;92;G4;1372;0.0;0.0
7595;1033HR;1033HR;24;100.0;100.0;100;100;G4;1487;0.0;0.0
7597;1033HS;1033HS;23;100.0;100.0;100;96;G4;1360;0.0;0.0
7599;1033HT;1033HT;19;100.0;100.0;100;100;G4;1331;0.0;0.0
7601;1033HV;1033HV;20;100.0;100.0;100;100;G4;1430;0.0;0.0
7603;1033HW;1033HW;21;100.0;100.0;100;100;G4;1399;0.0;0.0
7605;1033HX;1033HX;20;100.0;100.0;100;100;G4;1452;0.0;0.0
7607;1033HZ;1033HZ;16;100.0;100.0;100;100;G4;1591;0.0;6.25
7609;1033JA;1033JA;18;100.0;100.0;100;94;G4;1462;0.0;0.0
7611;1033JB;1033JB;22;100.0;100.0;100;100;G4;1221;0.0;0.0
7613;1033JC;1033JC;21;100.0;100.0;100;100;G4;1399;0.0;0.0
7615;1033JD;1033JD;10;100.0;100.0;100;100;G4;1580;0.0;0.0
7617;1033JE;1033JG;23;100.0;100.0;100;96;G4;1511;0.0;0.0
7619;1033JH;1033JH;12;100.0;100.0;100;100;G4;1678;0.0;8.33
7621;1033JJ;1033JJ;11;100.0;100.0;100;100;G4;1497;0.0;72.73
7623;1033JK;1033JK;11;100.0;90.91;100;91;G4;1794;0.0;0.0
7625;1033JL;1033JL;10;100.0;100.0;100;90;G4;1602;0.0;0.0
7627;1033JM;1033JN;20;100.0;100.0;100;100;G4;1295;0.0;0.0
7629;1033JP;1033JS;28;100.0;100.0;100;93;G4;2572;0.0;0.0
7631;1033JT;1033JT;15;100.0;100.0;100;93;G4;836;0.0;0.0
7633;1033JV;1033JV;21;100.0;100.0;100;100;G4;1041;0.0;0.0
7635;1033JW;1033JX;18;100.0;100.0;100;100;G4;814;0.0;0.0
7637;1033KA;1033KA;11;100.0;100.0;100;100;G4;811;0.0;0.0
7639;1033KB;1033KB;10;100.0;100.0;100;100;G4;1021;0.0;0.0
7641;1033KC;1033KC;13;100.0;76.92;100;85;G4;694;0.0;7.69
7643;1033KD;1033KD;10;100.0;100.0;100;100;G4;1035;0.0;0.0
7645;1033KE;1033KE;14;100.0;78.57;100;86;G4;795;0.0;0.0
7647;1033KG;1033KG;10;100.0;100.0;100;100;G4;1007;0.0;0.0
7649;1033KH;1033KH;13;100.0;100.0;100;100;G4;694;0.0;0.0
7651;1033KJ;1033KJ;11;100.0;100.0;100;100;G4;1048;0.0;0.0
7653;1033KK;1033KK;18;100.0;100.0;100;94;G4;843;0.0;0.0
7655;1033KL;1033KL;11;100.0;100.0;100;91;G4;1022;0.0;0.0
7657;1033KM;1033KM;36;100.0;100.0;100;97;G4;976;0.0;0.0
7659;1033KN;1033KN;11;100.0;90.91;100;91;G4;747;0.0;0.0
7661;1033KP;1033KP;10;100.0;90.0;100;100;G4;976;0.0;0.0
7663;1033KR;1033KR;12;100.0;100.0;100;92;G4;1380;0.0;16.67
7665;1033KS;1033KS;20;100.0;100.0;100;100;G4;1435;0.0;0.0
7667;1033KT;1033KT;10;100.0;100.0;100;80;G4;1255;0.0;0.0
7669;1033KV;1033KV;22;100.0;100.0;100;100;G4;1313;0.0;0.0
7671;1033KW;1033KW;17;100.0;100.0;100;100;G4;1291;0.0;0.0
7673;1033KX;1033KX;18;100.0;100.0;100;94;G4;1294;0.0;0.0
7675;1033KZ;1033KZ;22;100.0;100.0;100;100;G4;1169;0.0;68.18
7677;1033LA;1033LA;37;100.0;100.0;100;100;G4;880;0.0;8.11
7679;1033LB;1033LB;11;100.0;100.0;100;91;G4;1371;0.0;0.0
7681;1033LC;1033LD;22;100.0;100.0;100;86;G4;740;0.0;0.0
7683;1033LE;1033LE;16;100.0;93.75;100;100;G4;689;0.0;0.0
7685;1033LG;1033LG;20;100.0;100.0;100;95;G4;586;0.0;0.0
7687;1033LH;1033LH;12;100.0;100.0;100;100;G4;1045;0.0;0.0
7689;1033LJ;1033LJ;10;100.0;100.0;100;100;G4;776;0.0;0.0
7691;1033LK;1033LK;24;100.0;100.0;100;100;G4;731;0.0;4.17
7693;1033LL;1033LL;10;100.0;100.0;100;100;G4;1168;0.0;0.0
7695;1033LM;1033LM;11;100.0;100.0;100;100;G4;1045;0.0;0.0
7697;1033LN;1033LN;13;100.0;92.31;100;100;G4;832;0.0;0.0
7699;1033LP;1033LP;12;100.0;83.33;100;92;G4;1062;0.0;0.0
7701;1033LR;1033LR;20;100.0;100.0;100;100;G4;629;0.0;0.0
7703;1033LS;1033LT;18;100.0;100.0;100;83;G4;1109;0.0;0.0
7705;1033LV;1033LV;20;100.0;100.0;100;100;G4;1289;0.0;0.0
7707;1033LX;1033LX;15;100.0;100.0;100;100;G4;865;0.0;0.0
7709;1033LZ;1033LZ;15;100.0;100.0;100;100;G4;1008;0.0;0.0
7711;1033MA;1033MA;22;100.0;100.0;100;100;G4;887;0.0;0.0
7713;1033MB;1033MB;22;100.0;95.45;100;100;G4;771;0.0;0.0
7715;1033MC;1033MC;16;100.0;100.0;100;100;G4;776;0.0;0.0
7717;1033MD;1033MD;28;100.0;96.43;100;100;G4;1051;0.0;0.0
7719;1033ME;1033ME;17;100.0;100.0;100;100;G4;865;0.0;0.0
7721;1033MG;1033MG;15;100.0;100.0;100;100;G4;1061;0.0;0.0
7723;1033MH;1033MH;29;100.0;100.0;100;97;G4;1038;0.0;3.45
7725;1033MJ;1033MJ;31;100.0;100.0;100;100;G4;968;0.0;0.0
7728;1033MX;1033NM;45;100.0;91.11;100;69;G4;4703;0.0;4.44
7734;1033NN;1033NT;26;100.0;92.31;100;88;G4;2494;0.0;0.0
7737;1033NV;1033NW;14;100.0;100.0;100;43;G10;11436;0.0;0.0
7739;1033NX;1033NX;11;100.0;63.64;100;45;G16;3051;0.0;9.09
7741;1033NZ;1033PA;25;100.0;100.0;100;84;G4;2799;0.0;0.0
7743;1033PB;1033PB;25;100.0;100.0;100;100;G4;1103;0.0;0.0
7745;1033PC;1033PC;30;100.0;100.0;100;100;G4;1170;0.0;0.0
7747;1033PD;1033PD;16;100.0;100.0;100;100;G4;1228;0.0;0.0
7749;1033PE;1033PE;30;100.0;93.33;100;100;G4;823;0.0;0.0
7751;1033PH;1033PH;30;100.0;100.0;100;100;G4;898;0.0;26.67
7753;1033PJ;1033PJ;30;100.0;100.0;100;100;G4;818;0.0;0.0
7755;1033PL;1033PL;15;100.0;100.0;100;100;G4;929;0.0;0.0
7757;1033PM;1033PM;21;100.0;100.0;100;100;G4;1038;0.0;0.0
7759;1033PN;1033PN;18;100.0;100.0;100;89;G4;2799;0.0;0.0
7761;1033PP;1033PR;24;100.0;100.0;100;100;G4;1031;0.0;0.0
7763;1033PS;1033PS;31;100.0;100.0;100;100;G4;835;0.0;0.0
7765;1033PT;1033PT;16;100.0;100.0;100;100;G4;1088;0.0;0.0
7767;1033PV;1033PV;21;100.0;100.0;100;100;G4;933;0.0;4.76
7769;1033PW;1033PW;18;100.0;100.0;100;89;G4;2875;0.0;0.0
7771;1033PX;1033PX;22;100.0;100.0;100;100;G4;976;0.0;0.0
7773;1033PZ;1033PZ;23;100.0;100.0;100;96;G4;1135;0.0;0.0
7775;1033RA;1033RC;25;100.0;96.0;100;56;G4;3688;0.0;4.0
7777;1033RD;1033RJ;37;100.0;91.89;100;76;G4;3433;0.0;5.41
7781;1033RK;1033RK;15;100.0;100.0;100;100;G4;1105;0.0;13.33
7783;1033RL;1033RL;19;100.0;100.0;100;100;G4;1056;0.0;0.0
7785;1033RM;1033RN;27;100.0;100.0;100;89;G4;1292;0.0;0.0
7787;1033RP;1033RP;15;100.0;100.0;100;100;G4;759;0.0;0.0
7789;1033RR;1033RR;15;100.0;100.0;100;100;G4;947;0.0;0.0
7791;1033RT;1033RV;15;100.0;93.33;100;73;G6;4454;0.0;6.67
7793;1033RW;1033RW;12;100.0;100.0;100;42;G4;3821;0.0;0.0
7795;1033RX;1033SC;45;100.0;86.67;100;47;G6;5133;0.0;2.22
7799;1033SE;1033SM;34;100.0;79.41;100;44;G4;4625;0.0;2.94
7805;1033SN;1033SN;10;100.0;50.0;100;50;G4;2111;0.0;10.0
7807;1033SP;1033SV;42;100.0;100.0;100;71;G4;3322;0.0;0.0
7810;1033SX;1033SX;43;100.0;100.0;100;100;G4;1961;0.0;2.33
7812;1033SZ;1033SZ;12;100.0;91.67;100;100;G4;1440;0.0;0.0
7814;1033TC;1033TC;14;100.0;100.0;100;100;G4;1299;0.0;0.0
7816;1033TD;1033TD;24;100.0;100.0;100;100;G4;954;0.0;0.0
7818;1033TE;1033TE;24;100.0;100.0;100;100;G4;801;0.0;0.0
7820;1033TG;1033TG;16;100.0;100.0;100;88;G4;791;0.0;0.0
7822;1033TH;1033TH;21;100.0;100.0;100;86;G4;2823;0.0;4.76
7824;1033TJ;1033TJ;20;100.0;100.0;100;100;G4;1138;0.0;0.0
7826;1033TK;1033TK;11;100.0;100.0;100;91;G4;1018;0.0;0.0
7828;1033TL;1033TL;13;100.0;92.31;100;85;G4;740;0.0;0.0
7830;1033TM;1033TM;12;100.0;100.0;100;100;G4;874;0.0;0.0
7832;1033TN;1033TN;16;100.0;100.0;100;100;G4;914;0.0;0.0
7834;1033TP;1033TP;18;100.0;44.44;100;50;OBK;1207;0.0;5.56
7836;1033TR;1033TT;20;100.0;100.0;100;95;G4;980;0.0;0.0
7839;1033TV;1033TX;34;100.0;100.0;100;100;G4;1099;0.0;2.94
7841;1033TZ;1033TZ;18;100.0;100.0;100;89;G4;1251;0.0;0.0
7843;1033VA;1033VA;20;100.0;90.0;100;90;G4;1944;0.0;0.0
7845;1033VB;1033VB;19;100.0;68.42;100;68;G4;2388;0.0;0.0
7847;1033VC;1033VC;11;100.0;100.0;100;100;G4;1632;0.0;0.0
7849;1033VD;1033VD;20;100.0;100.0;100;100;G4;1282;0.0;0.0
7851;1033VE;1033VE;22;100.0;100.0;100;100;G4;1274;0.0;4.55
7853;1033VG;1033VG;10;100.0;100.0;100;100;G4;1612;0.0;0.0
7855;1033VH;1033VH;14;100.0;92.86;100;93;G4;1847;0.0;0.0
7857;1033VJ;1033VJ;21;100.0;71.43;100;71;G4;1901;0.0;0.0
7859;1033VK;1033VK;16;100.0;100.0;100;100;G4;1515;0.0;0.0
7861;1033VL;1033VL;17;100.0;100.0;100;88;G4;2575;0.0;5.88
7863;1033VM;1033VM;17;100.0;100.0;100;94;G4;1220;0.0;0.0
7865;1033VN;1033VP;32;100.0;100.0;100;100;G4;1379;0.0;0.0
7867;1033VR;1033VR;12;100.0;100.0;100;100;G4;1214;0.0;0.0
7869;1033VS;1033VS;10;100.0;100.0;100;100;G4;1423;0.0;0.0
7871;1033VT;1033VT;14;100.0;100.0;100;100;G4;1165;0.0;0.0
7873;1033VV;1033VV;16;100.0;100.0;100;100;G4;1537;0.0;6.25
7875;1033VW;1033VW;16;100.0;100.0;100;100;G4;1316;0.0;0.0
7877;1033VX;1033VX;10;100.0;100.0;100;100;G4;1232;0.0;10.0
7879;1033VZ;1033VZ;16;100.0;100.0;100;100;G4;1225;0.0;0.0
7881;1033WB;1033WD;35;100.0;82.86;100;74;G4;2498;0.0;2.86
7884;1033WE;1033WE;26;100.0;96.15;100;100;G4;937;0.0;3.85
7886;1033WG;1033WG;50;100.0;100.0;100;100;G4;782;0.0;6.0
7888;1033WH;1033WH;26;100.0;100.0;100;100;G4;761;0.0;0.0
7890;1033WJ;1033WJ;14;100.0;100.0;100;100;G4;860;0.0;0.0
7892;1033WK;1033WK;40;100.0;100.0;100;100;G4;693;0.0;0.0
7894;1033WL;1033WL;19;100.0;100.0;100;100;G4;870;0.0;73.68
7896;1033WN;1033WN;14;100.0;100.0;100;100;G4;1621;0.0;0.0
7898;1033WP;1033WP;16;100.0;100.0;100;100;G4;1203;0.0;0.0
7900;1033WR;1033WR;13;100.0;100.0;100;100;G4;1262;0.0;0.0
7902;1033WS;1033WV;23;100.0;100.0;100;100;G4;1157;0.0;13.04
7904;1033WX;1033WX;16;100.0;100.0;100;100;G4;733;0.0;100.0
7906;1033WZ;1033WZ;16;100.0;100.0;100;100;G4;704;0.0;0.0
7908;1033XA;1033XA;16;100.0;100.0;100;100;G4;1384;0.0;0.0
7910;1033XB;1033XB;10;100.0;100.0;100;100;G4;1404;0.0;0.0
7912;1033XC;1033XC;19;100.0;94.74;100;95;G4;994;0.0;5.26
7914;1033XD;1033XD;12;100.0;100.0;100;100;G4;1000;0.0;0.0
7916;1033XE;1033XE;19;100.0;100.0;100;100;G4;981;0.0;0.0
7918;1033XG;1033XG;12;100.0;100.0;100;100;G4;978;0.0;0.0
7920;1033XH;1033XK;35;100.0;97.14;100;97;G4;957;0.0;2.86
7923;1033XL;1033XL;28;100.0;100.0;100;100;G4;1175;0.0;3.57
7925;1033XM;1033XM;12;100.0;91.67;100;100;G4;878;0.0;33.33
7927;1033XN;1033XN;23;100.0;100.0;100;100;G4;970;0.0;0.0
7929;1033XP;1033XP;18;100.0;100.0;100;100;G4;1333;0.0;0.0
7931;1033XR;1033XR;12;100.0;100.0;100;100;G4;829;0.0;0.0
7933;1033XS;1033XS;10;100.0;100.0;100;100;G4;1073;0.0;0.0
7935;1033XT;1033XT;10;100.0;100.0;100;100;G4;1140;0.0;0.0
7937;1033XV;1033XV;22;100.0;100.0;100;55;G4;1724;0.0;4.55
7939;1033XW;1033XW;15;100.0;100.0;100;73;G4;1945;0.0;0.0
7941;1033XX;1033XX;18;100.0;100.0;100;94;G4;1040;0.0;0.0
7943;1033XZ;1033XZ;10;100.0;90.0;100;100;G4;1177;0.0;0.0
7945;1033ZA;1033ZA;16;100.0;100.0;100;100;G4;658;0.0;0.0
7947;1033ZB;1033ZB;16;100.0;100.0;100;100;G4;689;0.0;6.25
7949;1033ZC;1033ZC;12;100.0;100.0;100;100;G4;845;0.0;0.0
7951;1033ZD;1033ZD;12;100.0;91.67;100;100;G4;842;0.0;0.0
7953;1033ZE;1033ZE;12;100.0;100.0;100;100;G4;875;0.0;0.0
7955;1033ZG;1033ZG;30;100.0;100.0;100;100;G4;801;0.0;3.33
7957;1033ZH;1033ZH;23;100.0;100.0;100;100;G4;908;0.0;0.0
7959;1033ZJ;1033ZJ;13;100.0;100.0;100;100;G4;883;0.0;0.0
7961;1033ZK;1033ZL;19;100.0;100.0;100;100;G4;982;0.0;5.26
7963;1033ZM;1033ZM;11;100.0;100.0;100;100;G4;990;0.0;0.0
7965;1033ZN;1033ZN;24;100.0;100.0;100;100;G4;918;0.0;0.0
7967;1033ZP;1033ZP;24;100.0;100.0;100;100;G4;800;0.0;0.0
7969;1033ZR;1033ZR;18;100.0;100.0;100;100;G4;1007;0.0;5.56
7971;1033ZS;1033ZS;22;100.0;100.0;100;100;G4;943;0.0;0.0
7973;1033ZT;1033ZT;22;100.0;100.0;100;100;G4;1044;0.0;0.0
7975;1033ZV;1033ZV;22;100.0;100.0;100;100;G4;1016;0.0;0.0
7977;1033ZW;1033ZW;18;100.0;100.0;100;100;G4;1019;0.0;0.0
7979;1033ZX;1033ZX;22;100.0;100.0;100;100;G4;1174;0.0;0.0
7981;1033ZZ;1033ZZ;22;100.0;100.0;100;100;G4;1180;0.0;0.0
7983;1034AA;1034BB;25;100.0;96.0;100;96;G4;1101;0.0;24.0
7986;1034BC;1034BC;16;100.0;100.0;100;100;G4;57;0.0;0.0
7988;1034BD;1034BD;17;100.0;94.12;100;94;G4;3978;0.0;11.76
7990;1034BE;1034BE;17;100.0;100.0;100;100;G4;1348;0.0;0.0
7993;1034BJ;1034BN;19;100.0;100.0;100;95;G4;1527;0.0;31.58
7999;1034BP;1034BS;35;100.0;100.0;100;94;G4;1319;0.0;2.86
8002;1034BT;1034BT;20;100.0;95.0;100;100;G4;316;0.0;0.0
8004;1034BV;1034BV;18;100.0;100.0;100;100;G4;369;0.0;0.0
8006;1034BW;1034BW;19;100.0;94.74;100;95;G4;2608;0.0;0.0
8008;1034BX;1034BX;18;100.0;100.0;100;100;G4;1323;0.0;0.0
8010;1034CA;1034CA;18;100.0;100.0;100;100;G4;1228;0.0;0.0
8012;1034CB;1034CB;18;100.0;100.0;100;100;G4;1192;0.0;0.0
8014;1034CC;1034CC;12;100.0;91.67;100;100;G4;1304;0.0;0.0
8016;1034CD;1034CD;18;100.0;100.0;100;100;G4;316;0.0;0.0
8018;1034CE;1034CE;18;100.0;100.0;100;100;G4;259;0.0;0.0
8020;1034CG;1034CG;24;100.0;100.0;100;100;G4;1091;0.0;4.17
8022;1034CH;1034CH;19;100.0;94.74;100;95;G4;1340;0.0;0.0
8024;1034CK;1034CK;21;100.0;100.0;100;100;G4;271;0.0;0.0
8026;1034CL;1034CL;17;100.0;100.0;100;100;G4;206;0.0;0.0
8028;1034CM;1034CM;33;100.0;100.0;100;100;G4;829;0.0;0.0
8030;1034CN;1034CN;24;100.0;100.0;100;100;G4;449;0.0;0.0
8032;1034CR;1034CR;32;100.0;9.38;100;88;G4;2686;0.0;6.25
8034;1034CS;1034CS;18;100.0;0.0;100;94;G6;1069;0.0;0.0
8036;1034CT;1034CT;18;100.0;0.0;100;94;G6;889;0.0;0.0
8038;1034CV;1034DA;63;100.0;80.95;100;81;G4;1068;0.0;68.25
8044;1034DB;1034DB;45;100.0;100.0;100;100;G4;957;0.0;80.0
8046;1034DC;1034DC;45;100.0;100.0;100;100;G4;1025;0.0;91.11
8048;1034DD;1034DD;37;100.0;100.0;100;97;G4;1432;0.0;2.7
8050;1034DG;1034DG;13;100.0;100.0;100;100;G4;1527;0.0;0.0
8052;1034DK;1034DK;27;100.0;100.0;100;100;G4;688;0.0;0.0
8054;1034DL;1034DL;27;100.0;100.0;100;100;G4;715;0.0;0.0
8056;1034DM;1034DM;17;100.0;100.0;100;100;G4;800;0.0;5.88
8058;1034DN;1034DN;17;100.0;100.0;100;100;G4;894;0.0;0.0
8060;1034DR;1034DR;27;100.0;100.0;100;96;G4;768;0.0;0.0
8062;1034DS;1034DS;24;100.0;100.0;100;100;G4;783;0.0;0.0
8064;1034DT;1034DT;19;100.0;94.74;100;84;G4;2601;0.0;0.0
8068;1034EC;1034EC;16;100.0;100.0;100;94;G4;2361;0.0;0.0
8070;1034ED;1034ED;15;100.0;100.0;100;100;G4;1231;0.0;13.33
8072;1034EE;1034EE;15;100.0;100.0;100;100;G4;985;0.0;0.0
8074;1034EG;1034EG;15;100.0;100.0;100;100;G4;1034;0.0;0.0
8076;1034EH;1034EH;15;100.0;100.0;100;100;G4;1374;0.0;0.0
8078;1034EJ;1034EJ;13;100.0;100.0;100;100;G4;1060;0.0;0.0
8080;1034EK;1034EK;15;100.0;100.0;100;100;G4;1371;0.0;0.0
8082;1034EL;1034EL;15;100.0;100.0;100;100;G4;1067;0.0;0.0
8084;1034EM;1034EM;15;100.0;100.0;100;100;G4;940;0.0;0.0
8086;1034EN;1034EN;15;100.0;93.33;100;100;G4;1128;0.0;0.0
8088;1034EP;1034EP;15;100.0;100.0;100;100;G4;970;0.0;0.0
8090;1034ER;1034ER;13;100.0;100.0;100;100;G4;990;0.0;0.0
8092;1034ES;1034ES;16;100.0;100.0;100;100;G4;1267;0.0;18.75
8094;1034ET;1034ET;15;100.0;100.0;100;100;G4;801;0.0;26.67
8096;1034EV;1034EV;15;100.0;100.0;100;100;G4;923;0.0;13.33
8098;1034EW;1034EW;15;100.0;100.0;100;100;G4;901;0.0;13.33
8100;1034EX;1034EX;15;100.0;100.0;100;100;G4;776;0.0;26.67
8102;1034EZ;1034EZ;13;100.0;100.0;100;100;G4;896;0.0;15.38
8104;1034GA;1034GA;16;100.0;100.0;100;94;G4;926;0.0;0.0
8106;1034GB;1034GB;12;100.0;100.0;100;100;G4;12;0.0;0.0
8108;1034GC;1034GC;16;100.0;93.75;100;100;G4;20;0.0;0.0
8110;1034GD;1034GD;12;100.0;100.0;100;100;G4;19;0.0;0.0
8112;1034GE;1034GE;16;100.0;100.0;100;100;G4;37;0.0;0.0
8114;1034GG;1034GG;12;100.0;100.0;100;100;G4;28;0.0;0.0
8116;1034GH;1034GH;16;100.0;100.0;100;100;G4;24;0.0;0.0
8118;1034GJ;1034GJ;13;100.0;92.31;100;92;G4;1780;0.0;0.0
8120;1034GK;1034GK;18;100.0;0.0;100;100;G6;1101;0.0;0.0
8122;1034GL;1034GL;18;100.0;0.0;100;100;G6;1178;0.0;0.0
8124;1034GM;1034GN;27;100.0;0.0;100;100;G6;1010;0.0;0.0
8126;1034GP;1034GP;18;100.0;0.0;100;100;G6;1041;0.0;0.0
8128;1034GR;1034GS;27;100.0;0.0;100;100;G6;1185;0.0;0.0
8131;1034GT;1034GT;18;100.0;0.0;100;94;G6;1082;0.0;0.0
8133;1034GV;1034GW;27;100.0;0.0;100;67;G4;1114;0.0;0.0
8135;1034GX;1034GX;18;100.0;0.0;100;100;G4;1125;0.0;0.0
8137;1034GZ;1034HG;29;100.0;62.07;100;100;G4;1367;0.0;3.45
8145;1034HH;1034HH;21;100.0;100.0;100;100;G4;1248;0.0;4.76
8147;1034HJ;1034HJ;20;100.0;100.0;100;100;G4;1188;0.0;10.0
8149;1034HK;1034HK;20;100.0;100.0;100;100;G4;1156;0.0;15.0
8151;1034HL;1034HL;16;100.0;100.0;100;100;G4;1402;0.0;6.25
8153;1034HM;1034HM;17;100.0;100.0;100;100;G4;1150;0.0;0.0
8154;1034HN;1034HN;10;100.0;90.0;100;90;G4;5871;0.0;0.0
8156;1034HP;1034HP;18;100.0;100.0;100;100;G4;1317;0.0;0.0
8158;1034HR;1034HR;25;100.0;100.0;100;100;G4;1130;0.0;0.0
8160;1034HS;1034HS;11;100.0;100.0;100;100;G4;1318;0.0;0.0
8162;1034HT;1034HV;23;100.0;100.0;100;100;G4;2223;0.0;26.09
8165;1034HW;1034HW;16;100.0;100.0;100;100;G4;1066;0.0;37.5
8167;1034JA;1034JA;20;100.0;100.0;100;100;G4;1305;0.0;5.0
8169;1034JB;1034JB;20;100.0;100.0;100;100;G4;1137;0.0;5.0
8171;1034JC;1034JC;20;100.0;100.0;100;100;G4;1240;0.0;15.0
8173;1034JD;1034JD;20;100.0;100.0;100;100;G4;1154;0.0;10.0
8175;1034JE;1034JG;19;100.0;5.26;100;100;G4;1361;0.0;0.0
8177;1034JH;1034JH;18;100.0;0.0;100;100;G4;1246;0.0;0.0
8179;1034JJ;1034JJ;10;100.0;0.0;100;90;G4;1524;0.0;0.0
8181;1034JK;1034JK;18;100.0;0.0;100;100;G4;1256;0.0;0.0
8183;1034JL;1034JL;11;100.0;0.0;100;100;G4;1152;0.0;0.0
8185;1034JM;1034JM;16;100.0;0.0;100;100;G4;1170;0.0;0.0
8187;1034JN;1034JN;18;100.0;0.0;100;100;G4;1230;0.0;0.0
8189;1034JP;1034JP;17;100.0;0.0;100;100;G4;1235;0.0;0.0
8191;1034JR;1034JR;10;100.0;0.0;100;90;G4;1317;0.0;0.0
8193;1034JS;1034JS;18;100.0;0.0;100;100;G4;1039;0.0;0.0
8195;1034JT;1034JT;18;100.0;0.0;100;94;G4;1143;0.0;0.0
8197;1034JV;1034JW;23;100.0;60.87;100;100;G4;1222;0.0;0.0
8200;1034JX;1034JX;19;100.0;100.0;100;100;G4;1172;0.0;5.26
8202;1034JZ;1034KC;35;100.0;28.57;100;77;G4;2819;0.0;0.0
8206;1034KE;1034KL;13;100.0;92.31;100;92;G4;1128;0.0;92.31
8209;1034KM;1034KM;20;100.0;100.0;100;100;G4;1460;0.0;90.0
8211;1034KN;1034KN;27;100.0;100.0;100;78;G4;2208;0.0;100.0
8213;1034KP;1034KP;14;100.0;100.0;100;100;G4;1386;0.0;85.71
8215;1034KR;1034KR;12;100.0;100.0;100;100;G4;1439;0.0;100.0
8217;1034KS;1034KS;11;100.0;100.0;100;100;G4;1377;0.0;72.73
8219;1034KT;1034KT;13;100.0;100.0;100;100;G4;1298;0.0;100.0
8221;1034KV;1034KV;12;100.0;100.0;100;100;G4;1463;0.0;100.0
8223;1034KW;1034KW;16;100.0;100.0;100;100;G4;1296;0.0;87.5
8225;1034KX;1034KX;16;100.0;100.0;100;100;G4;1578;0.0;100.0
8227;1034KZ;1034KZ;28;100.0;100.0;100;100;G4;1301;0.0;96.43
8229;1034LA;1034LA;15;100.0;100.0;100;100;G4;1356;0.0;86.67
8231;1034LB;1034LB;14;100.0;100.0;100;100;G4;1275;0.0;57.14
8233;1034LC;1034LC;14;100.0;100.0;100;100;G4;1072;0.0;78.57
8235;1034LD;1034LD;14;100.0;100.0;100;100;G4;1242;0.0;92.86
8237;1034LE;1034LE;15;100.0;100.0;100;100;G4;1527;0.0;46.67
8239;1034LG;1034LG;15;100.0;100.0;100;100;G4;1022;0.0;93.33
8241;1034LH;1034LH;14;100.0;100.0;100;100;G4;1116;0.0;92.86
8243;1034LJ;1034LJ;15;100.0;100.0;100;100;G4;1267;0.0;86.67
8245;1034LK;1034LK;14;100.0;100.0;100;100;G4;1147;0.0;100.0
8247;1034LL;1034LL;15;100.0;93.33;100;100;G4;895;0.0;93.33
8249;1034LM;1034LM;14;100.0;100.0;100;100;G4;1228;0.0;100.0
8251;1034LN;1034LN;14;100.0;100.0;100;100;G4;975;0.0;100.0
8253;1034LP;1034LP;14;100.0;100.0;100;100;G4;967;0.0;92.86
8255;1034LR;1034LR;14;100.0;100.0;100;100;G4;1115;0.0;100.0
8257;1034LS;1034LS;13;100.0;100.0;100;100;G4;1112;0.0;92.31
8259;1034LT;1034LT;15;100.0;100.0;100;100;G4;1048;0.0;100.0
8261;1034LV;1034LV;21;100.0;100.0;100;100;G4;1254;0.0;100.0
8263;1034LW;1034LW;15;100.0;100.0;100;100;G4;1349;0.0;100.0
8265;1034LX;1034LX;22;100.0;100.0;100;100;G4;1652;0.0;95.45
8267;1034LZ;1034LZ;15;100.0;100.0;100;100;G4;1305;0.0;100.0
8269;1034MA;1034MA;14;100.0;100.0;100;100;G4;1120;0.0;92.86
8271;1034MB;1034MB;22;100.0;100.0;100;100;G4;1019;0.0;100.0
8273;1034MC;1034MC;14;100.0;100.0;100;100;G4;1192;0.0;92.86
8275;1034MD;1034MD;21;100.0;100.0;100;100;G4;1004;0.0;100.0
8277;1034ME;1034ME;21;100.0;100.0;100;100;G4;966;0.0;85.71
8279;1034MG;1034MG;14;100.0;100.0;100;100;G4;948;0.0;85.71
8281;1034MH;1034MH;14;100.0;100.0;100;100;G4;749;0.0;92.86
8283;1034MJ;1034MJ;22;100.0;100.0;100;100;G4;980;0.0;90.91
8285;1034MK;1034MK;21;100.0;100.0;100;100;G4;1068;0.0;95.24
8287;1034ML;1034ML;22;100.0;100.0;100;100;G4;1261;0.0;100.0
8289;1034MN;1034MN;15;100.0;100.0;100;100;G4;1338;0.0;93.33
8291;1034MP;1034MP;14;100.0;100.0;100;100;G4;889;0.0;100.0
8293;1034MR;1034MR;22;100.0;100.0;100;100;G4;1151;0.0;90.91
8295;1034MS;1034MS;14;100.0;100.0;100;100;G4;1513;0.0;92.86
8297;1034MT;1034MT;21;100.0;100.0;100;100;G4;995;0.0;95.24
8299;1034MV;1034MV;21;100.0;100.0;100;100;G4;888;0.0;100.0
8301;1034MX;1034MX;14;100.0;100.0;100;100;G4;1189;0.0;100.0
8303;1034MZ;1034MZ;15;100.0;100.0;100;100;G4;1337;0.0;93.33
8305;1034NA;1034NA;16;100.0;100.0;100;100;G4;1172;0.0;93.75
8307;1034NB;1034NB;16;100.0;100.0;100;100;G4;1310;0.0;100.0
8309;1034NC;1034NC;16;100.0;100.0;100;100;G4;1121;0.0;93.75
8311;1034ND;1034ND;24;100.0;100.0;100;100;G4;1064;0.0;87.5
8313;1034NE;1034NE;16;100.0;100.0;100;100;G4;1101;0.0;93.75
8315;1034NG;1034NG;16;100.0;100.0;100;100;G4;1275;0.0;100.0
8317;1034NH;1034NH;16;100.0;100.0;100;100;G4;1267;0.0;93.75
8319;1034NJ;1034NJ;16;100.0;100.0;100;100;G4;1236;0.0;93.75
8321;1034NK;1034NK;24;100.0;100.0;100;100;G4;1163;0.0;95.83
8323;1034NL;1034NL;24;100.0;100.0;100;100;G4;1113;0.0;95.83
8325;1034NM;1034NM;24;100.0;100.0;100;100;G4;1093;0.0;95.83
8327;1034NN;1034NN;16;100.0;100.0;100;100;G4;1170;0.0;93.75
8329;1034NP;1034NP;16;100.0;93.75;100;100;G4;944;0.0;75.0
8331;1034NR;1034NR;16;100.0;100.0;100;100;G4;1166;0.0;75.0
8333;1034NS;1034NS;16;100.0;100.0;100;100;G4;1083;0.0;50.0
8335;1034NT;1034NT;24;100.0;100.0;100;100;G4;1065;0.0;100.0
8337;1034NV;1034NV;24;100.0;100.0;100;100;G4;1135;0.0;95.83
8339;1034NX;1034NX;22;100.0;100.0;100;100;G4;1175;0.0;90.91
8341;1034NZ;1034NZ;24;100.0;100.0;100;100;G4;1016;0.0;95.83
8343;1034PA;1034PA;16;100.0;100.0;100;100;G4;1104;0.0;100.0
8345;1034PB;1034PB;16;100.0;100.0;100;100;G4;1076;0.0;100.0
8347;1034PC;1034PC;24;100.0;100.0;100;100;G4;1041;0.0;91.67
8349;1034PD;1034PD;16;100.0;100.0;100;100;G4;1140;0.0;43.75
8351;1034PE;1034PE;16;100.0;100.0;100;100;G4;1276;0.0;100.0
8353;1034PG;1034PG;16;100.0;100.0;100;100;G4;1222;0.0;93.75
8355;1034PH;1034PH;24;100.0;100.0;100;100;G4;1239;0.0;83.33
8357;1034PJ;1034PJ;16;100.0;100.0;100;100;G4;1067;0.0;100.0
8359;1034PK;1034PK;24;100.0;100.0;100;100;G4;1223;0.0;100.0
8361;1034PL;1034PL;16;100.0;100.0;100;100;G4;1216;0.0;100.0
8363;1034PM;1034PM;24;100.0;100.0;100;100;G4;1131;0.0;79.17
8365;1034PN;1034PN;16;100.0;100.0;100;100;G4;1134;0.0;81.25
8367;1034PP;1034PP;29;100.0;100.0;100;83;G4;1214;0.0;82.76
8369;1034PR;1034PR;14;100.0;100.0;100;71;G6;1302;0.0;0.0
8371;1034PS;1034PS;12;100.0;100.0;100;67;G6;1369;0.0;0.0
8373;1034PT;1034PT;18;100.0;100.0;100;94;G6;1194;0.0;0.0
8375;1034PV;1034PV;12;100.0;100.0;100;100;G4;977;0.0;0.0
8377;1034PW;1034PW;17;100.0;100.0;100;100;G4;1210;0.0;0.0
8379;1034PX;1034RA;30;100.0;93.33;100;83;G4;2892;0.0;36.67
8381;1034RB;1034RB;22;100.0;100.0;100;100;G4;861;0.0;50.0
8383;1034RC;1034RC;22;100.0;100.0;100;100;G4;920;0.0;0.0
8385;1034RD;1034RD;22;100.0;100.0;100;100;G4;946;0.0;50.0
8387;1034RE;1034RE;22;100.0;95.45;100;100;G4;817;0.0;50.0
8389;1034RG;1034RG;22;100.0;100.0;100;100;G4;826;0.0;0.0
8391;1034RH;1034RH;22;100.0;100.0;100;100;G4;979;0.0;0.0
8393;1034RJ;1034RJ;23;100.0;100.0;100;100;G4;873;0.0;0.0
8395;1034RK;1034RK;33;100.0;100.0;100;100;G4;1080;0.0;0.0
8397;1034RL;1034RL;11;100.0;100.0;100;100;G4;984;0.0;100.0
8399;1034RM;1034RM;22;100.0;100.0;100;100;G4;847;0.0;100.0
8401;1034RN;1034RN;11;100.0;100.0;100;100;G4;1204;0.0;81.82
8403;1034RP;1034RP;22;100.0;100.0;100;100;G4;947;0.0;40.91
8405;1034RR;1034RR;22;100.0;100.0;100;100;G4;834;0.0;95.45
8407;1034RS;1034RS;22;100.0;100.0;100;100;G4;949;0.0;100.0
8409;1034RT;1034RT;22;100.0;100.0;100;100;G4;940;0.0;95.45
8411;1034RV;1034RV;22;100.0;100.0;100;100;G4;891;0.0;90.91
8413;1034RW;1034RW;22;100.0;100.0;100;100;G4;862;0.0;100.0
8415;1034RX;1034RX;22;100.0;100.0;100;100;G4;975;0.0;90.91
8417;1034RZ;1034RZ;22;100.0;100.0;100;100;G4;990;0.0;95.45
8419;1034SB;1034SB;22;100.0;100.0;100;100;G4;983;0.0;95.45
8421;1034SC;1034SC;22;100.0;100.0;100;100;G4;873;0.0;100.0
8423;1034SE;1034SE;11;100.0;90.91;100;100;G4;1047;0.0;90.91
8425;1034SG;1034SG;18;100.0;100.0;100;100;G4;1004;0.0;88.89
8427;1034SH;1034SH;16;100.0;100.0;100;100;G4;831;0.0;81.25
8429;1034SJ;1034SJ;15;100.0;100.0;100;100;G4;831;0.0;86.67
8431;1034SK;1034SK;24;100.0;100.0;100;100;G4;1294;0.0;95.83
8433;1034SL;1034SL;16;100.0;100.0;100;100;G4;1190;0.0;81.25
8435;1034SM;1034SM;16;100.0;100.0;100;100;G4;1287;0.0;93.75
8437;1034SN;1034SN;24;100.0;100.0;100;100;G4;1030;0.0;100.0
8439;1034SP;1034SP;24;100.0;100.0;100;100;G4;1187;0.0;100.0
8441;1034SR;1034SR;16;100.0;100.0;100;100;G4;1118;0.0;0.0
8443;1034ST;1034ST;24;100.0;100.0;100;100;G4;1126;0.0;0.0
8445;1034SV;1034SV;24;100.0;100.0;100;100;G4;1159;0.0;0.0
8447;1034SW;1034SW;16;100.0;100.0;100;100;G4;901;0.0;87.5
8449;1034SX;1034SX;16;100.0;100.0;100;100;G4;1188;0.0;100.0
8451;1034SZ;1034SZ;16;100.0;100.0;100;100;G4;1041;0.0;100.0
8453;1034TA;1034TA;16;100.0;100.0;100;100;G4;1298;0.0;81.25
8455;1034TB;1034TB;16;100.0;100.0;100;100;G4;1099;0.0;93.75
8457;1034TC;1034TC;16;100.0;100.0;100;100;G4;1283;0.0;100.0
8459;1034TD;1034TD;16;100.0;100.0;100;100;G4;932;0.0;100.0
8461;1034TE;1034TE;16;100.0;100.0;100;100;G4;1216;0.0;100.0
8463;1034TG;1034TG;16;100.0;100.0;100;100;G4;1286;0.0;93.75
8465;1034TH;1034TH;16;100.0;100.0;100;100;G4;1259;0.0;100.0
8467;1034TJ;1034TJ;16;100.0;100.0;100;100;G4;1059;0.0;87.5
8469;1034TK;1034TK;16;100.0;100.0;100;100;G4;1008;0.0;93.75
8471;1034TL;1034TL;16;100.0;100.0;100;100;G4;1157;0.0;87.5
8473;1034TM;1034TM;24;100.0;100.0;100;100;G4;1094;0.0;87.5
8475;1034TN;1034TN;16;100.0;100.0;100;100;G4;1249;0.0;93.75
8477;1034TP;1034TP;16;100.0;100.0;100;100;G4;1226;0.0;100.0
8479;1034TR;1034TR;16;100.0;100.0;100;100;G4;1239;0.0;100.0
8481;1034TS;1034TS;16;100.0;100.0;100;100;G4;1163;0.0;100.0
8483;1034TT;1034TT;16;100.0;100.0;100;100;G4;1119;0.0;93.75
8485;1034TV;1034TV;16;100.0;100.0;100;100;G4;1225;0.0;93.75
8487;1034VA;1034VA;16;100.0;100.0;100;100;G4;1069;0.0;100.0
8489;1034VB;1034VB;16;100.0;100.0;100;100;G4;1096;0.0;93.75
8491;1034VC;1034VC;16;100.0;100.0;100;100;G4;1156;0.0;100.0
8493;1034VD;1034VD;16;100.0;100.0;100;100;G4;1098;0.0;100.0
8495;1034VG;1034WB;183;100.0;100.0;100;98;G4;996;0.0;3.28
8498;1034WC;1034WC;18;100.0;100.0;100;100;G4;987;0.0;0.0
8500;1034WD;1034WD;25;100.0;100.0;100;100;G4;792;0.0;8.0
8502;1034WE;1034WG;19;100.0;100.0;100;100;G4;1031;0.0;10.53
8504;1034WH;1034WH;11;100.0;100.0;100;100;G4;814;0.0;0.0
8506;1034WJ;1034WK;20;100.0;100.0;100;100;G4;749;0.0;5.0
8509;1034WL;1034WL;26;100.0;100.0;100;100;G4;1025;0.0;0.0
8511;1034WN;1034WN;11;100.0;100.0;100;100;G4;1244;0.0;0.0
8513;1034WP;1034WP;29;100.0;100.0;100;100;G4;841;0.0;6.9
8515;1034WR;1034WR;62;100.0;100.0;100;100;G4;1369;0.0;6.45
8517;1034WS;1034WS;15;100.0;100.0;100;100;G4;913;0.0;0.0
8519;1034WT;1034WT;88;100.0;100.0;100;100;G4;869;0.0;4.55
8521;1034WV;1034WV;11;100.0;100.0;100;100;G4;1573;0.0;9.09
8523;1034WX;1034WX;19;100.0;100.0;100;100;G4;1189;0.0;10.53
8525;1034WZ;1034XC;46;100.0;100.0;100;100;G4;1357;0.0;4.35
8527;1034XD;1034XD;36;100.0;100.0;100;100;G4;1385;0.0;0.0
8529;1034XE;1034XE;39;100.0;100.0;100;97;G4;1603;0.0;0.0
8531;1034XG;1034XG;20;100.0;100.0;100;100;G4;1402;0.0;0.0
8533;1034XH;1034XH;25;100.0;100.0;100;96;G4;2127;0.0;0.0
8535;1034XJ;1034XJ;19;100.0;94.74;100;95;G4;3015;0.0;0.0
8537;1034XK;1034XK;17;100.0;100.0;100;100;G4;43;0.0;94.12
8539;1034XL;1034XL;24;100.0;100.0;100;100;G4;62;0.0;91.67
8541;1034XM;1034XM;12;100.0;100.0;100;100;G4;97;0.0;100.0
8543;1034XN;1034XN;15;100.0;100.0;100;93;G4;3600;0.0;53.33
8545;1034XP;1034XP;16;100.0;100.0;100;100;G4;50;0.0;93.75
8547;1034XR;1034XS;29;100.0;100.0;100;97;G4;1014;0.0;27.59
8550;1034XT;1034XT;20;100.0;95.0;100;100;G4;61;0.0;0.0
8552;1034XV;1034XV;20;100.0;100.0;100;100;G4;59;0.0;0.0
8554;1034XW;1034XW;20;100.0;100.0;100;100;G4;64;0.0;0.0
8556;1034XX;1034ZA;27;100.0;100.0;100;100;G4;1406;0.0;0.0
8558;1034ZB;1034ZB;16;100.0;100.0;100;100;G4;2071;0.0;0.0
8560;1034ZC;1034ZC;17;100.0;100.0;100;100;G4;1737;0.0;0.0
8562;1034ZD;1034ZD;10;100.0;100.0;100;70;G6;2905;0.0;10.0
8564;1034ZE;1034ZE;13;100.0;100.0;100;100;G4;2080;0.0;0.0
8566;1034ZG;1034ZG;14;100.0;92.86;100;79;G4;2200;0.0;0.0
8568;1034ZH;1034ZH;16;100.0;100.0;100;88;G4;2064;0.0;18.75
8570;1034ZJ;1034ZJ;18;100.0;83.33;100;89;G4;1638;0.0;0.0
8571;1034ZK;1034ZM;18;100.0;100.0;100;94;G4;2385;0.0;16.67
8574;1034ZP;1035AA;25;100.0;100.0;100;96;G4;2155;0.0;0.0
8576;1035AB;1035AB;24;100.0;100.0;100;100;G4;1843;0.0;0.0
8578;1035AC;1035AC;16;100.0;100.0;100;100;G4;1208;0.0;0.0
8580;1035AD;1035AD;16;100.0;100.0;100;100;G4;1300;0.0;0.0
8582;1035AE;1035AE;24;100.0;100.0;100;100;G4;1550;0.0;0.0
8584;1035AG;1035AG;24;100.0;100.0;100;100;G4;1132;0.0;0.0
8586;1035AH;1035AH;16;100.0;100.0;100;100;G4;1168;0.0;0.0
8588;1035AJ;1035AJ;16;100.0;100.0;100;100;G4;1601;0.0;0.0
8590;1035AK;1035AK;24;100.0;100.0;100;100;G4;1477;0.0;25.0
8592;1035AL;1035AL;24;100.0;100.0;100;100;G4;1184;0.0;25.0
8594;1035AM;1035AM;16;100.0;100.0;100;100;G4;1406;0.0;18.75
8596;1035AN;1035AN;16;100.0;100.0;100;100;G4;1055;0.0;18.75
8598;1035AP;1035AP;24;100.0;95.83;100;100;G4;1622;0.0;0.0
8600;1035AR;1035AR;24;100.0;100.0;100;100;G4;1177;0.0;4.17
8602;1035AS;1035AS;16;100.0;100.0;100;100;G4;1007;0.0;0.0
8604;1035AT;1035AT;16;100.0;100.0;100;100;G4;1440;0.0;0.0
8606;1035AV;1035AV;24;100.0;100.0;100;100;G4;1501;0.0;0.0
8608;1035AW;1035AW;24;100.0;100.0;100;100;G4;1231;0.0;0.0
8610;1035AX;1035AX;16;100.0;100.0;100;100;G4;1263;0.0;0.0
8612;1035AZ;1035AZ;16;100.0;100.0;100;100;G4;1209;0.0;0.0
8614;1035BA;1035BA;24;100.0;100.0;100;100;G4;1399;0.0;4.17
8616;1035BB;1035BB;24;100.0;100.0;100;100;G4;1157;0.0;0.0
8618;1035BC;1035BC;16;100.0;100.0;100;100;G4;1174;0.0;0.0
8620;1035BD;1035BD;16;100.0;100.0;100;100;G4;1194;0.0;6.25
8622;1035BE;1035BE;24;100.0;100.0;100;100;G4;1402;0.0;0.0
8624;1035BG;1035BG;24;100.0;100.0;100;100;G4;1104;0.0;0.0
8626;1035BH;1035BH;16;100.0;100.0;100;100;G4;968;0.0;12.5
8628;1035BJ;1035BJ;16;100.0;100.0;100;100;G4;1461;0.0;0.0
8630;1035BK;1035BK;24;100.0;100.0;100;100;G4;841;0.0;4.17
8632;1035BL;1035BL;25;100.0;100.0;100;100;G4;814;0.0;0.0
8634;1035BM;1035BM;18;100.0;100.0;100;100;G4;692;0.0;5.56
8636;1035BN;1035BN;20;100.0;100.0;100;100;G4;623;0.0;5.0
8638;1035BP;1035BP;25;100.0;96.0;100;100;G4;846;0.0;0.0
8640;1035BR;1035BR;26;100.0;96.15;100;100;G4;644;0.0;3.85
8642;1035BS;1035BS;24;100.0;100.0;100;100;G4;1365;0.0;8.33
8644;1035BT;1035BT;25;100.0;100.0;100;100;G4;1373;0.0;0.0
8646;1035BV;1035BV;15;100.0;100.0;100;100;G4;1247;0.0;0.0
8648;1035BW;1035BW;16;100.0;100.0;100;100;G4;1270;0.0;0.0
8650;1035BX;1035CA;29;100.0;100.0;100;100;G4;1491;0.0;10.34
8652;1035CB;1035CB;24;100.0;100.0;100;100;G4;1184;0.0;0.0
8654;1035CC;1035CC;16;100.0;100.0;100;100;G4;1396;0.0;0.0
8656;1035CD;1035CD;16;100.0;100.0;100;100;G4;1123;0.0;12.5
8658;1035CE;1035CE;24;100.0;100.0;100;100;G4;1471;0.0;0.0
8660;1035CG;1035CG;24;100.0;100.0;100;100;G4;1267;0.0;0.0
8662;1035CH;1035CH;16;100.0;100.0;100;100;G4;1081;0.0;0.0
8664;1035CJ;1035CJ;16;100.0;100.0;100;100;G4;1164;0.0;0.0
8666;1035CK;1035CK;24;100.0;100.0;100;100;G4;1596;0.0;0.0
8668;1035CL;1035CL;24;100.0;100.0;100;100;G4;1374;0.0;0.0
8670;1035CM;1035CM;16;100.0;100.0;100;100;G4;1383;0.0;0.0
8672;1035CN;1035CN;16;100.0;100.0;100;100;G4;1393;0.0;6.25
8674;1035CP;1035CP;24;100.0;100.0;100;100;G4;1626;0.0;4.17
8676;1035CR;1035CR;24;100.0;100.0;100;100;G4;1113;0.0;0.0
8678;1035CS;1035CS;16;100.0;100.0;100;100;G4;1129;0.0;0.0
8680;1035CT;1035CT;16;100.0;100.0;100;100;G4;1094;0.0;0.0
8682;1035CV;1035CV;24;100.0;100.0;100;100;G4;1427;0.0;0.0
8684;1035CW;1035CW;24;100.0;100.0;100;92;G4;1215;0.0;0.0
8686;1035CX;1035CX;16;100.0;100.0;100;100;G4;1000;0.0;0.0
8688;1035CZ;1035CZ;16;100.0;100.0;100;100;G4;1332;0.0;0.0
8690;1035EA;1035EA;24;100.0;100.0;100;100;G4;1556;0.0;0.0
8692;1035EB;1035EB;24;100.0;100.0;100;100;G4;1275;0.0;0.0
8694;1035EC;1035EC;16;100.0;100.0;100;100;G4;1214;0.0;0.0
8696;1035ED;1035ED;16;100.0;100.0;100;100;G4;1134;0.0;0.0
8698;1035EE;1035EG;17;100.0;70.59;100;41;G4;6425;0.0;0.0
8701;1035EH;1035EH;11;100.0;36.36;100;73;G4;2426;0.0;36.36
8703;1035EJ;1035EK;20;100.0;95.0;100;95;G4;209;0.0;0.0
8706;1035EL;1035EL;16;100.0;100.0;100;100;G4;23;0.0;0.0
8708;1035EM;1035EM;16;100.0;100.0;100;100;G4;12;0.0;0.0
8710;1035EN;1035EN;15;100.0;100.0;100;100;G4;22;0.0;0.0
8712;1035EP;1035EP;23;100.0;100.0;100;100;G4;21;0.0;0.0
8714;1035ER;1035ER;24;100.0;100.0;100;100;G4;23;0.0;0.0
8716;1035ES;1035ES;24;100.0;95.83;100;100;G4;18;0.0;0.0
8718;1035ET;1035ET;22;100.0;100.0;100;100;G4;21;0.0;0.0
8720;1035EV;1035EX;46;100.0;91.3;100;89;G4;1417;0.0;8.7
8723;1035GE;1035HC;21;100.0;100.0;100;90;G4;1387;0.0;4.76
8725;1035HD;1035HD;17;100.0;100.0;100;100;G4;1105;0.0;0.0
8727;1035HE;1035HE;13;100.0;92.31;100;100;G4;818;0.0;0.0
8729;1035HG;1035HG;10;100.0;100.0;100;100;G4;1331;0.0;0.0
8731;1035HH;1035HH;19;100.0;100.0;100;100;G4;1291;0.0;5.26
8733;1035HJ;1035HJ;19;100.0;100.0;100;100;G4;1041;0.0;5.26
8735;1035HK;1035HK;26;100.0;100.0;100;100;G4;1019;0.0;0.0
8737;1035HL;1035HL;27;100.0;100.0;100;100;G4;1080;0.0;3.7
8739;1035HM;1035HM;22;100.0;100.0;100;100;G4;1277;0.0;4.55
8741;1035HN;1035HN;14;100.0;100.0;100;93;G4;2076;0.0;0.0
8743;1035HP;1035HP;29;100.0;100.0;100;100;G4;1207;0.0;6.9
8745;1035HR;1035HR;26;100.0;100.0;100;100;G4;1185;0.0;3.85
8747;1035HS;1035HS;22;100.0;100.0;100;100;G4;1262;0.0;0.0
8749;1035HT;1035HT;12;100.0;100.0;100;100;G4;1459;0.0;8.33
8751;1035HV;1035HV;13;100.0;100.0;100;100;G4;1393;0.0;7.69
8753;1035HX;1035HX;37;100.0;100.0;100;100;G4;1065;0.0;5.41
8755;1035HZ;1035HZ;28;100.0;100.0;100;100;G4;1019;0.0;0.0
8757;1035JA;1035JA;17;100.0;100.0;100;100;G4;1037;0.0;0.0
8759;1035JB;1035JB;12;100.0;100.0;100;100;G4;1485;0.0;0.0
8761;1035JC;1035JC;23;100.0;100.0;100;100;G4;1106;0.0;0.0
8763;1035JD;1035JD;23;100.0;100.0;100;100;G4;1122;0.0;0.0
8765;1035JE;1035JE;20;100.0;100.0;100;100;G4;1156;0.0;10.0
8767;1035JH;1035JN;28;100.0;100.0;100;100;G4;1358;0.0;7.14
8769;1035JP;1035JP;19;100.0;100.0;100;100;G4;1295;0.0;5.26
8771;1035JR;1035JR;19;100.0;100.0;100;100;G4;1275;0.0;10.53
8773;1035JS;1035JS;24;100.0;100.0;100;100;G4;1279;0.0;12.5
8775;1035JT;1035JV;15;100.0;100.0;100;100;G4;1130;0.0;0.0
8777;1035JW;1035JW;31;100.0;100.0;100;100;G4;1182;0.0;0.0
8779;1035JX;1035JX;25;100.0;100.0;100;100;G4;1044;0.0;4.0
8781;1035JZ;1035JZ;25;100.0;100.0;100;92;G4;1554;0.0;4.0
8783;1035KA;1035KA;22;100.0;100.0;100;100;G4;1190;0.0;4.55
8785;1035KB;1035KB;18;100.0;100.0;100;100;G4;1250;0.0;5.56
8787;1035KC;1035KC;18;100.0;100.0;100;100;G4;1422;0.0;0.0
8789;1035KD;1035KE;24;100.0;100.0;100;100;G4;1080;0.0;4.17
8791;1035KG;1035KG;14;100.0;100.0;100;100;G4;1053;0.0;0.0
8793;1035KH;1035KH;21;100.0;100.0;100;100;G4;1515;0.0;0.0
8795;1035KJ;1035KJ;21;100.0;100.0;100;100;G4;1461;0.0;9.52
8797;1035KK;1035KK;19;100.0;100.0;100;100;G4;1312;0.0;0.0
8799;1035KL;1035KL;19;100.0;100.0;100;100;G4;1404;0.0;5.26
8801;1035KM;1035KM;22;100.0;100.0;100;100;G4;1279;0.0;0.0
8803;1035KN;1035KN;22;100.0;100.0;100;100;G4;1266;0.0;0.0
8805;1035KP;1035KP;28;100.0;100.0;100;100;G4;1227;0.0;0.0
8807;1035KR;1035KR;28;100.0;100.0;100;100;G4;1113;0.0;0.0
8809;1035KS;1035KS;21;100.0;100.0;100;100;G4;1822;0.0;0.0
8811;1035KV;1035KV;16;100.0;100.0;100;100;G4;1377;0.0;6.25
8813;1035KW;1035KW;12;100.0;100.0;100;100;G4;1271;0.0;16.67
8815;1035KX;1035KX;21;100.0;100.0;100;100;G4;1245;0.0;0.0
8817;1035LA;1035LA;28;100.0;100.0;100;100;G4;1164;0.0;0.0
8819;1035LB;1035LB;16;100.0;100.0;100;100;G4;1263;0.0;0.0
8821;1035LC;1035LC;14;100.0;100.0;100;100;G4;1546;0.0;7.14
8823;1035LD;1035LD;22;100.0;100.0;100;100;G4;1689;0.0;13.64
8825;1035MA;1035MA;22;100.0;100.0;100;100;G4;1848;0.0;0.0
8827;1035MZ;1035NC;21;100.0;85.71;100;71;G4;5025;0.0;0.0
8829;1035ND;1035ND;18;100.0;83.33;100;72;G4;1827;0.0;16.67
8831;1035NE;1035NE;25;100.0;100.0;100;92;G4;2113;0.0;20.0
8833;1035NG;1035NG;10;100.0;100.0;100;70;G4;2009;0.0;0.0
8835;1035NH;1035NH;17;100.0;100.0;100;76;G4;3110;0.0;0.0
8837;1035NL;1035NL;14;100.0;100.0;100;86;G4;2223;0.0;0.0
8839;1035NM;1035NN;22;100.0;100.0;100;82;G4;2156;0.0;0.0
8841;1035NP;1035NP;15;100.0;100.0;100;93;G4;1640;0.0;13.33
8843;1035NR;1035NR;17;100.0;100.0;100;88;G4;1967;0.0;11.76
8845;1035NS;1035NS;15;100.0;100.0;100;80;G4;1883;0.0;6.67
8847;1035NT;1035NT;19;100.0;100.0;100;74;G4;2419;0.0;5.26
8849;1035NV;1035NV;19;100.0;94.74;100;95;G4;1403;0.0;15.79
8851;1035NW;1035NX;19;100.0;100.0;100;84;G4;2338;0.0;5.26
8853;1035PC;1035PC;12;100.0;100.0;100;83;G4;2067;0.0;0.0
8855;1035PD;1035PD;20;100.0;85.0;100;80;G4;1765;0.0;0.0
8857;1035PE;1035PE;30;100.0;96.67;100;97;G4;2169;0.0;33.33
8859;1035PG;1035PG;15;100.0;100.0;100;87;G4;2187;0.0;6.67
8861;1035PH;1035PH;18;100.0;94.44;100;89;G4;1778;0.0;5.56
8863;1035PJ;1035PJ;16;100.0;87.5;100;63;G4;2559;0.0;0.0
8865;1035PK;1035PM;39;100.0;94.87;100;95;G4;1849;0.0;5.13
8867;1035PN;1035PN;16;100.0;100.0;100;100;G4;1723;0.0;0.0
8869;1035PP;1035PP;26;100.0;96.15;100;88;G4;1923;0.0;3.85
8871;1035PR;1035PR;18;100.0;100.0;100;83;G4;2073;0.0;11.11
8873;1035PS;1035PS;22;100.0;100.0;100;86;G4;2147;0.0;50.0
8875;1035PT;1035PW;46;100.0;95.65;100;87;G4;2278;0.0;28.26
8878;1035PX;1035PX;37;100.0;94.59;100;92;G4;1719;0.0;2.7
8880;1035RA;1035RA;12;100.0;100.0;100;92;G4;1881;0.0;16.67
8882;1035RD;1035RD;10;100.0;100.0;100;80;G4;2751;0.0;20.0
8884;1035RE;1035RE;10;100.0;100.0;100;100;G4;1718;0.0;20.0
8886;1035RG;1035RG;11;100.0;100.0;100;100;G4;1983;0.0;9.09
8888;1035RH;1035RH;14;100.0;100.0;100;100;G4;1339;0.0;7.14
8890;1035RJ;1035RJ;14;100.0;100.0;100;100;G4;1150;0.0;0.0
8892;1035RL;1035RL;11;100.0;100.0;100;82;G4;1849;0.0;0.0
8894;1035RM;1035RM;12;100.0;100.0;100;83;G4;1709;0.0;16.67
8896;1035RN;1035SB;19;100.0;94.74;100;74;G4;3780;0.0;10.53
8898;1035SC;1035SC;24;100.0;100.0;100;100;G4;1177;0.0;0.0
8900;1035SE;1035SE;21;100.0;100.0;100;100;G4;1233;0.0;9.52
8902;1035SG;1035SG;16;100.0;93.75;100;100;G4;1971;0.0;6.25
8904;1035SH;1035SH;19;100.0;100.0;100;100;G4;957;0.0;5.26
8906;1035SJ;1035SJ;18;100.0;100.0;100;100;G4;1247;0.0;11.11
8908;1035SK;1035SK;27;100.0;100.0;100;100;G4;1067;0.0;7.41
8910;1035SL;1035SL;18;100.0;100.0;100;100;G4;1467;0.0;0.0
8912;1035SM;1035SM;17;100.0;100.0;100;100;G4;767;0.0;0.0
8914;1035SN;1035SN;30;100.0;100.0;100;97;G4;1159;0.0;0.0
8916;1035SR;1035SR;27;100.0;100.0;100;100;G4;1024;0.0;0.0
8918;1035ST;1035ST;25;100.0;100.0;100;100;G4;1076;0.0;8.0
8920;1035SV;1035SV;16;100.0;100.0;100;100;G4;1176;0.0;0.0
8922;1035SW;1035SW;16;100.0;100.0;100;100;G4;1074;0.0;0.0
8924;1035SX;1035SX;16;100.0;100.0;100;100;G4;1098;0.0;0.0
8926;1035SZ;1035SZ;20;100.0;100.0;100;100;G4;1016;0.0;5.0
8928;1035TA;1035TA;10;100.0;100.0;100;100;G4;972;0.0;10.0
8930;1035TB;1035TE;21;100.0;100.0;100;100;G4;1127;0.0;4.76
8932;1035TG;1035TG;18;100.0;100.0;100;100;G4;984;0.0;0.0
8934;1035TH;1035TH;11;100.0;100.0;100;100;G4;1094;0.0;0.0
8936;1035TJ;1035TJ;11;100.0;100.0;100;100;G4;1054;0.0;0.0
8938;1035TL;1035TL;11;100.0;100.0;100;91;G4;1024;0.0;0.0
8940;1035TM;1035TM;11;100.0;100.0;100;100;G4;1033;0.0;0.0
8942;1035TN;1035TS;33;100.0;100.0;100;97;G4;1754;0.0;6.06
8944;1035TT;1035TT;12;100.0;91.67;100;75;G4;2988;0.0;0.0
8946;1035TV;1035TV;19;100.0;94.74;100;74;G4;3366;0.0;0.0
8948;1035TW;1035TW;26;100.0;88.46;100;96;G4;1709;0.0;7.69
8950;1035TX;1035TX;18;100.0;100.0;100;83;G4;2112;0.0;5.56
8952;1035TZ;1035TZ;17;100.0;100.0;100;82;G4;3351;0.0;11.76
8954;1035VB;1035VD;31;100.0;100.0;100;87;G4;2369;0.0;3.23
8956;1035VE;1035VE;12;100.0;100.0;100;92;G4;1612;0.0;8.33
8958;1035VG;1035VG;16;100.0;100.0;100;100;G4;955;0.0;0.0
8960;1035VH;1035VH;12;100.0;100.0;100;100;G4;1062;0.0;0.0
8962;1035VJ;1035VK;24;100.0;91.67;100;96;G4;1514;0.0;0.0
8964;1035VL;1035VL;18;100.0;100.0;100;100;G4;1498;0.0;0.0
8966;1035VM;1035VN;19;100.0;100.0;100;100;G4;1545;0.0;0.0
8968;1035VR;1035VR;17;100.0;100.0;100;88;G4;3396;0.0;0.0
8970;1035VS;1035VV;28;100.0;100.0;100;100;G4;1410;0.0;7.14
8973;1035VW;1035VW;12;100.0;100.0;100;100;G4;1352;0.0;0.0
8975;1035VX;1035VX;14;100.0;100.0;100;93;G4;1378;0.0;0.0
8977;1035VZ;1035VZ;12;100.0;100.0;100;100;G4;1372;0.0;0.0
8979;1035XA;1035XA;14;100.0;100.0;100;93;G4;1259;0.0;14.29
8981;1035XB;1035XB;21;100.0;100.0;100;90;G4;1575;0.0;0.0
8983;1035XC;1035XC;26;100.0;100.0;100;100;G4;1520;0.0;0.0
8985;1035XD;1035XD;16;100.0;100.0;100;100;G4;1496;0.0;0.0
8987;1035XE;1035XE;16;100.0;100.0;100;100;G4;1235;0.0;0.0
8989;1035XG;1035XG;17;100.0;100.0;100;100;G4;1170;0.0;0.0
8991;1035XH;1035XH;17;100.0;100.0;100;100;G4;1256;0.0;5.88
8993;1035XJ;1035XJ;15;100.0;100.0;100;93;G4;1817;0.0;0.0
8995;1035XK;1035XK;14;100.0;100.0;100;100;G4;1843;0.0;0.0
8997;1035XL;1035XM;20;100.0;100.0;100;90;G4;1881;0.0;0.0
8999;1035XN;1035XN;13;100.0;100.0;100;92;G4;2054;0.0;0.0
9001;1035XP;1035XP;15;100.0;100.0;100;100;G4;1523;0.0;13.33
9003;1035XR;1035XR;15;100.0;100.0;100;100;G4;1213;0.0;0.0
9005;1035XS;1035XS;19;100.0;100.0;100;95;G4;1479;0.0;10.53
9007;1035XT;1035XV;27;100.0;100.0;100;100;G4;1749;0.0;0.0
9009;1035XW;1035XW;20;100.0;100.0;100;100;G4;1506;0.0;0.0
9011;1035XX;1035XX;15;100.0;100.0;100;93;G4;1721;0.0;6.67
9013;1035XZ;1035XZ;15;100.0;100.0;100;100;G4;1536;0.0;0.0
9015;1036KC;1036KC;20;100.0;100.0;100;100;G4;904;0.0;5.0
9017;1036KD;1036KD;45;100.0;62.22;100;100;G4;1163;0.0;4.44
9019;1036KE;1036KE;44;100.0;100.0;100;100;G4;1031;0.0;2.27
9021;1036KG;1036KG;20;100.0;100.0;100;100;G4;967;0.0;0.0
9023;1036KH;1036KH;22;100.0;95.45;100;100;G4;1041;0.0;0.0
9025;1036KJ;1036KJ;24;100.0;100.0;100;96;G4;1303;0.0;4.17
9027;1036KK;1036KK;44;100.0;100.0;100;100;G4;1067;0.0;0.0
9029;1036KL;1036KL;40;100.0;100.0;100;100;G4;996;0.0;7.5
9031;1036KM;1036KM;44;100.0;100.0;100;100;G4;986;0.0;0.0
9033;1036KN;1036KN;18;100.0;100.0;100;100;G4;1069;0.0;0.0
9039;1037RK;1037RP;24;100.0;95.83;100;100;G4;1719;0.0;4.17
9041;1037RR;1037RR;21;100.0;100.0;100;100;G4;1869;0.0;4.76
9043;1037RS;1037RS;20;100.0;100.0;100;100;G4;1833;0.0;15.0
9045;1041AA;1041AV;38;100.0;78.95;100;53;G4;4295;0.0;10.53
9048;1041AW;1041BC;14;100.0;78.57;100;36;G6;6919;0.0;0.0
9050;1041BD;1041BE;27;100.0;100.0;100;59;G4;3093;0.0;0.0
9052;1042AA;1042AB;19;100.0;94.74;100;32;G25;5252;0.0;0.0
9055;1042AC;1042AC;16;100.0;100.0;100;75;G16;11806;0.0;0.0
9057;1042AD;1042AH;23;100.0;95.65;100;39;G4;8144;0.0;0.0
9059;1042AL;1042AL;65;100.0;92.31;100;86;G4;1911;0.0;6.15
9061;1042AN;1042AX;19;100.0;100.0;100;58;G6;8820;0.0;0.0
9063;1042AZ;1042AZ;15;100.0;93.33;100;53;G6;6776;0.0;0.0
9065;1042BA;1042BB;19;100.0;94.74;100;79;G4;1798;0.0;5.26
9067;1043AA;1043AH;30;100.0;100.0;100;43;G6;8026;0.0;10.0
9069;1043AJ;1043AM;60;100.0;88.33;100;65;G6;3630;0.0;1.67
9071;1043AN;1043BJ;44;100.0;79.55;100;50;G6;7349;0.0;4.55
9075;1043BS;1045AL;136;100.0;90.44;100;64;G4;8258;0.0;2.21
9082;1045AR;1046AA;22;100.0;95.45;100;64;G6;2877;0.0;0.0
9086;1046AB;1046AB;26;100.0;96.15;100;96;G4;998;0.0;0.0
9088;1046AC;1046AC;11;100.0;100.0;100;45;G16;10863;0.0;18.18
9090;1046AD;1046AD;19;100.0;100.0;100;42;G4;4369;0.0;0.0
9092;1046AE;1046AE;24;100.0;100.0;100;33;G16;7233;0.0;8.33
9094;1046AG;1046AG;45;100.0;95.56;100;80;G4;1662;0.0;0.0
9096;1046AH;1046AH;14;100.0;100.0;100;36;G6;8361;0.0;14.29
9098;1046AJ;1046AJ;15;100.0;100.0;100;73;G6;2430;0.0;6.67
9100;1046AK;1046AK;45;100.0;82.22;100;82;G4;1718;0.0;11.11
9102;1046AL;1046AL;18;100.0;94.44;100;61;G4;4439;0.0;11.11
9104;1046AM;1046AM;17;100.0;100.0;100;41;G4;3299;0.0;0.0
9106;1046AN;1046AR;19;100.0;100.0;100;89;G4;1766;0.0;10.53
9109;1046AS;1046AT;33;100.0;93.94;100;52;G4;2864;0.0;9.09
9111;1046AV;1046AV;11;100.0;100.0;100;100;G6;2629;0.0;0.0
9113;1046AW;1046BD;77;100.0;94.81;100;84;G4;1459;0.0;63.64
9115;1046BE;1046BG;13;100.0;100.0;100;85;G6;3113;0.0;0.0
9117;1046BH;1046BH;41;100.0;92.68;100;49;G6;731;0.0;4.88
9119;1046BK;1046BL;12;100.0;58.33;100;42;OBK;7576;0.0;8.33
9121;1046BM;1046BV;14;100.0;71.43;100;29;G16;8526;0.0;0.0
9124;1046CJ;1047BM;42;100.0;88.1;100;50;G25;11609;0.0;0.0
9132;1047HJ;1051AA;42;100.0;100.0;100;74;G4;2714;0.0;0.0
9135;1051AB;1051AB;31;100.0;100.0;100;100;G4;889;0.0;61.29
9137;1051AC;1051AC;22;100.0;100.0;100;100;G4;737;0.0;0.0
9139;1051AK;1051AK;25;100.0;100.0;100;96;G4;1008;0.0;8.0
9141;1051AL;1051AL;38;100.0;100.0;100;100;G4;1113;0.0;2.63
9143;1051AM;1051AM;41;100.0;100.0;100;100;G4;770;0.0;2.44
9145;1051AN;1051AN;45;100.0;93.33;100;98;G4;870;0.0;4.44
9147;1051AP;1051AP;45;100.0;97.78;100;96;G4;962;0.0;0.0
9149;1051AR;1051AR;12;100.0;91.67;100;100;G4;1540;0.0;0.0
9151;1051AS;1051AS;16;100.0;100.0;100;100;G4;908;0.0;6.25
9153;1051AT;1051AT;13;100.0;100.0;100;100;G4;819;0.0;7.69
9155;1051AV;1051AW;73;100.0;98.63;100;100;G4;230;0.0;0.0
9157;1051AX;1051AX;26;100.0;100.0;100;96;G4;2153;0.0;0.0
9159;1051AZ;1051AZ;47;100.0;97.87;100;100;G4;983;0.0;0.0
9161;1051BA;1051BA;79;100.0;100.0;100;99;G4;455;0.0;1.27
9163;1051BB;1051BB;39;100.0;97.44;100;100;G4;935;0.0;0.0
9165;1051BC;1051BC;22;100.0;100.0;100;82;G4;2862;0.0;0.0
9167;1051BD;1051BE;16;100.0;87.5;100;88;G4;1811;0.0;0.0
9168;1051BG;1051BJ;19;100.0;94.74;100;95;G4;1083;0.0;0.0
9171;1051BK;1051BK;44;100.0;65.91;100;100;G4;739;0.0;0.0
9173;1051BL;1051BL;55;100.0;36.36;100;100;G4;789;0.0;1.82
9175;1051BM;1051BM;69;100.0;68.12;100;99;G4;610;0.0;0.0
9177;1051BN;1051BN;65;100.0;64.62;100;100;G4;765;0.0;0.0
9179;1051BP;1051BP;12;100.0;100.0;100;100;G4;1064;0.0;0.0
9181;1051BR;1051BR;40;100.0;70.0;100;98;G4;818;0.0;0.0
9183;1051BS;1051BS;59;100.0;59.32;100;98;G4;734;0.0;0.0
9185;1051BT;1051BT;49;100.0;89.8;100;90;G4;775;0.0;0.0
9187;1051BV;1051BV;51;100.0;78.43;100;84;G4;655;0.0;0.0
9189;1051BW;1051BW;39;100.0;100.0;100;97;G4;738;0.0;0.0
9191;1051BX;1051BX;36;100.0;100.0;100;97;G4;1570;0.0;0.0
9193;1051BZ;1051BZ;31;100.0;100.0;100;100;G4;843;0.0;3.23
9195;1051CA;1051CA;30;100.0;100.0;100;100;G4;772;0.0;0.0
9197;1051CB;1051CB;20;100.0;100.0;100;100;G4;40;0.0;0.0
9199;1051CC;1051CC;18;100.0;100.0;100;100;G4;65;0.0;0.0
9201;1051CD;1051CD;13;100.0;92.31;100;100;G4;555;0.0;7.69
9203;1051CE;1051CE;19;100.0;68.42;100;89;G4;837;0.0;0.0
9205;1051CG;1051CG;16;100.0;93.75;100;63;G6;7479;0.0;0.0
9207;1051CH;1051CH;18;100.0;94.44;100;56;G4;3569;0.0;0.0
9209;1051CJ;1051CJ;23;100.0;91.3;100;87;G4;1129;0.0;0.0
9211;1051CK;1051CK;12;100.0;100.0;100;100;G4;55;0.0;0.0
9213;1051CL;1051CL;24;100.0;100.0;100;100;G4;43;0.0;0.0
9215;1051CM;1051CM;25;100.0;100.0;100;100;G4;1166;0.0;0.0
9217;1051CN;1051CN;42;100.0;97.62;100;100;G4;722;0.0;14.29
9219;1051CP;1051CP;39;100.0;100.0;100;100;G4;735;0.0;2.56
9221;1051CR;1051CR;41;100.0;82.93;100;100;G4;905;0.0;0.0
9223;1051CS;1051CS;31;100.0;93.55;100;100;G4;859;0.0;0.0
9225;1051CT;1051CT;30;100.0;100.0;100;100;G4;1048;0.0;3.33
9227;1051CV;1051CV;87;100.0;51.72;100;100;G4;961;0.0;51.72
9229;1051CW;1051CW;64;100.0;56.25;100;100;G4;590;0.0;0.0
9231;1051CX;1051CX;66;100.0;54.55;100;100;G4;711;0.0;6.06
9233;1051CZ;1051CZ;30;100.0;100.0;100;100;G4;813;0.0;26.67
9235;1051DA;1051DA;29;100.0;100.0;100;97;G4;889;0.0;89.66
9236;1051DB;1051DC;22;100.0;95.45;100;91;G4;1792;0.0;9.09
9239;1051DD;1051DD;12;100.0;100.0;100;92;G6;4070;0.0;0.0
9241;1051DE;1051EA;42;100.0;97.62;100;79;G4;1337;0.0;0.0
9243;1051EB;1051EB;35;100.0;97.14;100;97;G4;807;0.0;37.14
9245;1051EC;1051EC;36;100.0;97.22;100;97;G4;922;0.0;2.78
9247;1051ED;1051ED;55;100.0;70.91;100;73;G4;964;0.0;3.64
9249;1051EE;1051EE;34;100.0;97.06;100;97;G4;916;0.0;14.71
9251;1051EG;1051EG;31;100.0;100.0;100;100;G4;947;0.0;0.0
9253;1051EH;1051EH;33;100.0;100.0;100;100;G4;908;0.0;0.0
9255;1051EJ;1051EJ;29;100.0;93.1;100;100;G4;750;0.0;0.0
9257;1051EK;1051EK;51;100.0;64.71;100;98;G4;757;0.0;1.96
9259;1051EL;1051EL;17;100.0;94.12;100;100;G4;764;0.0;0.0
9261;1051EM;1051EM;32;100.0;100.0;100;97;G4;857;0.0;0.0
9263;1051EN;1051EN;39;100.0;97.44;100;100;G4;791;0.0;7.69
9265;1051EP;1051EP;42;100.0;100.0;100;95;G4;876;0.0;0.0
9267;1051ER;1051ER;24;100.0;100.0;100;100;G4;973;0.0;0.0
9269;1051ES;1051ES;14;100.0;100.0;100;93;G4;1021;0.0;0.0
9271;1051ET;1051ET;49;100.0;100.0;100;100;G4;812;0.0;0.0
9273;1051EV;1051EV;21;100.0;100.0;100;100;G4;1030;0.0;0.0
9275;1051EW;1051EW;30;100.0;100.0;100;100;G4;974;0.0;3.33
9277;1051EX;1051EX;30;100.0;100.0;100;100;G4;938;0.0;0.0
9279;1051EZ;1051EZ;31;100.0;74.19;100;90;G4;788;0.0;12.9
9281;1051GA;1051GA;29;100.0;96.55;100;97;G4;937;0.0;0.0
9283;1051GB;1051GB;40;100.0;42.5;100;98;G4;762;0.0;12.5
9285;1051GC;1051GC;44;100.0;63.64;100;98;G4;748;0.0;6.82
9287;1051GD;1051GD;52;100.0;53.85;100;98;G4;748;0.0;13.46
9289;1051GE;1051GE;38;100.0;100.0;100;97;G4;747;0.0;0.0
9291;1051GG;1051GG;40;100.0;100.0;100;98;G4;761;0.0;0.0
9293;1051GH;1051GH;23;100.0;100.0;100;96;G4;1030;0.0;0.0
9295;1051GJ;1051GJ;25;100.0;100.0;100;100;G4;979;0.0;0.0
9297;1051GK;1051GK;36;100.0;97.22;100;94;G4;1406;0.0;88.89
9299;1051GL;1051GL;44;100.0;100.0;100;95;G4;923;0.0;40.91
9301;1051GM;1051GM;28;100.0;96.43;100;96;G4;982;0.0;0.0
9303;1051GN;1051GN;32;100.0;96.88;100;94;G4;1290;0.0;0.0
9305;1051GP;1051GP;33;100.0;78.79;100;97;G4;1218;0.0;0.0
9307;1051GR;1051GR;33;100.0;96.97;100;100;G4;981;0.0;0.0
9309;1051GS;1051GS;29;100.0;96.55;100;100;G4;964;0.0;0.0
9311;1051GT;1051GT;74;100.0;62.16;100;64;G4;869;0.0;1.35
9313;1051GV;1051GV;29;100.0;100.0;100;93;G4;1330;0.0;0.0
9315;1051GW;1051GW;31;100.0;96.77;100;97;G4;1056;0.0;6.45
9317;1051GX;1051GX;44;100.0;100.0;100;98;G4;872;0.0;11.36
9319;1051GZ;1051GZ;36;100.0;97.22;100;100;G4;939;0.0;0.0
9321;1051HA;1051HA;40;100.0;100.0;100;98;G4;1533;0.0;2.5
9323;1051HB;1051HB;16;100.0;100.0;100;100;G4;1116;0.0;0.0
9325;1051HC;1051HC;14;100.0;100.0;100;100;G4;980;0.0;0.0
9327;1051HD;1051HD;16;100.0;100.0;100;100;G4;980;0.0;0.0
9329;1051HE;1051HE;13;100.0;100.0;100;77;G4;2377;0.0;0.0
9331;1051HG;1051HG;35;100.0;100.0;100;100;G4;741;0.0;0.0
9333;1051HH;1051HH;40;100.0;97.5;100;88;G4;521;0.0;0.0
9335;1051HJ;1051HJ;20;100.0;100.0;100;100;G4;39;0.0;0.0
9337;1051HK;1051HK;14;100.0;92.86;100;100;G4;64;0.0;0.0
9339;1051HL;1051HL;66;100.0;100.0;100;97;G4;1138;0.0;0.0
9341;1051HM;1051HM;16;100.0;93.75;100;100;G4;1317;0.0;6.25
9343;1051HN;1051HN;38;100.0;97.37;100;95;G4;952;0.0;0.0
9345;1051HP;1051HP;38;100.0;100.0;100;100;G4;1044;0.0;0.0
9347;1051HR;1051HR;37;100.0;100.0;100;92;G4;809;0.0;0.0
9349;1051HS;1051HS;39;100.0;100.0;100;100;G4;803;0.0;0.0
9351;1051HT;1051HV;21;100.0;95.24;100;95;G4;2465;0.0;0.0
9353;1051HW;1051HW;32;100.0;90.63;100;100;G4;653;0.0;0.0
9355;1051HX;1051HX;31;100.0;100.0;100;100;G4;833;0.0;0.0
9357;1051HZ;1051HZ;25;100.0;100.0;100;96;G4;1176;0.0;0.0
9359;1051JA;1051JB;76;100.0;98.68;100;99;G4;963;0.0;1.32
9361;1051JC;1051JC;24;100.0;100.0;100;100;G4;907;0.0;8.33
9363;1051JD;1051JD;24;100.0;100.0;100;100;G4;1111;0.0;0.0
9365;1051JE;1051JE;18;100.0;100.0;100;100;G4;1023;0.0;0.0
9367;1051JG;1051JG;20;100.0;100.0;100;100;G4;1207;0.0;15.0
9369;1051JH;1051JH;23;100.0;100.0;100;100;G4;1046;0.0;0.0
9371;1051JJ;1051JJ;53;100.0;75.47;100;92;G4;822;0.0;1.89
9373;1051JK;1051JK;46;100.0;100.0;100;100;G4;770;0.0;2.17
9375;1051JL;1051JM;14;100.0;100.0;100;93;G4;2024;0.0;0.0
9377;1051JN;1051JN;40;100.0;92.5;100;95;G4;875;0.0;12.5
9379;1051JP;1051JR;50;100.0;74.0;100;96;G4;807;0.0;26.0
9381;1051JS;1051JS;36;100.0;97.22;100;100;G4;673;0.0;11.11
9383;1051JT;1051JT;38;100.0;100.0;100;100;G4;841;0.0;0.0
9385;1051JV;1051JW;50;100.0;84.0;100;98;G4;1099;0.0;0.0
9388;1051JX;1051JX;33;100.0;96.97;100;100;G4;887;0.0;21.21
9390;1051JZ;1051JZ;38;100.0;97.37;100;100;G4;700;0.0;0.0
9392;1051KA;1051KA;46;100.0;93.48;100;96;G4;918;0.0;17.39
9394;1051KB;1051KB;48;100.0;85.42;100;98;G4;863;0.0;64.58
9396;1051KC;1051KC;32;100.0;96.88;100;100;G4;1283;0.0;68.75
9398;1051KD;1051KD;22;100.0;95.45;100;100;G4;1228;0.0;22.73
9401;1051KG;1051KG;30;100.0;93.33;100;93;G4;981;0.0;36.67
9403;1051KH;1051KH;36;100.0;97.22;100;94;G4;1220;0.0;69.44
9405;1051KJ;1051KJ;12;100.0;100.0;100;100;G4;1942;0.0;0.0
9407;1051KK;1051KL;59;100.0;86.44;100;42;G4;6900;0.0;3.39
9409;1051KM;1051KM;18;100.0;88.89;100;50;G4;7153;0.0;0.0
9411;1051KN;1051KN;47;100.0;100.0;100;100;G4;945;0.0;14.89
9413;1051KP;1051KP;39;100.0;97.44;100;95;G4;1011;0.0;7.69
9415;1051KR;1051KR;23;100.0;100.0;100;100;G4;952;0.0;100.0
9417;1051KS;1051KS;31;100.0;100.0;100;100;G4;1153;0.0;70.97
9419;1051KT;1051KT;24;100.0;100.0;100;100;G4;890;0.0;0.0
9421;1051KV;1051KV;10;100.0;100.0;100;100;G4;1140;0.0;0.0
9423;1051KW;1051KW;15;100.0;100.0;100;93;G4;1045;0.0;0.0
9425;1051KX;1051KX;34;100.0;100.0;100;100;G4;924;0.0;5.88
9427;1051KZ;1051KZ;25;100.0;84.0;100;96;G4;898;0.0;4.0
9429;1051LA;1051LA;26;100.0;92.31;100;96;G4;742;0.0;3.85
9431;1051LB;1051LB;26;100.0;96.15;100;96;G4;1004;0.0;0.0
9433;1051LC;1051LC;16;100.0;100.0;100;94;G4;865;0.0;0.0
9435;1051LD;1051LD;25;100.0;88.0;100;84;G4;1051;0.0;0.0
9437;1051LE;1051LE;19;100.0;100.0;100;100;G4;977;0.0;0.0
9439;1051LG;1051LG;12;100.0;91.67;100;83;G4;263;0.0;0.0
9441;1051LH;1051LK;23;100.0;100.0;100;91;G4;2434;0.0;4.35
9444;1051LL;1051LL;30;100.0;70.0;100;93;G4;2170;0.0;0.0
9446;1051LM;1051LM;41;100.0;60.98;100;80;G4;3042;0.0;0.0
9448;1051LN;1051LN;19;100.0;100.0;100;95;G4;1891;0.0;0.0
9450;1051LP;1051LP;16;100.0;100.0;100;100;G4;613;0.0;0.0
9452;1051LR;1051LR;21;100.0;100.0;100;95;G4;1251;0.0;0.0
9454;1051LS;1051LS;19;100.0;100.0;100;100;G4;742;0.0;0.0
9456;1051LT;1051LT;18;100.0;100.0;100;100;G4;717;0.0;0.0
9458;1051LV;1051LV;17;100.0;100.0;100;100;G4;1198;0.0;0.0
9460;1051LW;1051LW;20;100.0;90.0;100;95;G4;1021;0.0;0.0
9462;1051LX;1051LX;18;100.0;100.0;100;100;G4;755;0.0;0.0
9464;1051LZ;1051LZ;17;100.0;100.0;100;94;G4;1200;0.0;0.0
9466;1051MA;1051MA;14;100.0;100.0;100;100;G4;1548;0.0;0.0
9468;1051MB;1051MB;13;100.0;92.31;100;92;G4;954;0.0;0.0
9470;1051MC;1051MC;64;100.0;100.0;100;100;G4;974;0.0;6.25
9472;1051MD;1051MD;26;100.0;96.15;100;96;G4;872;0.0;0.0
9474;1051ME;1051ME;18;100.0;100.0;100;100;G4;793;0.0;0.0
9476;1051MG;1051MG;25;100.0;100.0;100;100;G4;547;0.0;8.0
9478;1051MH;1051MJ;45;100.0;100.0;100;100;G4;858;0.0;0.0
9480;1051MK;1051MK;36;100.0;100.0;100;100;G4;633;0.0;2.78
9482;1051NA;1051NA;20;100.0;100.0;100;100;G4;1004;0.0;0.0
9484;1051NB;1051NB;28;100.0;100.0;100;100;G4;721;0.0;0.0
9486;1051NC;1051NC;23;100.0;100.0;100;96;G4;813;0.0;0.0
9488;1051ND;1051ND;30;100.0;100.0;100;100;G4;699;0.0;33.33
9490;1051NE;1051NE;20;100.0;100.0;100;100;G4;843;0.0;0.0
9492;1051NG;1051NH;26;100.0;100.0;100;96;G4;920;0.0;3.85
9495;1051NJ;1051NJ;15;100.0;100.0;100;93;G4;1030;0.0;0.0
9497;1051NK;1051NK;20;100.0;100.0;100;100;G4;752;0.0;0.0
9499;1051NL;1051NL;29;100.0;100.0;100;100;G4;664;0.0;0.0
9501;1051NN;1051NV;69;100.0;97.1;100;99;G4;87;0.0;0.0
9503;1051NW;1051NW;45;100.0;95.56;100;96;G4;65;0.0;0.0
9505;1051NX;1051NX;35;100.0;100.0;100;100;G4;65;0.0;0.0
9507;1051NZ;1051NZ;49;100.0;93.88;100;94;G4;69;0.0;0.0
9509;1051PA;1051PA;12;100.0;100.0;100;92;G4;1352;0.0;0.0
9511;1051PB;1051PB;29;100.0;86.21;100;93;G4;54;0.0;0.0
9513;1051PC;1051PC;26;100.0;96.15;100;96;G4;63;0.0;0.0
9515;1051PD;1051PD;19;100.0;100.0;100;100;G4;65;0.0;0.0
9517;1051PE;1051PE;11;100.0;100.0;100;100;G4;65;0.0;0.0
9519;1051PG;1051PG;17;100.0;94.12;100;100;G4;65;0.0;0.0
9521;1051PH;1051PH;19;100.0;100.0;100;100;G4;65;0.0;0.0
9523;1051PJ;1051PJ;10;100.0;100.0;100;100;G4;65;0.0;0.0
9525;1051PK;1051PK;19;100.0;100.0;100;100;G4;220;0.0;0.0
9527;1051PL;1051PL;14;100.0;92.86;100;93;G4;68;0.0;0.0
9529;1051PM;1051PM;18;100.0;100.0;100;100;G4;65;0.0;0.0
9531;1051PN;1051PN;16;100.0;100.0;100;100;G4;65;0.0;0.0
9533;1051PP;1051PP;19;100.0;94.74;100;95;G4;65;0.0;0.0
9535;1051PR;1051PR;19;100.0;84.21;100;95;G4;65;0.0;0.0
9537;1051PS;1051PS;16;100.0;100.0;100;100;G4;65;0.0;0.0
9539;1051PT;1051PT;37;100.0;100.0;100;100;G4;65;0.0;0.0
9541;1051PV;1051PV;34;100.0;100.0;100;100;G4;65;0.0;0.0
9543;1051PW;1051PW;16;100.0;100.0;100;100;G4;65;0.0;0.0
9545;1051PX;1051PX;18;100.0;100.0;100;100;G4;65;0.0;0.0
9547;1051PZ;1051PZ;19;100.0;100.0;100;100;G4;65;0.0;0.0
9549;1051RE;1051RE;44;100.0;100.0;100;98;G4;1026;0.0;2.27
9551;1051RG;1051RG;45;100.0;100.0;100;100;G4;1283;0.0;0.0
9553;1051RH;1051RH;48;100.0;100.0;100;100;G4;988;0.0;2.08
9555;1051RJ;1051RJ;31;100.0;96.77;100;100;G4;1095;0.0;3.23
9557;1051RK;1051RK;38;100.0;100.0;100;100;G4;1065;0.0;2.63
9559;1051RL;1051RL;20;100.0;100.0;100;100;G4;867;0.0;0.0
9561;1051TG;1051TH;27;100.0;96.3;100;96;G4;921;0.0;0.0
9563;1051TJ;1051TJ;27;100.0;96.3;100;100;G4;729;0.0;0.0
9565;1051TK;1051TK;50;100.0;100.0;100;98;G4;976;0.0;0.0
9567;1051TL;1051TL;37;100.0;94.59;100;95;G4;859;0.0;0.0
9569;1051TM;1051TM;27;100.0;100.0;100;100;G4;784;0.0;0.0
9571;1051TN;1051TN;23;100.0;100.0;100;100;G4;818;0.0;0.0
9573;1051TP;1051TS;35;100.0;100.0;100;100;G4;901;0.0;0.0
9576;1051TT;1051TT;33;100.0;100.0;100;100;G4;865;0.0;6.06
9578;1051TV;1051TV;23;100.0;100.0;100;100;G4;1062;0.0;0.0
9580;1051TW;1051TW;38;100.0;100.0;100;100;G4;888;0.0;0.0
9582;1051TX;1051TX;28;100.0;100.0;100;100;G4;906;0.0;0.0
9584;1051TZ;1051TZ;21;100.0;95.24;100;95;G4;1157;0.0;4.76
9586;1051VA;1051VA;29;100.0;100.0;100;97;G4;988;0.0;0.0
9588;1051VB;1051VB;35;100.0;100.0;100;100;G4;831;0.0;14.29
9590;1051VC;1051VC;78;100.0;57.69;100;60;G4;971;0.0;5.13
9592;1051VD;1051VD;58;100.0;75.86;100;78;G4;880;0.0;15.52
9594;1051VE;1051VE;52;100.0;98.08;100;100;G4;838;0.0;0.0
9596;1051VG;1051VG;30;100.0;100.0;100;100;G4;873;0.0;0.0
9598;1051VH;1051VH;14;100.0;100.0;100;93;G4;1784;0.0;0.0
9600;1051VJ;1051VJ;27;100.0;100.0;100;96;G4;819;0.0;0.0
9602;1051VK;1051VK;36;100.0;91.67;100;97;G4;825;0.0;0.0
9604;1051VL;1051VL;30;100.0;96.67;100;97;G4;901;0.0;0.0
9606;1051VM;1051VM;32;100.0;100.0;100;100;G4;894;0.0;0.0
9608;1051VN;1051VN;39;100.0;100.0;100;100;G4;913;0.0;0.0
9610;1051VP;1051VP;34;100.0;94.12;100;100;G4;935;0.0;0.0
9612;1051VR;1051VR;26;100.0;92.31;100;96;G4;859;0.0;3.85
9614;1051VS;1051VS;22;100.0;95.45;100;100;G4;1227;0.0;4.55
9616;1051VT;1051VT;15;100.0;100.0;100;93;G4;489;0.0;0.0
9618;1051VV;1051VV;14;100.0;100.0;100;100;G4;29;0.0;0.0
9620;1051VW;1051VW;24;100.0;95.83;100;100;G4;60;0.0;0.0
9622;1051VX;1051VX;21;100.0;95.24;100;100;G4;94;0.0;0.0
9624;1051VZ;1051VZ;22;100.0;95.45;100;100;G4;918;0.0;0.0
9626;1051XA;1051XA;24;100.0;95.83;100;100;G4;873;0.0;4.17
9628;1051XC;1051XC;15;100.0;100.0;100;100;G4;880;0.0;0.0
9630;1051XD;1051XD;22;100.0;100.0;100;100;G4;757;0.0;0.0
9632;1051XE;1051XE;20;100.0;100.0;100;100;G4;773;0.0;0.0
9634;1051XG;1051XG;43;100.0;100.0;100;100;G4;730;0.0;2.33
9636;1051XH;1051XH;31;100.0;100.0;100;100;G4;841;0.0;3.23
9638;1051XJ;1051XK;58;100.0;100.0;100;100;G4;846;0.0;67.24
9640;1051XL;1051XL;32;100.0;100.0;100;100;G4;955;0.0;18.75
9642;1051XM;1051XM;24;100.0;100.0;100;96;G4;1450;0.0;4.17
9644;1051XN;1051XN;27;100.0;100.0;100;100;G4;997;0.0;0.0
9646;1051XP;1051XP;34;100.0;100.0;100;100;G4;831;0.0;0.0
9648;1051XR;1051XR;31;100.0;100.0;100;100;G4;865;0.0;3.23
9650;1051XS;1051XS;47;100.0;100.0;100;100;G4;848;0.0;61.7
9652;1051XT;1051XT;15;100.0;100.0;100;100;G4;828;0.0;100.0
9654;1051XV;1051XV;29;100.0;100.0;100;100;G4;825;0.0;0.0
9656;1051XW;1051XW;40;100.0;97.5;100;98;G4;956;0.0;0.0
9658;1051XZ;1051XZ;63;100.0;96.83;100;98;G4;803;0.0;1.59
9660;1052AA;1052AA;87;100.0;54.02;100;100;G4;785;0.0;9.2
9662;1052AB;1052AB;24;100.0;100.0;100;100;G4;1090;0.0;0.0
9664;1052AC;1052AC;37;100.0;97.3;100;100;G4;869;0.0;0.0
9666;1052AD;1052AD;65;100.0;44.62;100;97;G4;790;0.0;9.23
9668;1052AE;1052AE;35;100.0;88.57;100;94;G4;1541;0.0;0.0
9670;1052AG;1052AG;20;100.0;90.0;100;90;G4;2473;0.0;15.0
9672;1052AH;1052AH;38;100.0;100.0;100;95;G4;1107;0.0;0.0
9674;1052AJ;1052AJ;15;100.0;100.0;100;100;G4;1087;0.0;6.67
9676;1052AK;1052AK;12;100.0;100.0;100;75;G4;4612;0.0;0.0
9678;1052AL;1052AL;23;100.0;65.22;100;83;G4;3989;0.0;0.0
9680;1052AM;1052AM;27;100.0;96.3;100;100;G4;978;0.0;33.33
9682;1052AN;1052AP;48;100.0;100.0;100;100;G4;951;0.0;0.0
9684;1052AR;1052AR;31;100.0;96.77;100;100;G4;1152;0.0;0.0
9686;1052AS;1052AS;16;100.0;100.0;100;100;G4;1229;0.0;0.0
9688;1052AT;1052AT;59;100.0;98.31;100;100;G4;802;0.0;1.69
9690;1052AV;1052AV;43;100.0;100.0;100;100;G4;686;0.0;0.0
9692;1052AW;1052AW;26;100.0;100.0;100;100;G4;933;0.0;0.0
9694;1052AX;1052AX;29;100.0;100.0;100;100;G4;939;0.0;0.0
9696;1052AZ;1052BA;28;100.0;100.0;100;96;G4;2117;0.0;10.71
9699;1052BB;1052BB;27;100.0;100.0;100;100;G4;1173;0.0;0.0
9701;1052BC;1052BC;15;100.0;100.0;100;100;G4;1194;0.0;6.67
9703;1052BD;1052BD;31;100.0;100.0;100;81;G4;1571;0.0;29.03
9705;1052BE;1052BE;23;100.0;100.0;100;100;G4;1326;0.0;34.78
9707;1052BG;1052BG;44;100.0;88.64;100;100;G4;907;0.0;0.0
9709;1052BH;1052BH;48;100.0;75.0;100;88;G4;1389;0.0;16.67
9711;1052BJ;1052BJ;29;100.0;93.1;100;90;G4;1265;0.0;3.45
9713;1052BK;1052BK;29;100.0;100.0;100;97;G4;1199;0.0;3.45
9715;1052BL;1052BL;15;100.0;100.0;100;100;G4;1009;0.0;0.0
9717;1052BM;1052BM;39;100.0;100.0;100;100;G4;765;0.0;0.0
9719;1052BN;1052BN;19;100.0;100.0;100;100;G4;1004;0.0;0.0
9721;1052BP;1052BP;15;100.0;100.0;100;100;G4;996;0.0;0.0
9723;1052BR;1052BR;26;100.0;100.0;100;96;G4;1019;0.0;0.0
9725;1052BS;1052BS;24;100.0;100.0;100;100;G4;1005;0.0;0.0
9727;1052BT;1052BT;45;100.0;48.89;100;96;G4;1179;0.0;0.0
9729;1052BV;1052BV;28;100.0;89.29;100;96;G4;1125;0.0;0.0
9731;1052BW;1052BW;29;100.0;100.0;100;100;G4;1044;0.0;0.0
9733;1052BX;1052BX;21;100.0;100.0;100;90;G4;933;0.0;0.0
9735;1052BZ;1052BZ;25;100.0;96.0;100;100;G4;906;0.0;0.0
9737;1052CA;1052CA;23;100.0;100.0;100;96;G4;1134;0.0;0.0
9739;1052CB;1052CB;22;100.0;100.0;100;100;G4;804;0.0;0.0
9741;1052CC;1052CC;17;100.0;94.12;100;100;G4;967;0.0;0.0
9743;1052CE;1052CE;33;100.0;84.85;100;79;G4;1110;0.0;6.06
9745;1052CG;1052CG;34;100.0;94.12;100;88;G4;1205;0.0;5.88
9747;1052CH;1052CH;28;100.0;82.14;100;93;G4;1397;0.0;21.43
9749;1052CJ;1052CJ;16;100.0;100.0;100;88;G4;955;0.0;25.0
9751;1052CK;1052CK;28;100.0;100.0;100;89;G4;1059;0.0;3.57
9753;1052CL;1052CL;24;100.0;100.0;100;96;G4;972;0.0;20.83
9755;1052CM;1052CM;12;100.0;100.0;100;92;G4;1450;0.0;0.0
9757;1052CN;1052CN;21;100.0;95.24;100;90;G4;1285;0.0;0.0
9759;1052CP;1052CP;68;100.0;98.53;100;97;G4;1043;0.0;0.0
9761;1052CR;1052CR;25;100.0;100.0;100;88;G4;1591;0.0;32.0
9763;1052CS;1052CS;27;100.0;100.0;100;100;G4;1279;0.0;18.52
9765;1052CT;1052CT;22;100.0;100.0;100;82;G4;1753;0.0;0.0
9767;1052CV;1052CV;10;100.0;90.0;100;60;G4;1525;0.0;0.0
9769;1052CW;1052CW;20;100.0;100.0;100;80;G4;2102;0.0;5.0
9771;1052CX;1052CX;27;100.0;100.0;100;85;G4;1551;0.0;0.0
9773;1052CZ;1052CZ;21;100.0;100.0;100;76;G4;1482;0.0;0.0
9775;1052DA;1052DA;35;100.0;100.0;100;100;G4;951;0.0;0.0
9777;1052DC;1052DC;76;100.0;100.0;100;100;G4;790;0.0;1.32
9779;1052DD;1052DD;47;100.0;100.0;100;100;G4;933;0.0;0.0
9781;1052DE;1052DE;41;100.0;100.0;100;100;G4;857;0.0;2.44
9783;1052DG;1052DG;30;100.0;100.0;100;100;G4;747;0.0;6.67
9785;1052EA;1052EA;19;100.0;94.74;100;79;G4;1704;0.0;0.0
9787;1052EB;1052EB;19;100.0;100.0;100;79;G4;1021;0.0;52.63
9789;1052EC;1052EC;17;100.0;94.12;100;76;G4;2299;0.0;5.88
9791;1052ED;1052ED;22;100.0;100.0;100;82;G4;1331;0.0;22.73
9793;1052EE;1052EE;28;100.0;89.29;100;86;G4;1240;0.0;17.86
9795;1052EG;1052EG;21;100.0;95.24;100;90;G4;1122;0.0;0.0
9797;1052EH;1052EH;22;100.0;86.36;100;95;G4;990;0.0;0.0
9799;1052EJ;1052EJ;24;100.0;95.83;100;92;G4;1275;0.0;0.0
9801;1052EL;1052EL;18;100.0;100.0;100;89;G4;1299;0.0;0.0
9803;1052EM;1052EM;27;100.0;100.0;100;100;G4;921;0.0;0.0
9805;1052EN;1052EN;31;100.0;100.0;100;100;G4;846;0.0;0.0
9807;1052EP;1052EP;37;100.0;100.0;100;100;G4;1042;0.0;0.0
9809;1052ER;1052ER;44;100.0;100.0;100;100;G4;944;0.0;4.55
9811;1052ES;1052ES;22;100.0;100.0;100;100;G4;879;0.0;0.0
9813;1052ET;1052ET;20;100.0;100.0;100;100;G4;933;0.0;0.0
9815;1052EV;1052EW;40;100.0;100.0;100;100;G4;1117;0.0;0.0
9817;1052EX;1052EZ;54;100.0;98.15;100;98;G4;965;0.0;0.0
9819;1052GA;1052GA;34;100.0;94.12;100;97;G4;842;0.0;23.53
9821;1052GB;1052GB;35;100.0;100.0;100;97;G4;974;0.0;14.29
9823;1052GC;1052GC;32;100.0;96.88;100;100;G4;1065;0.0;15.63
9825;1052GD;1052GD;39;100.0;38.46;100;100;G4;980;0.0;0.0
9827;1052GE;1052GE;29;100.0;13.79;100;97;G4;1056;0.0;0.0
9829;1052GG;1052GG;37;100.0;97.3;100;97;G4;943;0.0;5.41
9831;1052GH;1052GH;23;100.0;100.0;100;100;G4;853;0.0;4.35
9833;1052GJ;1052GJ;26;100.0;100.0;100;92;G4;1208;0.0;0.0
9835;1052GK;1052GK;24;100.0;100.0;100;100;G4;1156;0.0;16.67
9837;1052GL;1052GL;28;100.0;100.0;100;96;G4;1459;0.0;0.0
9839;1052GM;1052GM;17;100.0;100.0;100;94;G4;2532;0.0;23.53
9841;1052GN;1052GN;26;100.0;100.0;100;92;G4;1057;0.0;0.0
9843;1052GP;1052GP;18;100.0;100.0;100;100;G4;1077;0.0;5.56
9845;1052GR;1052GR;16;100.0;93.75;100;100;G4;919;0.0;6.25
9847;1052GS;1052GS;16;100.0;100.0;100;100;G4;1148;0.0;0.0
9849;1052GT;1052GT;20;100.0;100.0;100;100;G4;1273;0.0;0.0
9851;1052GV;1052GV;17;100.0;100.0;100;100;G4;1052;0.0;0.0
9853;1052GW;1052GW;19;100.0;94.74;100;100;G4;828;0.0;0.0
9855;1052GX;1052GX;20;100.0;100.0;100;100;G4;887;0.0;0.0
9857;1052HA;1052HA;12;100.0;100.0;100;100;G4;1035;0.0;8.33
9859;1052HB;1052HB;19;100.0;100.0;100;100;G4;258;0.0;0.0
9861;1052HC;1052HC;16;100.0;100.0;100;100;G4;1094;0.0;6.25
9863;1052HD;1052HD;20;100.0;100.0;100;90;G4;865;0.0;0.0
9865;1052HE;1052HE;29;100.0;100.0;100;97;G4;843;0.0;0.0
9867;1052HG;1052HG;19;100.0;100.0;100;100;G4;906;0.0;0.0
9869;1052HH;1052HH;15;100.0;100.0;100;93;G4;2222;0.0;0.0
9871;1052HJ;1052HJ;25;100.0;96.0;100;92;G4;1111;0.0;0.0
9873;1052HK;1052HK;30;100.0;100.0;100;97;G4;1234;0.0;0.0
9875;1052HL;1052HL;39;100.0;92.31;100;100;G4;787;0.0;12.82
9877;1052HM;1052HM;22;100.0;100.0;100;91;G4;2502;0.0;0.0
9879;1052HN;1052HN;11;100.0;100.0;100;100;G4;1187;0.0;0.0
9881;1052HP;1052HP;14;100.0;100.0;100;100;G4;815;0.0;0.0
9883;1052HR;1052HR;10;100.0;100.0;100;90;G4;1200;0.0;0.0
9885;1052HS;1052HS;39;100.0;100.0;100;100;G4;1022;0.0;0.0
9887;1052HT;1052HT;36;100.0;100.0;100;94;G4;1147;0.0;0.0
9889;1052HV;1052HV;36;100.0;100.0;100;97;G4;1261;0.0;0.0
9891;1052HW;1052HW;32;100.0;100.0;100;100;G4;1017;0.0;0.0
9893;1052HX;1052HX;27;100.0;88.89;100;100;G4;954;0.0;3.7
9895;1052HZ;1052HZ;25;100.0;96.0;100;92;G4;1149;0.0;0.0
9897;1052JA;1052JA;24;100.0;100.0;100;100;G4;1181;0.0;0.0
9899;1052JB;1052JB;17;100.0;100.0;100;100;G4;1250;0.0;0.0
9901;1052JC;1052JC;28;100.0;96.43;100;96;G4;823;0.0;14.29
9903;1052JD;1052JD;22;100.0;100.0;100;100;G4;695;0.0;4.55
9905;1052JE;1052JE;32;100.0;100.0;100;100;G4;562;0.0;0.0
9907;1052JG;1052JG;15;100.0;100.0;100;100;G4;695;0.0;0.0
9909;1052JH;1052JH;14;100.0;100.0;100;100;G4;1097;0.0;0.0
9911;1052JJ;1052JJ;24;100.0;100.0;100;100;G4;834;0.0;0.0
9913;1052JK;1052JK;19;100.0;94.74;100;100;G4;1235;0.0;0.0
9915;1052JL;1052JL;38;100.0;97.37;100;100;G4;1674;0.0;0.0
9917;1052JM;1052JM;15;100.0;100.0;100;100;G4;945;0.0;0.0
9919;1052JN;1052JN;18;100.0;94.44;100;94;G4;1118;0.0;0.0
9921;1052JP;1052JP;25;100.0;88.0;100;100;G4;1130;0.0;0.0
9923;1052JR;1052JR;23;100.0;100.0;100;96;G4;1217;0.0;0.0
9925;1052JS;1052JS;36;100.0;100.0;100;97;G4;781;0.0;13.89
9927;1052JT;1052JT;27;100.0;100.0;100;96;G4;1121;0.0;0.0
9929;1052JV;1052JV;23;100.0;100.0;100;100;G4;1172;0.0;17.39
9931;1052JW;1052JW;42;100.0;73.81;100;100;G4;1252;0.0;11.9
9933;1052JX;1052JX;26;100.0;100.0;100;92;G4;850;0.0;11.54
9935;1052JZ;1052JZ;19;100.0;100.0;100;100;G4;719;0.0;26.32
9937;1052KA;1052KA;37;100.0;100.0;100;97;G4;1019;0.0;0.0
9939;1052KB;1052KB;28;100.0;96.43;100;96;G4;898;0.0;3.57
9941;1052KC;1052KC;103;100.0;97.09;100;95;G4;1065;0.0;1.94
9943;1052KD;1052KD;20;100.0;100.0;100;100;G4;917;0.0;0.0
9945;1052KE;1052KE;27;100.0;96.3;100;100;G4;866;0.0;0.0
9947;1052KG;1052KG;24;100.0;100.0;100;96;G4;1175;0.0;0.0
9949;1052KH;1052KH;35;100.0;94.29;100;97;G4;807;0.0;0.0
9951;1052KJ;1052KJ;28;100.0;100.0;100;93;G4;905;0.0;17.86
9952;1052KK;1052KK;25;100.0;100.0;100;96;G4;1265;0.0;20.0
9955;1052KL;1052KL;52;100.0;96.15;100;100;G4;42;0.0;0.0
9957;1052KM;1052KM;19;100.0;100.0;100;100;G4;1824;0.0;0.0
9959;1052KN;1052KN;33;100.0;100.0;100;100;G4;940;0.0;3.03
9961;1052KP;1052KP;19;100.0;100.0;100;89;G4;1328;0.0;0.0
9963;1052KR;1052KR;23;100.0;100.0;100;100;G4;1051;0.0;0.0
9965;1052KS;1052KS;17;100.0;23.53;100;88;G4;725;0.0;0.0
9967;1052KT;1052KT;22;100.0;100.0;100;100;G4;856;0.0;0.0
9969;1052KV;1052KV;30;100.0;100.0;100;90;G4;1525;0.0;0.0
9971;1052KW;1052KW;25;100.0;96.0;100;92;G4;2087;0.0;16.0
9973;1052KX;1052KX;19;100.0;100.0;100;100;G4;983;0.0;47.37
9975;1052LA;1052LA;27;100.0;100.0;100;93;G4;1468;0.0;25.93
9977;1052LB;1052LB;42;100.0;100.0;100;93;G4;1141;0.0;35.71
9979;1052LC;1052LC;16;100.0;100.0;100;88;G4;1845;0.0;25.0
9981;1052LD;1052LD;18;100.0;94.44;100;94;G4;1240;0.0;5.56
9982;1052LE;1052LE;19;100.0;89.47;100;89;G4;1340;0.0;5.26
9985;1052LG;1052LG;15;100.0;100.0;100;100;G4;1332;0.0;53.33
9987;1052LH;1052LH;17;100.0;100.0;100;100;G4;972;0.0;0.0
9988;1052LJ;1052LK;26;100.0;96.15;100;92;G4;1822;0.0;26.92
9991;1052LL;1052LL;63;100.0;49.21;100;100;G4;1200;0.0;39.68
9993;1052LM;1052LM;33;100.0;87.88;100;100;G4;806;0.0;12.12
9995;1052LN;1052LN;29;100.0;96.55;100;90;G4;1435;0.0;0.0
9997;1052LP;1052LP;31;100.0;96.77;100;97;G4;614;0.0;90.32
9999;1052LR;1052LR;19;100.0;89.47;100;95;G4;2602;0.0;21.05
10001;1052LS;1052LT;37;100.0;100.0;100;97;G4;943;0.0;100.0
10003;1052LV;1052LV;20;100.0;95.0;100;95;G4;850;0.0;70.0
10005;1052LW;1052LW;32;100.0;100.0;100;100;G4;1075;0.0;0.0
10007;1052LX;1052LX;31;100.0;96.77;100;100;G4;1050;0.0;0.0
10009;1052LZ;1052MA;27;100.0;100.0;100;100;G4;1042;0.0;3.7
10011;1052MZ;1052MZ;16;100.0;100.0;100;100;G4;1011;0.0;0.0
10013;1052NA;1052NA;83;100.0;100.0;100;96;G4;1210;0.0;7.23
10015;1052NB;1052NB;19;100.0;100.0;100;95;G4;1709;0.0;0.0
10017;1052NC;1052NC;27;100.0;96.3;100;100;G4;965;0.0;0.0
10019;1052ND;1052ND;20;100.0;100.0;100;95;G4;1371;0.0;0.0
10021;1052NE;1052NE;18;100.0;100.0;100;83;G4;1304;0.0;27.78
10023;1052NG;1052NG;22;100.0;95.45;100;95;G4;1252;0.0;4.55
10025;1052NH;1052NH;22;100.0;86.36;100;82;G4;1711;0.0;0.0
10027;1052NJ;1052NJ;26;100.0;100.0;100;100;G4;1049;0.0;19.23
10029;1052NK;1052NK;28;100.0;100.0;100;89;G4;1539;0.0;0.0
10031;1052NL;1052NL;22;100.0;100.0;100;100;G4;1346;0.0;0.0
10033;1052NM;1052NM;21;100.0;100.0;100;95;G4;1345;0.0;4.76
10035;1052NN;1052NN;15;100.0;100.0;100;93;G4;1715;0.0;0.0
10037;1052NP;1052NP;19;100.0;100.0;100;89;G4;1436;0.0;0.0
10039;1052RH;1052RH;17;100.0;100.0;100;94;G4;972;0.0;0.0
10041;1052RJ;1052RJ;18;100.0;94.44;100;67;G4;1166;0.0;0.0
10043;1052RK;1052RK;16;100.0;93.75;100;88;G4;1208;0.0;0.0
10045;1052RL;1052RL;12;100.0;100.0;100;100;G4;1282;0.0;0.0
10047;1052RN;1052RN;24;100.0;100.0;100;100;G4;1398;0.0;95.83
10049;1052RP;1052RP;32;100.0;100.0;100;100;G4;1127;0.0;93.75
10051;1052RR;1052RR;17;100.0;100.0;100;100;G4;931;0.0;100.0
10053;1052RS;1052RS;18;100.0;100.0;100;83;G4;1441;0.0;0.0
10055;1052RT;1052RT;19;100.0;89.47;100;100;G4;1266;0.0;0.0
10057;1052RV;1052RV;16;100.0;100.0;100;94;G4;1270;0.0;0.0
10059;1052RW;1052RW;29;100.0;100.0;100;97;G4;1500;0.0;0.0
10061;1052RZ;1052RZ;26;100.0;100.0;100;88;G4;1896;0.0;3.85
10063;1052SB;1052SB;18;100.0;100.0;100;83;G4;1696;0.0;5.56
10065;1052SC;1052SC;28;100.0;100.0;100;93;G4;1790;0.0;0.0
10067;1052SE;1052SE;30;100.0;96.67;100;97;G4;1152;0.0;3.33
10069;1052SG;1052SG;30;100.0;86.67;100;93;G4;980;0.0;0.0
10071;1052SH;1052SH;35;100.0;100.0;100;91;G4;1173;0.0;0.0
10073;1052SJ;1052SJ;74;100.0;97.3;100;97;G4;1350;0.0;9.46
10075;1052SL;1052SL;27;100.0;100.0;100;100;G4;648;0.0;0.0
10077;1052SM;1052SM;24;100.0;100.0;100;100;G4;666;0.0;4.17
10079;1052SN;1052SN;23;100.0;100.0;100;100;G4;610;0.0;0.0
10081;1052SP;1052SP;16;100.0;100.0;100;100;G4;698;0.0;0.0
10083;1052SR;1052SR;16;100.0;100.0;100;100;G4;792;0.0;0.0
10085;1052ST;1052ST;16;100.0;100.0;100;100;G4;735;0.0;0.0
10087;1052SV;1052SV;17;100.0;94.12;100;94;G4;1254;0.0;0.0
10089;1052SW;1052SW;16;100.0;100.0;100;100;G4;754;0.0;6.25
10091;1052SX;1052SX;16;100.0;100.0;100;100;G4;1001;0.0;0.0
10093;1052TB;1052TB;22;100.0;95.45;100;95;G4;1291;0.0;0.0
10095;1052TC;1052TC;20;100.0;100.0;100;100;G4;781;0.0;0.0
10097;1052TD;1052TD;28;100.0;100.0;100;100;G4;646;0.0;0.0
10099;1052TJ;1052TJ;23;100.0;100.0;100;100;G4;704;0.0;4.35
10101;1052TK;1052TK;24;100.0;100.0;100;100;G4;698;0.0;0.0
10103;1052TL;1052TL;28;100.0;96.43;100;100;G4;732;0.0;0.0
10105;1052TM;1052TN;25;100.0;100.0;100;96;G4;1137;0.0;4.0
10107;1052TP;1052TP;16;100.0;100.0;100;100;G4;991;0.0;6.25
10109;1052TR;1052TR;16;100.0;100.0;100;100;G4;835;0.0;50.0
10111;1052TS;1052TS;16;100.0;100.0;100;100;G4;817;0.0;0.0
10113;1052TT;1052TT;16;100.0;100.0;100;100;G4;681;0.0;0.0
10115;1052TV;1052TV;15;100.0;93.33;100;100;G4;26;0.0;0.0
10117;1052TW;1052TW;16;100.0;100.0;100;100;G4;16;0.0;0.0
10119;1052TX;1052TX;24;100.0;100.0;100;100;G4;546;0.0;66.67
10121;1052TZ;1052TZ;33;100.0;100.0;100;100;G4;966;0.0;0.0
10123;1052VA;1052VA;24;100.0;100.0;100;100;G4;828;0.0;0.0
10125;1052VB;1052VB;32;100.0;100.0;100;100;G4;891;0.0;0.0
10127;1052VC;1052VC;28;100.0;100.0;100;100;G4;816;0.0;0.0
10129;1052VD;1052VD;28;100.0;100.0;100;100;G4;720;0.0;0.0
10131;1052VE;1052VE;28;100.0;100.0;100;100;G4;762;0.0;0.0
10133;1052VG;1052VG;79;100.0;94.94;100;96;G4;968;0.0;1.27
10135;1052VH;1052VH;52;100.0;100.0;100;100;G4;886;0.0;23.08
10137;1052VJ;1052VJ;31;100.0;100.0;100;100;G4;1015;0.0;0.0
10139;1052VK;1052VK;15;100.0;80.0;100;80;G4;1307;0.0;0.0
10141;1052VL;1052VL;45;100.0;97.78;100;91;G4;1077;0.0;11.11
10143;1052VM;1052VM;32;100.0;100.0;100;97;G4;1026;0.0;0.0
10145;1052VN;1052VN;25;100.0;100.0;100;100;G4;993;0.0;0.0
10147;1052VP;1052VP;16;100.0;100.0;100;100;G4;643;0.0;0.0
10149;1052VR;1052VR;16;100.0;100.0;100;100;G4;785;0.0;0.0
10151;1052VS;1052VS;24;100.0;100.0;100;100;G4;899;0.0;0.0
10153;1052VT;1052VT;32;100.0;100.0;100;100;G4;820;0.0;0.0
10155;1052VV;1052VV;24;100.0;100.0;100;100;G4;889;0.0;0.0
10157;1052VW;1052VW;17;100.0;100.0;100;94;G4;2892;0.0;0.0
10159;1052VX;1052VX;24;100.0;100.0;100;100;G4;756;0.0;0.0
10161;1052VZ;1052VZ;20;100.0;100.0;100;95;G4;971;0.0;0.0
10163;1052WB;1052WB;28;100.0;100.0;100;100;G4;910;0.0;0.0
10165;1052WC;1052WC;23;100.0;100.0;100;100;G4;1026;0.0;0.0
10167;1052WD;1052WD;32;100.0;100.0;100;100;G4;993;0.0;0.0
10169;1052WE;1052WE;33;100.0;96.97;100;100;G4;1119;0.0;0.0
10171;1052WG;1052WG;32;100.0;100.0;100;100;G4;1059;0.0;0.0
10173;1052WH;1052WH;36;100.0;100.0;100;100;G4;964;0.0;0.0
10175;1052WJ;1052WJ;31;100.0;100.0;100;100;G4;1270;0.0;0.0
10177;1052WK;1052WK;37;100.0;100.0;100;100;G4;898;0.0;0.0
10179;1052WL;1052WL;32;100.0;100.0;100;100;G4;1017;0.0;0.0
10181;1052WP;1052WP;28;100.0;100.0;100;100;G4;1061;0.0;0.0
10183;1052WR;1052WR;41;100.0;97.56;100;100;G4;991;0.0;0.0
10185;1052WS;1052WS;36;100.0;100.0;100;100;G4;1139;0.0;2.78
10187;1052WT;1052WT;41;100.0;100.0;100;100;G4;921;0.0;4.88
10189;1052XA;1052XA;24;100.0;75.0;100;100;G4;797;0.0;0.0
10191;1052XB;1052XB;11;100.0;90.91;100;100;G4;1359;0.0;36.36
10193;1052XC;1052XC;16;100.0;100.0;100;100;G4;16;0.0;0.0
10195;1052XD;1052XD;15;100.0;100.0;100;100;G4;21;0.0;0.0
10197;1052XE;1052XE;32;100.0;96.88;100;100;G4;848;0.0;25.0
10199;1052XG;1052XG;24;100.0;100.0;100;100;G4;1058;0.0;0.0
10201;1052XH;1052XH;23;100.0;100.0;100;96;G4;1046;0.0;0.0
10203;1052XJ;1052XJ;31;100.0;100.0;100;100;G4;938;0.0;0.0
10205;1052XK;1052XK;24;100.0;100.0;100;100;G4;768;0.0;0.0
10207;1052XL;1052XL;24;100.0;100.0;100;100;G4;703;0.0;0.0
10209;1052XM;1052XM;32;100.0;100.0;100;97;G4;699;0.0;15.63
10211;1052XN;1052XN;22;100.0;95.45;100;91;G4;1172;0.0;0.0
10213;1052XP;1052XP;25;100.0;96.0;100;100;G4;938;0.0;0.0
10215;1052XR;1052XS;62;100.0;98.39;100;97;G4;994;0.0;0.0
10218;1052XT;1052XT;18;100.0;100.0;100;100;G4;850;0.0;0.0
10220;1052XW;1052XW;17;100.0;100.0;100;94;G4;1048;0.0;23.53
10222;1052XX;1052XX;24;100.0;100.0;100;92;G4;1413;0.0;0.0
10224;1052XZ;1052XZ;30;100.0;100.0;100;90;G4;1298;0.0;20.0
10226;1053AA;1053AA;55;100.0;92.73;100;84;G4;1746;0.0;12.73
10228;1053AB;1053AB;14;100.0;92.86;100;86;G4;849;0.0;0.0
10230;1053AC;1053AC;16;100.0;100.0;100;100;G4;902;0.0;0.0
10232;1053AD;1053AD;18;100.0;100.0;100;94;G4;1764;0.0;0.0
10234;1053AE;1053AE;22;100.0;100.0;100;100;G4;1006;0.0;40.91
10236;1053AG;1053AG;32;100.0;100.0;100;84;G4;1775;0.0;12.5
10238;1053AH;1053AH;32;100.0;96.88;100;94;G4;1138;0.0;0.0
10240;1053AJ;1053AJ;17;100.0;76.47;100;100;G4;2380;0.0;0.0
10242;1053AK;1053AK;22;100.0;100.0;100;100;G4;1708;0.0;0.0
10244;1053AL;1053AL;36;100.0;100.0;100;100;G4;917;0.0;61.11
10246;1053AM;1053AM;35;100.0;100.0;100;100;G4;1024;0.0;62.86
10248;1053AN;1053AN;39;100.0;100.0;100;95;G4;1033;0.0;7.69
10250;1053AP;1053AP;21;100.0;100.0;100;100;G4;1203;0.0;52.38
10252;1053AR;1053AR;30;100.0;80.0;100;97;G4;1097;0.0;30.0
10254;1053AS;1053AS;33;100.0;96.97;100;97;G4;1041;0.0;0.0
10256;1053AT;1053AT;43;100.0;100.0;100;98;G4;1252;0.0;0.0
10258;1053AV;1053AV;40;100.0;100.0;100;100;G4;1051;0.0;10.0
10260;1053AW;1053AW;21;100.0;100.0;100;100;G4;1119;0.0;0.0
10262;1053AX;1053AX;25;100.0;84.0;100;100;G4;1301;0.0;20.0
10264;1053AZ;1053AZ;23;100.0;86.96;100;96;G4;975;0.0;0.0
10266;1053BA;1053BA;29;100.0;75.86;100;93;G4;1175;0.0;0.0
10268;1053BB;1053BB;41;100.0;82.93;100;98;G4;903;0.0;0.0
10270;1053BC;1053BC;18;100.0;100.0;100;100;G4;930;0.0;0.0
10272;1053BD;1053BD;37;100.0;78.38;100;97;G4;1180;0.0;8.11
10274;1053BE;1053BE;51;100.0;90.2;100;86;G4;1159;0.0;1.96
10276;1053BG;1053BG;39;100.0;84.62;100;95;G4;1327;0.0;5.13
10278;1053BH;1053BH;16;100.0;87.5;100;94;G4;1320;0.0;12.5
10280;1053BJ;1053BJ;71;100.0;80.28;100;96;G4;1096;0.0;18.31
10282;1053BK;1053BK;33;100.0;96.97;100;100;G4;931;0.0;0.0
10284;1053BL;1053BL;50;100.0;92.0;100;92;G4;840;0.0;10.0
10286;1053BM;1053BM;26;100.0;96.15;100;96;G4;1350;0.0;0.0
10288;1053BN;1053BN;21;100.0;95.24;100;100;G4;1311;0.0;4.76
10290;1053BP;1053BP;18;100.0;100.0;100;83;G4;1447;0.0;5.56
10292;1053BR;1053BR;14;100.0;100.0;100;100;G4;1273;0.0;0.0
10294;1053BS;1053BS;46;100.0;100.0;100;100;G4;818;0.0;0.0
10296;1053BT;1053BT;58;100.0;67.24;100;100;G4;980;0.0;17.24
10298;1053BV;1053BV;23;100.0;100.0;100;100;G4;770;0.0;0.0
10300;1053BW;1053BW;32;100.0;93.75;100;91;G4;1025;0.0;3.13
10302;1053BX;1053BX;47;100.0;80.85;100;98;G4;1038;0.0;0.0
10304;1053BZ;1053BZ;49;100.0;26.53;100;98;G4;1011;0.0;10.2
10306;1053CA;1053CC;38;100.0;78.95;100;82;G4;1012;0.0;18.42
10309;1053CD;1053CE;38;100.0;94.74;100;100;G4;1259;0.0;7.89
10311;1053CG;1053CG;63;100.0;90.48;100;87;G4;1435;0.0;1.59
10313;1053CH;1053CK;41;100.0;100.0;100;98;G4;893;0.0;31.71
10315;1053CL;1053CL;43;100.0;97.67;100;95;G4;1307;0.0;0.0
10317;1053CM;1053CM;40;100.0;100.0;100;100;G4;932;0.0;0.0
10319;1053CN;1053CN;36;100.0;94.44;100;100;G4;821;0.0;0.0
10321;1053CP;1053CP;40;100.0;100.0;100;100;G4;854;0.0;0.0
10323;1053CR;1053CR;44;100.0;100.0;100;100;G4;891;0.0;0.0
10325;1053CS;1053CS;35;100.0;100.0;100;97;G4;1500;0.0;0.0
10327;1053CT;1053CT;37;100.0;94.59;100;97;G4;877;0.0;13.51
10329;1053CV;1053CV;40;100.0;100.0;100;100;G4;925;0.0;0.0
10331;1053CW;1053CW;34;100.0;100.0;100;97;G4;893;0.0;0.0
10333;1053CX;1053CX;51;100.0;68.63;100;100;G4;881;0.0;0.0
10335;1053CZ;1053CZ;61;100.0;67.21;100;100;G4;967;0.0;0.0
10337;1053DA;1053DA;33;100.0;100.0;100;100;G4;973;0.0;15.15
10339;1053DB;1053DB;35;100.0;97.14;100;94;G4;839;0.0;0.0
10341;1053DC;1053DC;47;100.0;89.36;100;89;G4;811;0.0;4.26
10343;1053DD;1053DD;51;100.0;92.16;100;90;G4;801;0.0;0.0
10345;1053DE;1053DE;44;100.0;93.18;100;93;G4;631;0.0;9.09
10347;1053DG;1053DG;37;100.0;97.3;100;100;G4;694;0.0;0.0
10349;1053DH;1053DH;26;100.0;100.0;100;100;G4;824;0.0;0.0
10351;1053DJ;1053DL;29;100.0;93.1;100;93;G4;2424;0.0;0.0
10353;1053DM;1053DM;50;100.0;100.0;100;100;G4;929;0.0;24.0
10355;1053DN;1053DP;23;100.0;100.0;100;96;G4;1392;0.0;4.35
10357;1053DR;1053DR;33;100.0;100.0;100;97;G4;933;0.0;0.0
10359;1053DS;1053DS;44;100.0;97.73;100;95;G4;1001;0.0;0.0
10361;1053DT;1053DT;31;100.0;93.55;100;94;G4;995;0.0;0.0
10363;1053DV;1053DV;44;100.0;100.0;100;93;G4;756;0.0;27.27
10364;1053DW;1053DX;28;100.0;96.43;100;96;G4;1333;0.0;0.0
10367;1053DZ;1053DZ;48;100.0;52.08;100;98;G4;1062;0.0;52.08
10369;1053EA;1053EA;21;100.0;52.38;100;95;G4;1117;0.0;52.38
10371;1053EB;1053EB;27;100.0;100.0;100;96;G4;986;0.0;0.0
10373;1053EC;1053EC;27;100.0;96.3;100;96;G4;667;0.0;0.0
10375;1053ED;1053ED;30;100.0;96.67;100;93;G4;1179;0.0;26.67
10377;1053EE;1053EE;18;100.0;100.0;100;94;G4;1050;0.0;0.0
10379;1053EG;1053EG;32;100.0;96.88;100;100;G4;1062;0.0;3.13
10381;1053EH;1053EH;26;100.0;92.31;100;85;G4;917;0.0;3.85
10383;1053EJ;1053EJ;33;100.0;100.0;100;97;G4;834;0.0;0.0
10385;1053EK;1053EL;36;100.0;97.22;100;92;G4;1574;0.0;22.22
10387;1053EM;1053EM;54;100.0;81.48;100;93;G4;1146;0.0;1.85
10389;1053EN;1053EN;33;100.0;81.82;100;97;G4;834;0.0;3.03
10391;1053EP;1053EP;34;100.0;100.0;100;91;G4;926;0.0;2.94
10393;1053ER;1053ER;24;100.0;100.0;100;96;G4;1289;0.0;0.0
10395;1053ES;1053ES;12;100.0;100.0;100;92;G4;2004;0.0;8.33
10397;1053ET;1053ET;37;100.0;100.0;100;100;G4;772;0.0;0.0
10399;1053EV;1053EV;22;100.0;100.0;100;91;G4;3026;0.0;0.0
10401;1053EW;1053EW;39;100.0;97.44;100;95;G4;989;0.0;0.0
10403;1053EX;1053EX;33;100.0;96.97;100;100;G4;980;0.0;0.0
10405;1053GA;1053GA;37;100.0;97.3;100;95;G4;814;0.0;2.7
10407;1053GB;1053GB;37;100.0;100.0;100;97;G4;759;0.0;8.11
10409;1053GC;1053GC;34;100.0;91.18;100;97;G4;816;0.0;0.0
10411;1053GD;1053GD;48;100.0;93.75;100;98;G4;1031;0.0;0.0
10413;1053GE;1053GE;30;100.0;96.67;100;100;G4;713;0.0;3.33
10415;1053GG;1053GG;40;100.0;97.5;100;95;G4;939;0.0;2.5
10417;1053GH;1053GH;28;100.0;96.43;100;93;G4;910;0.0;3.57
10419;1053GJ;1053GJ;33;100.0;93.94;100;97;G4;812;0.0;0.0
10421;1053GK;1053GK;34;100.0;100.0;100;97;G4;1140;0.0;0.0
10423;1053GM;1053GM;31;100.0;100.0;100;100;G4;705;0.0;0.0
10425;1053GN;1053GN;18;100.0;100.0;100;100;G4;898;0.0;0.0
10427;1053GP;1053GP;31;100.0;80.65;100;81;G4;851;0.0;0.0
10429;1053GR;1053GR;31;100.0;51.61;100;61;G4;644;0.0;0.0
10431;1053GS;1053GS;39;100.0;97.44;100;92;G4;756;0.0;0.0
10433;1053GT;1053GT;25;100.0;100.0;100;100;G4;685;0.0;0.0
10435;1053GV;1053GV;10;100.0;100.0;100;100;G4;872;0.0;90.0
10437;1053GW;1053GX;41;100.0;100.0;100;100;G4;828;0.0;0.0
10440;1053HA;1053HA;31;100.0;77.42;100;94;G4;1221;0.0;38.71
10442;1053HB;1053HB;75;100.0;98.67;100;99;G4;597;0.0;0.0
10444;1053HC;1053HC;24;100.0;91.67;100;96;G4;708;0.0;8.33
10446;1053HD;1053HD;21;100.0;90.48;100;90;G4;1185;0.0;0.0
10448;1053HE;1053HE;44;100.0;81.82;100;84;G4;1244;0.0;0.0
10450;1053HG;1053HG;21;100.0;95.24;100;95;G4;1067;0.0;0.0
10452;1053HH;1053HH;24;100.0;100.0;100;100;G4;834;0.0;4.17
10454;1053HJ;1053HJ;22;100.0;90.91;100;100;G4;875;0.0;4.55
10456;1053HK;1053HK;21;100.0;100.0;100;90;G4;1040;0.0;0.0
10458;1053HL;1053HL;62;100.0;98.39;100;100;G4;766;0.0;6.45
10460;1053HM;1053HM;42;100.0;100.0;100;100;G4;788;0.0;0.0
10462;1053HN;1053HN;13;100.0;100.0;100;100;G4;1133;0.0;0.0
10464;1053HP;1053HS;32;100.0;100.0;100;97;G4;1096;0.0;9.38
10467;1053HT;1053JC;45;100.0;95.56;100;98;G4;1081;0.0;60.0
10470;1053JD;1053JD;31;100.0;100.0;100;100;G4;611;0.0;96.77
10472;1053JE;1053JE;30;100.0;100.0;100;100;G4;745;0.0;100.0
10474;1053JG;1053JG;30;100.0;100.0;100;100;G4;947;0.0;0.0
10476;1053JH;1053JH;10;100.0;100.0;100;100;G4;1102;0.0;0.0
10478;1053JJ;1053JJ;33;100.0;96.97;100;100;G4;960;0.0;72.73
10480;1053JK;1053JK;36;100.0;100.0;100;100;G4;903;0.0;88.89
10482;1053JL;1053JL;35;100.0;100.0;100;100;G4;831;0.0;77.14
10484;1053JM;1053JM;31;100.0;100.0;100;100;G4;908;0.0;77.42
10486;1053JN;1053JN;13;100.0;100.0;100;100;G4;871;0.0;100.0
10488;1053JP;1053JP;19;100.0;100.0;100;100;G4;803;0.0;100.0
10490;1053JR;1053JR;22;100.0;100.0;100;100;G4;989;0.0;100.0
10492;1053JS;1053JS;18;100.0;100.0;100;100;G4;1017;0.0;100.0
10494;1053JZ;1053KB;78;100.0;100.0;100;100;G4;742;0.0;11.54
10496;1053KC;1053KD;46;100.0;73.91;100;74;G4;697;0.0;4.35
10498;1053KE;1053KE;39;100.0;89.74;100;90;G4;819;0.0;0.0
10500;1053KG;1053KG;32;100.0;100.0;100;100;G4;834;0.0;0.0
10502;1053KH;1053KH;32;100.0;100.0;100;100;G4;886;0.0;0.0
10504;1053KJ;1053KJ;28;100.0;100.0;100;100;G4;860;0.0;0.0
10506;1053KK;1053KK;23;100.0;100.0;100;91;G4;2084;0.0;4.35
10508;1053KL;1053KL;32;100.0;100.0;100;91;G4;1099;0.0;9.38
10510;1053KM;1053KM;53;100.0;100.0;100;89;G4;1337;0.0;5.66
10512;1053KN;1053KN;45;100.0;100.0;100;98;G4;989;0.0;8.89
10514;1053KP;1053KP;25;100.0;100.0;100;80;G4;1975;0.0;0.0
10516;1053KR;1053KR;59;100.0;100.0;100;98;G4;919;0.0;1.69
10518;1053KS;1053KS;47;100.0;100.0;100;98;G4;1148;0.0;0.0
10520;1053KT;1053KT;27;100.0;100.0;100;96;G4;530;0.0;7.41
10522;1053KV;1053KV;53;100.0;100.0;100;98;G4;1002;0.0;5.66
10524;1053KW;1053KW;38;100.0;84.21;100;89;G4;1223;0.0;10.53
10526;1053KX;1053KX;33;100.0;100.0;100;94;G4;1342;0.0;3.03
10528;1053KZ;1053KZ;36;100.0;94.44;100;94;G4;1204;0.0;0.0
10530;1053LA;1053LA;30;100.0;93.33;100;90;G4;1327;0.0;3.33
10532;1053LB;1053LB;12;100.0;91.67;100;92;G4;947;0.0;0.0
10534;1053LC;1053LC;29;100.0;100.0;100;100;G4;853;0.0;0.0
10536;1053LD;1053LD;45;100.0;100.0;100;100;G4;884;0.0;0.0
10538;1053LE;1053LE;32;100.0;96.88;100;97;G4;1199;0.0;12.5
10540;1053LG;1053LG;25;100.0;68.0;100;92;G4;1251;0.0;12.0
10542;1053LH;1053LH;58;100.0;96.55;100;95;G4;1331;0.0;6.9
10544;1053LJ;1053LJ;33;100.0;96.97;100;97;G4;1443;0.0;0.0
10546;1053LK;1053LK;29;100.0;100.0;100;83;G4;1592;0.0;6.9
10548;1053LL;1053LL;35;100.0;91.43;100;91;G4;1435;0.0;25.71
10550;1053LM;1053LM;27;100.0;96.3;100;63;G4;1581;0.0;3.7
10552;1053LN;1053LN;32;100.0;96.88;100;97;G4;2582;0.0;15.63
10554;1053LP;1053LP;21;100.0;100.0;100;100;G4;1270;0.0;0.0
10556;1053LR;1053LR;29;100.0;100.0;100;90;G4;1216;0.0;0.0
10558;1053LS;1053LS;26;100.0;100.0;100;88;G4;1191;0.0;0.0
10560;1053LT;1053LT;18;100.0;94.44;100;72;G4;2965;0.0;5.56
10562;1053LV;1053LV;22;100.0;100.0;100;95;G4;934;0.0;4.55
10564;1053LW;1053LW;36;100.0;100.0;100;94;G4;1371;0.0;0.0
10566;1053LX;1053LX;19;100.0;100.0;100;95;G4;984;0.0;0.0
10568;1053LZ;1053LZ;23;100.0;100.0;100;91;G4;1495;0.0;0.0
10570;1053MA;1053MB;30;100.0;96.67;100;97;G4;1133;0.0;0.0
10572;1053MC;1053MC;59;100.0;100.0;100;100;G4;986;0.0;0.0
10574;1053MH;1053MJ;33;100.0;96.97;100;94;G4;1325;0.0;6.06
10576;1053MK;1053MK;45;100.0;95.56;100;96;G4;1256;0.0;8.89
10578;1053ML;1053ML;38;100.0;94.74;100;95;G4;1167;0.0;21.05
10580;1053MN;1053MN;45;100.0;86.67;100;98;G4;785;0.0;0.0
10582;1053MP;1053MP;40;100.0;100.0;100;100;G4;792;0.0;0.0
10584;1053MR;1053MR;25;100.0;100.0;100;100;G4;775;0.0;0.0
10586;1053MS;1053MS;24;100.0;100.0;100;100;G4;1138;0.0;0.0
10588;1053MT;1053MT;15;100.0;100.0;100;100;G4;999;0.0;0.0
10590;1053MV;1053MV;21;100.0;100.0;100;100;G4;1055;0.0;4.76
10592;1053MX;1053MX;11;100.0;100.0;100;100;G4;1350;0.0;0.0
10594;1053MZ;1053NC;12;100.0;100.0;100;100;G4;693;0.0;0.0
10596;1053ND;1053ND;27;100.0;100.0;100;100;G4;784;0.0;3.7
10598;1053NE;1053NE;40;100.0;100.0;100;98;G4;952;0.0;0.0
10600;1053NG;1053NG;33;100.0;100.0;100;100;G4;822;0.0;6.06
10602;1053NH;1053NH;30;100.0;96.67;100;100;G4;675;0.0;0.0
10604;1053NJ;1053NJ;41;100.0;100.0;100;95;G4;815;0.0;12.2
10606;1053NK;1053NK;34;100.0;100.0;100;100;G4;962;0.0;8.82
10608;1053NL;1053NL;31;100.0;100.0;100;100;G4;786;0.0;16.13
10610;1053NM;1053NM;39;100.0;69.23;100;100;G4;1036;0.0;17.95
10612;1053NN;1053NN;32;100.0;68.75;100;100;G4;1309;0.0;9.38
10614;1053NP;1053NP;30;100.0;96.67;100;97;G4;1224;0.0;0.0
10616;1053NT;1053NT;30;100.0;100.0;100;100;G4;956;0.0;0.0
10618;1053NV;1053NV;26;100.0;100.0;100;100;G4;927;0.0;11.54
10619;1053NX;1053NX;39;100.0;100.0;100;97;G4;1018;0.0;0.0
10622;1053NZ;1053NZ;31;100.0;100.0;100;97;G4;993;0.0;0.0
10624;1053PA;1053PA;50;100.0;100.0;100;100;G4;982;0.0;8.0
10626;1053PC;1053PD;12;100.0;100.0;100;100;G4;953;0.0;0.0
10628;1053PE;1053PG;62;100.0;100.0;100;100;G4;767;0.0;1.61
10631;1053PH;1053PK;52;100.0;98.08;100;98;G4;975;0.0;7.69
10633;1053PL;1053PL;33;100.0;96.97;100;100;G4;846;0.0;24.24
10635;1053PM;1053PM;36;100.0;100.0;100;100;G4;922;0.0;0.0
10637;1053PN;1053PN;36;100.0;100.0;100;100;G4;920;0.0;0.0
10639;1053PP;1053PP;24;100.0;100.0;100;100;G4;971;0.0;0.0
10641;1053PR;1053PR;24;100.0;100.0;100;100;G4;728;0.0;75.0
10643;1053PS;1053PS;19;100.0;94.74;100;100;G4;772;0.0;63.16
10645;1053PT;1053PT;19;100.0;100.0;100;100;G4;808;0.0;42.11
10647;1053PV;1053PV;16;100.0;100.0;100;100;G4;33;0.0;50.0
10649;1053PW;1053PW;11;100.0;100.0;100;91;G4;389;0.0;9.09
10651;1053PX;1053PX;22;100.0;100.0;100;100;G4;1201;0.0;0.0
10653;1053PZ;1053PZ;29;100.0;100.0;100;100;G4;793;0.0;0.0
10655;1053RA;1053RD;63;100.0;57.14;100;63;G4;1027;0.0;0.0
10657;1053RE;1053RE;42;100.0;78.57;100;100;G4;911;0.0;0.0
10659;1053RG;1053RG;34;100.0;100.0;100;100;G4;835;0.0;0.0
10661;1053RH;1053RH;28;100.0;100.0;100;96;G4;792;0.0;0.0
10663;1053RJ;1053RJ;25;100.0;100.0;100;96;G4;795;0.0;4.0
10665;1053RL;1053RL;69;100.0;100.0;100;100;G4;1033;0.0;0.0
10667;1053RM;1053RM;23;100.0;100.0;100;96;G4;1852;0.0;0.0
10669;1053RN;1053RV;113;100.0;100.0;100;99;G4;1203;0.0;7.08
10672;1053RW;1053RW;17;100.0;94.12;100;82;G4;728;0.0;0.0
10674;1053RX;1053RX;23;100.0;86.96;100;96;G4;844;0.0;0.0
10676;1053RZ;1053RZ;23;100.0;100.0;100;100;G4;1206;0.0;0.0
10678;1053SB;1053SB;28;100.0;96.43;100;71;G4;1414;0.0;14.29
10680;1053SC;1053SC;37;100.0;100.0;100;95;G4;1069;0.0;24.32
10682;1053SE;1053SE;54;100.0;98.15;100;94;G4;1190;0.0;0.0
10684;1053SG;1053SG;32;100.0;100.0;100;100;G4;1093;0.0;0.0
10686;1053SH;1053SH;41;100.0;95.12;100;100;G4;890;0.0;0.0
10688;1053SJ;1053SJ;22;100.0;95.45;100;95;G4;1376;0.0;0.0
10690;1053SK;1053SK;26;100.0;92.31;100;96;G4;1039;0.0;11.54
10692;1053SL;1053SL;18;100.0;94.44;100;94;G4;1506;0.0;0.0
10694;1053SM;1053SM;11;100.0;100.0;100;100;G4;846;0.0;0.0
10696;1053SN;1053SN;21;100.0;100.0;100;100;G4;879;0.0;0.0
10698;1053SP;1053SP;23;100.0;100.0;100;96;G4;1192;0.0;0.0
10700;1053SR;1053SR;28;100.0;92.86;100;100;G4;917;0.0;14.29
10702;1053ST;1053ST;48;100.0;75.0;100;92;G4;996;0.0;2.08
10704;1053SV;1053SV;33;100.0;90.91;100;94;G4;1183;0.0;0.0
10706;1053SW;1053SW;38;100.0;100.0;100;100;G4;1032;0.0;7.89
10708;1053SX;1053SX;37;100.0;78.38;100;92;G4;1240;0.0;0.0
10710;1053SZ;1053SZ;28;100.0;96.43;100;100;G4;1057;0.0;7.14
10712;1053TA;1053TA;21;100.0;100.0;100;100;G4;1019;0.0;0.0
10714;1053TB;1053TB;18;100.0;88.89;100;94;G4;1041;0.0;0.0
10716;1053TC;1053TC;24;100.0;95.83;100;100;G4;926;0.0;4.17
10718;1053TD;1053TD;18;100.0;100.0;100;94;G4;1102;0.0;0.0
10720;1053TE;1053TE;17;100.0;100.0;100;100;G4;827;0.0;0.0
10722;1053TG;1053TG;30;100.0;96.67;100;97;G4;864;0.0;0.0
10724;1053TH;1053TH;16;100.0;100.0;100;100;G4;968;0.0;0.0
10726;1053TJ;1053TJ;11;100.0;100.0;100;100;G4;790;0.0;0.0
10728;1053TM;1053TM;62;100.0;95.16;100;100;G4;910;0.0;77.42
10730;1053TN;1053TN;19;100.0;94.74;100;100;G4;1017;0.0;0.0
10732;1053TP;1053TP;48;100.0;97.92;100;100;G4;1005;0.0;0.0
10734;1053TR;1053TR;36;100.0;94.44;100;97;G4;1282;0.0;91.67
10736;1053TS;1053TS;36;100.0;100.0;100;100;G4;2002;0.0;75.0
10738;1053TT;1053TT;32;100.0;100.0;100;100;G4;1001;0.0;87.5
10740;1053TV;1053TV;39;100.0;100.0;100;97;G4;1599;0.0;92.31
10742;1053TW;1053TW;35;100.0;100.0;100;100;G4;917;0.0;94.29
10744;1053TX;1053TX;27;100.0;100.0;100;100;G4;890;0.0;100.0
10746;1053TZ;1053TZ;36;100.0;100.0;100;92;G4;1558;0.0;0.0
10748;1053VA;1053VA;23;100.0;100.0;100;100;G4;1641;0.0;21.74
10750;1053VB;1053VB;38;100.0;100.0;100;84;G4;1354;0.0;0.0
10752;1053VC;1053VC;29;100.0;100.0;100;86;G4;1454;0.0;0.0
10754;1053VD;1053VD;29;100.0;100.0;100;97;G4;1200;0.0;31.03
10756;1053VE;1053VE;26;100.0;100.0;100;100;G4;1360;0.0;3.85
10758;1053VG;1053VG;24;100.0;95.83;100;100;G4;1350;0.0;0.0
10760;1053VH;1053VH;41;100.0;100.0;100;95;G4;1198;0.0;2.44
10762;1053VJ;1053VJ;76;100.0;100.0;100;99;G4;749;0.0;0.0
10764;1053VK;1053VK;16;100.0;100.0;100;100;G4;912;0.0;0.0
10766;1053VL;1053VL;40;100.0;97.5;100;100;G4;870;0.0;0.0
10768;1053VM;1053VM;45;100.0;97.78;100;98;G4;967;0.0;8.89
10770;1053VN;1053VN;35;100.0;94.29;100;94;G4;2358;0.0;5.71
10772;1053VP;1053VT;45;100.0;95.56;100;98;G4;864;0.0;0.0
10777;1053VV;1053VW;24;100.0;100.0;100;100;G4;1297;0.0;0.0
10779;1053VX;1053VX;10;100.0;100.0;100;100;G4;1296;0.0;0.0
10781;1053WB;1053WB;32;100.0;100.0;100;97;G4;1059;0.0;3.13
10783;1053WC;1053WC;22;100.0;86.36;100;86;G4;1623;0.0;18.18
10785;1053WD;1053WD;29;100.0;96.55;100;97;G4;1142;0.0;0.0
10787;1053WE;1053WE;31;100.0;96.77;100;97;G4;1071;0.0;80.65
10789;1053WG;1053WG;28;100.0;92.86;100;89;G4;1218;0.0;0.0
10791;1053WH;1053WH;36;100.0;97.22;100;89;G4;1189;0.0;8.33
10793;1053WJ;1053WJ;33;100.0;100.0;100;94;G4;1249;0.0;0.0
10795;1053WK;1053WK;25;100.0;88.0;100;92;G4;1114;0.0;12.0
10797;1053WL;1053WL;30;100.0;100.0;100;93;G4;1454;0.0;0.0
10799;1053WN;1053WN;18;100.0;100.0;100;72;G4;1685;0.0;0.0
10801;1053WP;1053WP;37;100.0;91.89;100;95;G4;1844;0.0;2.7
10803;1053WR;1053WR;35;100.0;88.57;100;97;G4;849;0.0;2.86
10805;1053WS;1053WS;28;100.0;100.0;100;100;G4;740;0.0;0.0
10807;1053WT;1053WT;31;100.0;100.0;100;100;G4;850;0.0;0.0
10809;1053WV;1053WV;33;100.0;100.0;100;97;G4;1133;0.0;0.0
10811;1053WX;1053WX;71;100.0;60.56;100;99;G4;813;0.0;0.0
10813;1053WZ;1053WZ;41;100.0;100.0;100;100;G4;785;0.0;0.0
10815;1053XA;1053XA;21;100.0;80.95;100;95;G4;1153;0.0;9.52
10817;1053XB;1053XB;30;100.0;96.67;100;97;G4;1455;0.0;0.0
10819;1053XC;1053XC;45;100.0;100.0;100;76;G4;1794;0.0;6.67
10821;1053XD;1053XD;18;100.0;61.11;100;100;G4;1380;0.0;61.11
10823;1053XE;1053XE;69;100.0;84.06;100;100;G4;897;0.0;0.0
10825;1053XG;1053XG;13;100.0;100.0;100;92;G4;1755;0.0;0.0
10827;1053XH;1053XH;15;100.0;100.0;100;53;G4;2337;0.0;6.67
10829;1053XJ;1053XJ;25;100.0;88.0;100;96;G4;950;0.0;0.0
10831;1053XK;1053XL;24;100.0;87.5;100;100;G4;853;0.0;4.17
10833;1053XP;1053XP;37;100.0;78.38;100;97;G4;784;0.0;40.54
10835;1053XR;1053XR;36;100.0;72.22;100;75;G4;594;0.0;8.33
10837;1053XS;1053XS;21;100.0;100.0;100;95;G4;1101;0.0;0.0
10839;1053XT;1053XT;25;100.0;100.0;100;96;G4;930;0.0;12.0
10841;1053XV;1053XV;25;100.0;96.0;100;88;G4;1007;0.0;20.0
10843;1053XW;1053XW;30;100.0;100.0;100;93;G4;1302;0.0;3.33
10845;1053XX;1053XX;28;100.0;96.43;100;86;G4;1600;0.0;0.0
10847;1053XZ;1053XZ;43;100.0;100.0;100;95;G4;1336;0.0;2.33
10849;1053ZA;1053ZA;31;100.0;100.0;100;94;G4;1280;0.0;9.68
10851;1053ZB;1053ZB;32;100.0;93.75;100;91;G4;1408;0.0;0.0
10853;1053ZC;1053ZC;33;100.0;96.97;100;97;G4;1502;0.0;0.0
10855;1053ZD;1053ZD;38;100.0;100.0;100;100;G4;913;0.0;2.63
10857;1053ZE;1053ZE;33;100.0;96.97;100;100;G4;960;0.0;0.0
10859;1053ZG;1053ZG;28;100.0;96.43;100;96;G4;794;0.0;0.0
10861;1053ZH;1053ZH;23;100.0;86.96;100;100;G4;706;0.0;0.0
10863;1053ZJ;1053ZJ;35;100.0;97.14;100;97;G4;843;0.0;2.86
10865;1053ZK;1053ZK;28;100.0;89.29;100;100;G4;854;0.0;3.57
10867;1053ZL;1053ZL;24;100.0;100.0;100;96;G4;562;0.0;4.17
10869;1053ZM;1053ZM;25;100.0;96.0;100;100;G4;720;0.0;0.0
10871;1053ZP;1053ZP;10;100.0;100.0;100;100;G4;1007;0.0;0.0
10873;1053ZR;1053ZR;43;100.0;88.37;100;88;G4;1017;0.0;0.0
10875;1053ZS;1053ZS;23;100.0;100.0;100;100;G4;837;0.0;0.0
10877;1053ZT;1053ZT;45;100.0;71.11;100;93;G4;779;0.0;6.67
10879;1053ZV;1053ZV;14;100.0;100.0;100;64;G4;1446;0.0;7.14
10881;1053ZW;1053ZW;31;100.0;100.0;100;100;G4;1287;0.0;0.0
10883;1053ZX;1053ZX;30;100.0;100.0;100;83;G4;1297;0.0;10.0
10885;1053ZZ;1053ZZ;28;100.0;100.0;100;100;G4;1378;0.0;0.0
10887;1054AA;1054AA;21;100.0;90.48;100;86;G4;1301;0.0;0.0
10889;1054AB;1054AB;24;100.0;100.0;100;71;G4;1777;0.0;0.0
10891;1054AC;1054AC;23;100.0;95.65;100;83;G4;2048;0.0;4.35
10893;1054AD;1054AD;26;100.0;96.15;100;81;G4;2199;0.0;0.0
10895;1054AE;1054AH;42;100.0;92.86;100;86;G4;2451;0.0;35.71
10898;1054AJ;1054AJ;16;100.0;100.0;100;100;G4;1506;0.0;43.75
10900;1054AK;1054AK;46;100.0;100.0;100;100;G4;1035;0.0;23.91
10902;1054AL;1054AL;23;100.0;100.0;100;87;G4;1352;0.0;47.83
10904;1054AM;1054AM;26;100.0;92.31;100;88;G4;1087;0.0;34.62
10906;1054AN;1054AN;41;100.0;100.0;100;93;G4;1383;0.0;21.95
10908;1054AP;1054AP;25;100.0;100.0;100;84;G4;1620;0.0;28.0
10910;1054AR;1054AR;39;100.0;97.44;100;97;G4;1410;0.0;46.15
10912;1054AS;1054AS;17;100.0;100.0;100;100;G4;1446;0.0;94.12
10914;1054AT;1054AT;25;100.0;96.0;100;84;G4;1332;0.0;56.0
10916;1054AV;1054AV;34;100.0;97.06;100;91;G4;1143;0.0;73.53
10918;1054AW;1054AW;25;100.0;96.0;100;96;G4;1486;0.0;56.0
10920;1054AX;1054AX;26;100.0;100.0;100;96;G4;1282;0.0;0.0
10922;1054AZ;1054AZ;25;100.0;96.0;100;92;G4;1411;0.0;4.0
10924;1054BA;1054BA;18;100.0;94.44;100;78;G4;1463;0.0;0.0
10926;1054BB;1054BB;19;100.0;100.0;100;95;G4;1709;0.0;47.37
10928;1054BC;1054BC;18;100.0;94.44;100;94;G4;1208;0.0;66.67
10930;1054BD;1054BD;12;100.0;100.0;100;92;G4;1449;0.0;25.0
10932;1054BE;1054BE;18;100.0;88.89;100;78;G4;1514;0.0;27.78
10934;1054BG;1054BG;14;100.0;100.0;100;93;G4;2163;0.0;85.71
10936;1054BH;1054BH;19;100.0;100.0;100;89;G4;1763;0.0;5.26
10938;1054BJ;1054BJ;17;100.0;100.0;100;94;G4;1247;0.0;35.29
10940;1054BK;1054BK;26;100.0;100.0;100;92;G4;2101;0.0;53.85
10942;1054BL;1054BL;19;100.0;100.0;100;100;G4;1301;0.0;47.37
10944;1054BM;1054BM;18;100.0;100.0;100;89;G4;1380;0.0;66.67
10946;1054BN;1054BN;24;100.0;83.33;100;79;G4;1655;0.0;16.67
10948;1054BP;1054BP;22;100.0;90.91;100;95;G4;1434;0.0;0.0
10949;1054BR;1054BR;168;100.0;63.1;100;94;G4;1332;0.0;3.57
10952;1054BS;1054BS;25;100.0;88.0;100;88;G4;1592;0.0;20.0
10953;1054BT;1054BT;31;100.0;100.0;100;87;G4;1290;0.0;6.45
10955;1054BV;1054BW;24;100.0;95.83;100;71;G4;3129;0.0;0.0
10958;1054BX;1054BX;27;100.0;100.0;100;85;G4;1151;0.0;0.0
10960;1054BZ;1054BZ;26;100.0;100.0;100;73;G4;1478;0.0;3.85
10962;1054CA;1054CA;24;100.0;95.83;100;92;G4;1636;0.0;75.0
10964;1054CB;1054CB;21;100.0;100.0;100;90;G4;1388;0.0;52.38
10966;1054CC;1054CC;24;100.0;100.0;100;100;G4;1140;0.0;58.33
10968;1054CD;1054CD;20;100.0;90.0;100;100;G4;1092;0.0;50.0
10970;1054CE;1054CE;31;100.0;96.77;100;97;G4;1682;0.0;35.48
10972;1054CG;1054CG;40;100.0;100.0;100;98;G4;1199;0.0;7.5
10974;1054CH;1054CH;12;100.0;91.67;100;83;G4;2574;0.0;75.0
10976;1054CJ;1054CJ;20;100.0;100.0;100;90;G4;1941;0.0;45.0
10978;1054CK;1054CK;23;100.0;100.0;100;100;G4;1165;0.0;78.26
10980;1054CL;1054CL;20;100.0;100.0;100;95;G4;1199;0.0;75.0
10982;1054CM;1054CM;25;100.0;88.0;100;84;G4;1757;0.0;60.0
10984;1054CN;1054CN;79;100.0;100.0;100;100;G4;877;0.0;6.33
10986;1054CP;1054CP;23;100.0;100.0;100;83;G4;1596;0.0;0.0
10988;1054CR;1054CR;18;100.0;88.89;100;83;G4;1636;0.0;0.0
10990;1054CS;1054CS;17;100.0;100.0;100;65;G4;2730;0.0;0.0
10992;1054CT;1054CT;92;100.0;98.91;100;98;G4;1122;0.0;3.26
10994;1054CV;1054CV;23;100.0;91.3;100;78;G4;1906;0.0;0.0
10996;1054CW;1054CW;20;100.0;80.0;100;75;G4;2512;0.0;5.0
10998;1054CX;1054CX;28;100.0;96.43;100;96;G4;1064;0.0;82.14
11000;1054CZ;1054CZ;23;100.0;100.0;100;96;G4;1557;0.0;73.91
11002;1054DA;1054DA;20;100.0;100.0;100;100;G4;993;0.0;80.0
11004;1054DB;1054DB;12;100.0;100.0;100;100;G4;1436;0.0;100.0
11006;1054DC;1054DC;20;100.0;100.0;100;95;G4;2360;0.0;0.0
11008;1054DD;1054DD;21;100.0;90.48;100;100;G4;1273;0.0;9.52
11010;1054DE;1054DE;20;100.0;100.0;100;95;G4;1086;0.0;90.0
11012;1054DG;1054DG;24;100.0;100.0;100;100;G4;1118;0.0;100.0
11014;1054DH;1054DH;25;100.0;100.0;100;100;G4;1253;0.0;96.0
11016;1054DJ;1054DJ;36;100.0;97.22;100;92;G4;1495;0.0;50.0
11018;1054DK;1054DK;19;100.0;100.0;100;89;G4;1216;0.0;0.0
11020;1054DL;1054DL;14;100.0;100.0;100;93;G4;1212;0.0;0.0
11022;1054DM;1054DM;24;100.0;100.0;100;79;G4;1914;0.0;0.0
11024;1054DN;1054DN;31;100.0;93.55;100;90;G4;1531;0.0;9.68
11026;1054DP;1054DP;19;100.0;89.47;100;74;G4;1679;0.0;0.0
11028;1054DR;1054DR;20;100.0;100.0;100;95;G4;1442;0.0;5.0
11030;1054DS;1054DS;22;100.0;86.36;100;77;G4;1629;0.0;13.64
11032;1054DT;1054DT;16;100.0;100.0;100;88;G4;1207;0.0;56.25
11034;1054DV;1054DV;16;100.0;100.0;100;88;G4;1963;0.0;0.0
11036;1054DW;1054DW;40;100.0;90.0;100;85;G4;1261;0.0;2.5
11038;1054DX;1054DX;51;100.0;98.04;100;98;G4;986;0.0;23.53
11040;1054DZ;1054DZ;43;100.0;97.67;100;93;G4;1612;0.0;0.0
11042;1054EA;1054EA;21;100.0;95.24;100;95;G4;1419;0.0;0.0
11044;1054EB;1054EB;22;100.0;100.0;100;95;G4;1190;0.0;13.64
11046;1054EC;1054EC;24;100.0;95.83;100;100;G4;1385;0.0;4.17
11048;1054ED;1054ED;16;100.0;100.0;100;88;G4;1200;0.0;18.75
11050;1054EE;1054EE;20;100.0;95.0;100;80;G4;1576;0.0;0.0
11052;1054EG;1054EG;32;100.0;100.0;100;88;G4;1577;0.0;0.0
11054;1054EH;1054EH;24;100.0;100.0;100;92;G4;2010;0.0;0.0
11056;1054EJ;1054EJ;39;100.0;94.87;100;100;G4;1154;0.0;7.69
11058;1054EK;1054EK;45;100.0;97.78;100;89;G4;889;0.0;22.22
11060;1054EL;1054EL;31;100.0;100.0;100;100;G4;1119;0.0;0.0
11062;1054EM;1054EM;21;100.0;95.24;100;95;G4;991;0.0;4.76
11064;1054EN;1054EN;24;100.0;100.0;100;100;G4;1194;0.0;0.0
11066;1054EP;1054EP;28;100.0;100.0;100;100;G4;1177;0.0;0.0
11068;1054ER;1054ER;27;100.0;92.59;100;93;G4;1095;0.0;3.7
11070;1054ES;1054ES;67;100.0;94.03;100;88;G4;1574;0.0;2.99
11072;1054ET;1054ET;26;100.0;88.46;100;77;G4;4106;0.0;15.38
11074;1054EV;1054EV;15;100.0;100.0;100;33;G4;5002;0.0;6.67
11076;1054EW;1054EW;11;100.0;100.0;100;36;G6;9833;0.0;0.0
11078;1054EX;1054EX;16;100.0;93.75;100;50;G6;3900;0.0;12.5
11080;1054EZ;1054EZ;21;100.0;90.48;100;38;G4;4858;0.0;9.52
11082;1054GA;1054GB;18;100.0;100.0;100;83;G4;5394;0.0;50.0
11085;1054GC;1054GC;19;100.0;100.0;100;95;G4;883;0.0;5.26
11087;1054GD;1054GD;16;100.0;100.0;100;63;G4;5327;0.0;0.0
11089;1054GE;1054GE;26;100.0;96.15;100;73;G4;5012;0.0;0.0
11091;1054GG;1054GG;22;100.0;100.0;100;95;G4;1670;0.0;40.91
11093;1054GH;1054GH;12;100.0;100.0;100;75;G4;3434;0.0;16.67
11095;1054GJ;1054GJ;25;100.0;100.0;100;48;G6;3661;0.0;20.0
11097;1054GK;1054GK;18;100.0;94.44;100;61;G4;5706;0.0;33.33
11099;1054GL;1054GL;14;100.0;92.86;100;36;G4;4897;0.0;7.14
11101;1054GM;1054GM;12;100.0;100.0;100;42;G4;6563;0.0;8.33
11103;1054GN;1054GN;12;100.0;100.0;100;50;G4;4209;0.0;41.67
11105;1054GP;1054GP;16;100.0;87.5;100;69;G4;2186;0.0;0.0
11107;1054GR;1054GR;15;100.0;100.0;100;73;G4;2451;0.0;13.33
11109;1054GS;1054GS;23;100.0;100.0;100;65;G4;3550;0.0;17.39
11111;1054GT;1054GT;17;100.0;94.12;100;53;G6;4072;0.0;5.88
11113;1054GV;1054GV;21;100.0;90.48;100;71;G4;3359;0.0;19.05
11115;1054GW;1054GW;17;100.0;100.0;100;76;G4;1411;0.0;0.0
11117;1054GX;1054GX;24;100.0;87.5;100;67;G4;2480;0.0;0.0
11119;1054GZ;1054HA;33;100.0;100.0;100;67;G4;3655;0.0;21.21
11121;1054HB;1054HB;34;100.0;100.0;100;85;G4;1947;0.0;8.82
11123;1054HC;1054HC;31;100.0;93.55;100;74;G4;2229;0.0;6.45
11125;1054HD;1054HD;30;100.0;100.0;100;87;G4;1815;0.0;0.0
11127;1054HE;1054HE;16;100.0;100.0;100;81;G4;1829;0.0;0.0
11129;1054HG;1054HG;67;100.0;98.51;100;96;G4;1367;0.0;28.36
11131;1054HH;1054HH;18;100.0;100.0;100;100;G4;431;0.0;0.0
11133;1054HJ;1054HJ;26;100.0;100.0;100;81;G4;2468;0.0;0.0
11135;1054HK;1054HK;21;100.0;100.0;100;81;G4;2237;0.0;0.0
11137;1054HL;1054HL;26;100.0;96.15;100;81;G4;2509;0.0;0.0
11139;1054HM;1054HM;17;100.0;88.24;100;59;G4;1961;0.0;0.0
11141;1054HN;1054HN;26;100.0;100.0;100;85;G4;1838;0.0;11.54
11143;1054HP;1054HP;29;100.0;100.0;100;97;G4;1284;0.0;0.0
11145;1054HR;1054HR;30;100.0;73.33;100;67;G4;1697;0.0;0.0
11147;1054HS;1054HS;19;100.0;89.47;100;89;G4;1906;0.0;0.0
11149;1054HT;1054HT;73;100.0;100.0;100;93;G4;2117;0.0;0.0
11151;1054HV;1054HV;32;100.0;96.88;100;84;G4;1763;0.0;21.88
11153;1054HW;1054HW;18;100.0;100.0;100;61;G4;5984;0.0;0.0
11155;1054HX;1054HX;32;100.0;100.0;100;91;G4;1668;0.0;50.0
11157;1054HZ;1054HZ;51;100.0;98.04;100;96;G4;1118;0.0;5.88
11159;1054JA;1054JA;41;100.0;95.12;100;93;G4;1030;0.0;0.0
11161;1054JB;1054JB;23;100.0;100.0;100;78;G4;2266;0.0;0.0
11163;1054JC;1054JC;26;100.0;100.0;100;88;G4;1943;0.0;0.0
11165;1054JD;1054JD;44;100.0;100.0;100;98;G4;919;0.0;11.36
11167;1054JE;1054JE;35;100.0;100.0;100;91;G4;1102;0.0;0.0
11169;1054JG;1054JG;31;100.0;100.0;100;90;G4;1400;0.0;0.0
11171;1054JH;1054JJ;39;100.0;100.0;100;92;G4;1248;0.0;15.38
11174;1054JK;1054JK;14;100.0;100.0;100;71;G4;4278;0.0;42.86
11176;1054JL;1054JL;21;100.0;100.0;100;71;G4;1800;0.0;4.76
11178;1054JM;1054JM;29;100.0;100.0;100;76;G4;2017;0.0;24.14
11180;1054JN;1054JN;40;100.0;67.5;100;88;G4;1910;0.0;2.5
11182;1054JP;1054JP;25;100.0;72.0;100;100;G4;1160;0.0;4.0
11184;1054JR;1054JR;14;100.0;100.0;100;86;G4;1625;0.0;0.0
11186;1054JS;1054JS;33;100.0;100.0;100;91;G4;1238;0.0;15.15
11188;1054JT;1054JT;24;100.0;100.0;100;79;G4;1787;0.0;0.0
11190;1054JV;1054JV;30;100.0;100.0;100;93;G4;1320;0.0;6.67
11192;1054JW;1054JW;32;100.0;93.75;100;91;G4;1379;0.0;0.0
11194;1054JX;1054JX;30;100.0;100.0;100;83;G4;1156;0.0;16.67
11196;1054JZ;1054JZ;42;100.0;100.0;100;90;G4;1561;0.0;0.0
11198;1054KA;1054KA;47;100.0;97.87;100;98;G4;1184;0.0;2.13
11200;1054KB;1054KC;59;100.0;47.46;100;98;G4;1301;0.0;33.9
11202;1054KD;1054KD;56;100.0;39.29;100;96;G4;997;0.0;0.0
11204;1054KE;1054KE;17;100.0;100.0;100;71;G4;1321;0.0;11.76
11206;1054KG;1054KH;22;100.0;100.0;100;73;G4;2018;0.0;22.73
11208;1054KJ;1054KJ;17;100.0;100.0;100;94;G4;1189;0.0;11.76
11210;1054KK;1054KK;14;100.0;100.0;100;93;G4;1124;0.0;0.0
11212;1054KL;1054KL;21;100.0;100.0;100;90;G4;1192;0.0;0.0
11214;1054KM;1054KM;18;100.0;100.0;100;100;G4;1301;0.0;0.0
11216;1054KN;1054KN;15;100.0;93.33;100;87;G4;1546;0.0;0.0
11218;1054KP;1054KP;22;100.0;90.91;100;95;G4;1202;0.0;0.0
11220;1054KR;1054KR;32;100.0;96.88;100;94;G4;1262;0.0;0.0
11222;1054KS;1054KS;31;100.0;87.1;100;97;G4;1191;0.0;22.58
11224;1054KT;1054KT;33;100.0;96.97;100;85;G4;1462;0.0;21.21
11226;1054KV;1054KV;37;100.0;100.0;100;97;G4;1370;0.0;0.0
11228;1054KW;1054KW;14;100.0;100.0;100;86;G4;1370;0.0;7.14
11230;1054KX;1054KX;17;100.0;100.0;100;100;G4;1436;0.0;0.0
11232;1054KZ;1054KZ;26;100.0;100.0;100;73;G4;1917;0.0;7.69
11234;1054LA;1054LA;37;100.0;94.59;100;100;G4;802;0.0;0.0
11236;1054LB;1054LB;34;100.0;97.06;100;97;G4;953;0.0;0.0
11238;1054LC;1054LC;34;100.0;100.0;100;94;G4;1313;0.0;0.0
11240;1054LD;1054LD;38;100.0;97.37;100;100;G4;812;0.0;10.53
11242;1054LE;1054LE;20;100.0;90.0;100;70;G4;1773;0.0;0.0
11244;1054LG;1054LG;24;100.0;100.0;100;79;G4;1556;0.0;0.0
11246;1054LH;1054LH;24;100.0;100.0;100;79;G4;1768;0.0;0.0
11248;1054LK;1054LK;41;100.0;100.0;100;93;G4;169;0.0;2.44
11250;1054LL;1054LL;34;100.0;100.0;100;94;G4;1099;0.0;11.76
11252;1054LM;1054LM;42;100.0;100.0;100;95;G4;1159;0.0;0.0
11254;1054LN;1054LN;38;100.0;100.0;100;89;G4;1549;0.0;2.63
11256;1054LP;1054LP;34;100.0;100.0;100;97;G4;1393;0.0;23.53
11258;1054LR;1054LR;27;100.0;100.0;100;89;G4;1877;0.0;0.0
11260;1054LS;1054LS;33;100.0;100.0;100;100;G4;1588;0.0;0.0
11262;1054LT;1054LT;24;100.0;100.0;100;100;G4;1397;0.0;0.0
11264;1054LV;1054LV;24;100.0;100.0;100;100;G4;1588;0.0;4.17
11266;1054LW;1054LW;25;100.0;100.0;100;100;G4;1654;0.0;36.0
11268;1054LX;1054LX;39;100.0;100.0;100;97;G4;1323;0.0;12.82
11270;1054LZ;1054LZ;29;100.0;93.1;100;79;G4;701;0.0;10.34
11272;1054MA;1054MA;31;100.0;100.0;100;84;G4;1718;0.0;32.26
11274;1054MB;1054MC;32;100.0;96.88;100;84;G4;1716;0.0;3.13
11277;1054MD;1054MD;30;100.0;93.33;100;93;G4;992;0.0;0.0
11279;1054ME;1054ME;38;100.0;94.74;100;95;G4;1020;0.0;0.0
11281;1054MG;1054MG;42;100.0;97.62;100;95;G4;1084;0.0;14.29
11283;1054MH;1054MH;45;100.0;95.56;100;100;G4;770;0.0;17.78
11285;1054MJ;1054MJ;24;100.0;91.67;100;88;G4;899;0.0;8.33
11287;1054MK;1054MK;28;100.0;85.71;100;93;G4;1135;0.0;0.0
11289;1054ML;1054ML;30;100.0;96.67;100;93;G4;916;0.0;0.0
11291;1054MN;1054MN;17;100.0;100.0;100;94;G4;1530;0.0;17.65
11293;1054MP;1054MP;30;100.0;100.0;100;70;G4;1618;0.0;0.0
11295;1054MR;1054MR;43;100.0;97.67;100;98;G4;946;0.0;6.98
11297;1054MS;1054MS;38;100.0;86.84;100;100;G4;921;0.0;15.79
11299;1054MT;1054MT;42;100.0;85.71;100;93;G4;976;0.0;4.76
11301;1054MV;1054MV;44;100.0;93.18;100;95;G4;940;0.0;13.64
11303;1054MX;1054MX;47;100.0;97.87;100;98;G4;919;0.0;0.0
11305;1054NA;1054NA;22;100.0;100.0;100;100;G4;727;0.0;0.0
11307;1054NB;1054NB;20;100.0;100.0;100;100;G4;1117;0.0;0.0
11309;1054NC;1054NC;47;100.0;100.0;100;100;G4;773;0.0;0.0
11311;1054ND;1054ND;23;100.0;100.0;100;100;G4;1031;0.0;0.0
11313;1054NE;1054NE;21;100.0;100.0;100;100;G4;753;0.0;0.0
11315;1054NG;1054NG;28;100.0;100.0;100;100;G4;1024;0.0;0.0
11317;1054NH;1054NJ;12;100.0;100.0;100;75;G4;3029;0.0;0.0
11319;1054NK;1054NK;20;100.0;100.0;100;100;G4;1035;0.0;0.0
11321;1054NL;1054NL;18;100.0;100.0;100;100;G4;1084;0.0;0.0
11323;1054NM;1054NM;20;100.0;100.0;100;100;G4;943;0.0;5.0
11325;1054NZ;1054PA;31;100.0;96.77;100;97;G4;929;0.0;0.0
11327;1054PD;1054PG;29;100.0;100.0;100;100;G4;849;0.0;20.69
11330;1054PH;1054PH;38;100.0;100.0;100;100;G4;977;0.0;2.63
11332;1054PJ;1054PJ;38;100.0;100.0;100;100;G4;1023;0.0;0.0
11334;1054PL;1054PL;28;100.0;100.0;100;100;G4;831;0.0;0.0
11336;1054PM;1054PM;28;100.0;100.0;100;100;G4;715;0.0;0.0
11338;1054PN;1054PN;28;100.0;100.0;100;100;G4;771;0.0;3.57
11340;1054PP;1054PP;20;100.0;100.0;100;95;G4;1207;0.0;0.0
11342;1054PR;1054PR;14;100.0;100.0;100;86;G4;1816;0.0;0.0
11344;1054PS;1054PS;32;100.0;100.0;100;100;G4;786;0.0;0.0
11346;1054PV;1054PV;15;100.0;100.0;100;100;G4;843;0.0;0.0
11348;1054PW;1054PW;20;100.0;100.0;100;100;G4;606;0.0;0.0
11350;1054RC;1054RC;20;100.0;100.0;100;100;G4;913;0.0;5.0
11352;1054RD;1054RX;27;100.0;100.0;100;56;G4;5824;0.0;3.7
11354;1054RZ;1054RZ;14;100.0;100.0;100;100;G4;1156;0.0;7.14
11356;1054SN;1054SX;33;100.0;100.0;100;94;G4;1436;0.0;27.27
11359;1054SZ;1054SZ;28;100.0;92.86;100;96;G4;1148;0.0;14.29
11361;1054TA;1054TB;30;100.0;100.0;100;73;G4;1611;0.0;0.0
11364;1054TC;1054TC;20;100.0;90.0;100;95;G4;1121;0.0;20.0
11366;1054TD;1054TD;22;100.0;100.0;100;100;G4;1034;0.0;0.0
11368;1054TE;1054TE;28;100.0;100.0;100;100;G4;1070;0.0;96.43
11370;1054TG;1054TG;24;100.0;100.0;100;100;G4;891;0.0;70.83
11372;1054TH;1054TH;29;100.0;100.0;100;97;G4;1264;0.0;93.1
11374;1054TJ;1054TJ;25;100.0;100.0;100;100;G4;1201;0.0;92.0
11376;1054TK;1054TK;33;100.0;100.0;100;97;G4;1270;0.0;3.03
11378;1054TL;1054TL;47;100.0;100.0;100;98;G4;1149;0.0;40.43
11380;1054TM;1054TM;31;100.0;100.0;100;97;G4;1253;0.0;90.32
11382;1054TN;1054TN;47;100.0;97.87;100;96;G4;1218;0.0;40.43
11384;1054TP;1054TP;26;100.0;96.15;100;100;G4;1282;0.0;11.54
11386;1054TR;1054TR;30;100.0;90.0;100;97;G4;1019;0.0;0.0
11388;1054TS;1054TS;30;100.0;100.0;100;90;G4;1667;0.0;0.0
11390;1054TT;1054TT;51;100.0;68.63;100;100;G4;1027;0.0;3.92
11392;1054TV;1054TV;29;100.0;100.0;100;97;G4;1320;0.0;0.0
11394;1054TW;1054TW;28;100.0;100.0;100;93;G4;1745;0.0;0.0
11396;1054TX;1054TX;54;100.0;98.15;100;98;G4;809;0.0;1.85
11398;1054TZ;1054TZ;34;100.0;91.18;100;94;G4;1067;0.0;0.0
11400;1054VA;1054VA;27;100.0;100.0;100;96;G4;1768;0.0;0.0
11402;1054VB;1054VB;32;100.0;100.0;100;88;G4;1122;0.0;3.13
11404;1054VC;1054VC;26;100.0;96.15;100;92;G4;1275;0.0;19.23
11406;1054VD;1054VD;21;100.0;100.0;100;100;G4;1059;0.0;0.0
11408;1054VE;1054VE;35;100.0;97.14;100;97;G4;2339;0.0;0.0
11410;1054VG;1054VG;28;100.0;100.0;100;100;G4;900;0.0;0.0
11412;1054VH;1054VH;34;100.0;100.0;100;97;G4;1302;0.0;14.71
11414;1054VJ;1054VJ;20;100.0;100.0;100;90;G4;974;0.0;0.0
11416;1054VK;1054VK;23;100.0;95.65;100;96;G4;1175;0.0;4.35
11418;1054VL;1054VL;17;100.0;94.12;100;94;G4;1437;0.0;5.88
11420;1054VM;1054VM;68;100.0;100.0;100;100;G4;783;0.0;1.47
11422;1054VN;1054VN;18;100.0;94.44;100;83;G4;1304;0.0;38.89
11424;1054VP;1054VP;42;100.0;80.95;100;100;G4;756;0.0;2.38
11426;1054VR;1054VR;32;100.0;100.0;100;100;G4;818;0.0;6.25
11428;1054VS;1054VS;20;100.0;100.0;100;100;G4;1148;0.0;10.0
11430;1054VT;1054VT;44;100.0;100.0;100;100;G4;928;0.0;0.0
11432;1054VV;1054VV;43;100.0;95.35;100;100;G4;1031;0.0;0.0
11434;1054VW;1054VW;40;100.0;97.5;100;98;G4;1142;0.0;0.0
11436;1054VX;1054VX;32;100.0;96.88;100;97;G4;896;0.0;0.0
11438;1054VZ;1054VZ;39;100.0;97.44;100;100;G4;1061;0.0;0.0
11440;1054WB;1054WB;54;100.0;96.3;100;100;G4;857;0.0;0.0
11442;1054WC;1054WC;44;100.0;97.73;100;100;G4;1042;0.0;4.55
11444;1054WD;1054WD;46;100.0;89.13;100;98;G4;1441;0.0;8.7
11446;1054WE;1054WE;47;100.0;91.49;100;98;G4;1046;0.0;2.13
11448;1054WG;1054WG;27;100.0;96.3;100;100;G4;1057;0.0;0.0
11450;1054WH;1054WH;41;100.0;95.12;100;95;G4;1452;0.0;2.44
11452;1054WJ;1054WJ;44;100.0;95.45;100;100;G4;1717;0.0;4.55
11454;1054WK;1054WK;44;100.0;100.0;100;100;G4;1861;0.0;0.0
11456;1054WL;1054WL;39;100.0;87.18;100;100;G4;905;0.0;0.0
11458;1054WN;1054WN;44;100.0;95.45;100;98;G4;852;0.0;0.0
11460;1054WP;1054WP;39;100.0;87.18;100;100;G4;1382;0.0;0.0
11462;1054WR;1054WR;35;100.0;94.29;100;94;G4;941;0.0;0.0
11464;1054WS;1054WS;50;100.0;92.0;100;96;G4;1033;0.0;16.0
11466;1054WT;1054WT;50;100.0;88.0;100;92;G4;1010;0.0;2.0
11468;1054WV;1054WV;43;100.0;93.02;100;100;G4;923;0.0;0.0
11470;1054WX;1054WX;48;100.0;91.67;100;98;G4;965;0.0;0.0
11472;1054WZ;1054WZ;51;100.0;96.08;100;98;G4;924;0.0;0.0
11474;1054XA;1054XA;69;100.0;76.81;100;87;G4;977;0.0;0.0
11476;1054XB;1054XB;62;100.0;72.58;100;74;G4;923;0.0;6.45
11478;1054XC;1054XC;47;100.0;93.62;100;96;G4;1029;0.0;6.38
11480;1054XD;1054XD;57;100.0;98.25;100;93;G4;983;0.0;0.0
11482;1054XE;1054XE;48;100.0;75.0;100;98;G4;947;0.0;0.0
11484;1054XG;1054XG;45;100.0;97.78;100;100;G4;920;0.0;0.0
11486;1054XH;1054XH;48;100.0;100.0;100;100;G4;1281;0.0;0.0
11488;1054XJ;1054XJ;45;100.0;93.33;100;98;G4;935;0.0;6.67
11490;1054XK;1054XK;35;100.0;97.14;100;100;G4;937;0.0;0.0
11492;1054XL;1054XL;48;100.0;83.33;100;96;G4;1570;0.0;16.67
11494;1054XM;1054XM;51;100.0;82.35;100;98;G4;905;0.0;0.0
11496;1054XN;1054XN;44;100.0;97.73;100;100;G4;909;0.0;0.0
11498;1054XP;1054XP;36;100.0;100.0;100;100;G4;972;0.0;0.0
11500;1054XR;1054XR;39;100.0;100.0;100;100;G4;1057;0.0;2.56
11502;1054XS;1054XS;41;100.0;100.0;100;100;G4;1029;0.0;0.0
11504;1054XT;1054XT;40;100.0;95.0;100;93;G4;1386;0.0;15.0
11506;1054XV;1054XV;30;100.0;96.67;100;87;G4;2150;0.0;13.33
11508;1054XW;1054XW;29;100.0;100.0;100;97;G4;1140;0.0;0.0
11510;1054XX;1054XX;37;100.0;86.49;100;97;G4;1577;0.0;0.0
11512;1054XZ;1054XZ;36;100.0;100.0;100;97;G4;1332;0.0;2.78
11514;1054ZA;1054ZA;41;100.0;97.56;100;95;G4;1173;0.0;12.2
11516;1054ZB;1054ZB;41;100.0;95.12;100;100;G4;971;0.0;14.63
11518;1054ZC;1054ZC;33;100.0;100.0;100;100;G4;1136;0.0;12.12
11520;1054ZD;1054ZD;28;100.0;92.86;100;79;G4;1946;0.0;35.71
11522;1054ZE;1054ZE;33;100.0;93.94;100;91;G4;1291;0.0;51.52
11524;1054ZG;1054ZG;28;100.0;96.43;100;96;G4;1427;0.0;25.0
11526;1054ZH;1054ZH;45;100.0;100.0;100;91;G4;1395;0.0;15.56
11528;1054ZJ;1054ZJ;59;100.0;100.0;100;100;G4;845;0.0;0.0
11530;1054ZK;1054ZK;33;100.0;100.0;100;100;G4;916;0.0;0.0
11532;1054ZL;1054ZL;29;100.0;100.0;100;97;G4;1087;0.0;0.0
11534;1054ZM;1054ZM;28;100.0;100.0;100;89;G4;1398;0.0;0.0
11536;1054ZN;1054ZN;46;100.0;97.83;100;93;G4;932;0.0;8.7
11538;1054ZP;1054ZP;59;100.0;52.54;100;97;G4;907;0.0;8.47
11540;1054ZR;1054ZR;39;100.0;87.18;100;100;G4;796;0.0;0.0
11542;1054ZS;1054ZS;41;100.0;95.12;100;100;G4;1071;0.0;4.88
11544;1054ZT;1054ZT;46;100.0;93.48;100;100;G4;903;0.0;0.0
11546;1054ZV;1054ZV;37;100.0;97.3;100;97;G4;1124;0.0;18.92
11548;1054ZW;1054ZW;55;100.0;85.45;100;96;G4;1143;0.0;14.55
11550;1055AA;1055AB;127;100.0;96.06;100;96;G4;926;0.0;6.3
11554;1055AD;1055AD;78;100.0;94.87;100;95;G4;1155;0.0;0.0
11557;1055AG;1055AJ;16;100.0;100.0;100;94;G4;1567;0.0;100.0
11561;1055AK;1055AK;98;100.0;100.0;100;100;G4;1314;0.0;4.08
11564;1055AM;1055AM;28;100.0;100.0;100;93;G4;938;0.0;82.14
11566;1055AN;1055AN;30;100.0;93.33;100;97;G4;1431;0.0;90.0
11568;1055AP;1055AP;28;100.0;100.0;100;96;G4;1094;0.0;89.29
11570;1055AR;1055AR;40;100.0;100.0;100;100;G4;976;0.0;100.0
11572;1055AS;1055AS;24;100.0;100.0;100;100;G4;997;0.0;83.33
11574;1055AT;1055AT;25;100.0;100.0;100;96;G4;1017;0.0;96.0
11576;1055AV;1055AV;24;100.0;100.0;100;100;G4;1115;0.0;91.67
11578;1055AW;1055AW;18;100.0;100.0;100;100;G4;1004;0.0;100.0
11580;1055AX;1055AX;24;100.0;100.0;100;100;G4;976;0.0;66.67
11582;1055AZ;1055AZ;16;100.0;100.0;100;100;G4;787;0.0;50.0
11584;1055BA;1055BA;28;100.0;100.0;100;100;G4;1191;0.0;96.43
11586;1055BB;1055BB;28;100.0;100.0;100;100;G4;1124;0.0;100.0
11588;1055BC;1055BC;24;100.0;95.83;100;96;G4;1147;0.0;95.83
11590;1055BD;1055BD;20;100.0;100.0;100;100;G4;948;0.0;95.0
11592;1055BE;1055BE;20;100.0;95.0;100;95;G4;967;0.0;100.0
11594;1055BG;1055BG;19;100.0;100.0;100;100;G4;1207;0.0;100.0
11596;1055BH;1055BH;24;100.0;100.0;100;100;G4;1266;0.0;100.0
11598;1055BJ;1055BM;46;100.0;95.65;100;96;G4;2323;0.0;82.61
11602;1055BN;1055BN;27;100.0;55.56;100;100;G4;1047;0.0;51.85
11604;1055BP;1055BP;28;100.0;71.43;100;100;G4;1002;0.0;57.14
11606;1055BR;1055BR;20;100.0;100.0;100;100;G4;1125;0.0;100.0
11608;1055BS;1055BS;22;100.0;100.0;100;100;G4;1052;0.0;90.91
11610;1055BT;1055BT;24;100.0;100.0;100;96;G4;1227;0.0;95.83
11612;1055BV;1055BV;24;100.0;100.0;100;100;G4;1081;0.0;91.67
11614;1055BW;1055BW;25;100.0;100.0;100;100;G4;1058;0.0;100.0
11616;1055BX;1055BX;20;100.0;100.0;100;100;G4;930;0.0;100.0
11618;1055BZ;1055BZ;22;100.0;100.0;100;100;G4;1019;0.0;86.36
11620;1055CA;1055CA;24;100.0;100.0;100;100;G4;1148;0.0;100.0
11622;1055CB;1055CB;24;100.0;100.0;100;100;G4;1062;0.0;100.0
11624;1055CC;1055CC;25;100.0;100.0;100;96;G4;1130;0.0;96.0
11626;1055CD;1055CD;24;100.0;100.0;100;100;G4;877;0.0;83.33
11628;1055CE;1055CE;23;100.0;100.0;100;100;G4;1087;0.0;95.65
11630;1055CG;1055CG;24;100.0;100.0;100;96;G4;1012;0.0;91.67
11632;1055CH;1055CH;36;100.0;33.33;100;100;G4;1251;0.0;19.44
11634;1055CJ;1055CJ;36;100.0;33.33;100;100;G4;1203;0.0;33.33
11636;1055CK;1055CK;27;100.0;96.3;100;81;G4;2185;0.0;70.37
11638;1055CL;1055CL;34;100.0;73.53;100;74;G4;1143;0.0;0.0
11640;1055CM;1055CM;16;100.0;93.75;100;94;G4;1525;0.0;0.0
11642;1055CN;1055CN;19;100.0;100.0;100;100;G4;990;0.0;0.0
11644;1055CP;1055CP;24;100.0;100.0;100;100;G4;897;0.0;33.33
11646;1055CR;1055CR;22;100.0;100.0;100;100;G4;815;0.0;0.0
11648;1055CS;1055CS;20;100.0;100.0;100;100;G4;1082;0.0;0.0
11650;1055CT;1055CT;24;100.0;100.0;100;96;G4;1003;0.0;0.0
11652;1055CV;1055CV;24;100.0;100.0;100;100;G4;955;0.0;0.0
11654;1055CW;1055CW;14;100.0;100.0;100;93;G4;977;0.0;0.0
11656;1055CX;1055CX;20;100.0;100.0;100;100;G4;1253;0.0;25.0
11658;1055CZ;1055CZ;24;100.0;100.0;100;83;G4;1130;0.0;16.67
11660;1055DA;1055DA;24;100.0;100.0;100;100;G4;892;0.0;20.83
11662;1055DB;1055DB;14;100.0;100.0;100;93;G4;1076;0.0;14.29
11664;1055DC;1055DC;26;100.0;100.0;100;96;G4;910;0.0;7.69
11666;1055DD;1055DD;24;100.0;100.0;100;100;G4;963;0.0;0.0
11668;1055DE;1055DE;24;100.0;100.0;100;100;G4;901;0.0;0.0
11670;1055DG;1055DG;20;100.0;100.0;100;100;G4;1095;0.0;0.0
11672;1055DH;1055DH;20;100.0;100.0;100;95;G4;1153;0.0;0.0
11674;1055DJ;1055DJ;20;100.0;100.0;100;100;G4;972;0.0;0.0
11676;1055DK;1055DK;67;100.0;98.51;100;99;G4;1045;0.0;11.94
11678;1055DL;1055DL;23;100.0;100.0;100;100;G4;86;0.0;0.0
11680;1055DM;1055DM;24;100.0;100.0;100;100;G4;66;0.0;0.0
11682;1055DN;1055DN;24;100.0;100.0;100;100;G4;38;0.0;0.0
11684;1055DP;1055DP;33;100.0;96.97;100;91;G4;1360;0.0;0.0
11686;1055DR;1055DR;39;100.0;100.0;100;95;G4;1674;0.0;23.08
11688;1055DS;1055DS;37;100.0;100.0;100;95;G4;923;0.0;0.0
11690;1055DT;1055DT;28;100.0;96.43;100;68;G4;4135;0.0;3.57
11692;1055DV;1055DV;29;100.0;100.0;100;90;G4;1474;0.0;0.0
11694;1055DW;1055DW;23;100.0;100.0;100;91;G4;1595;0.0;4.35
11696;1055DX;1055DX;26;100.0;100.0;100;88;G4;1534;0.0;15.38
11698;1055DZ;1055DZ;23;100.0;100.0;100;87;G4;1580;0.0;0.0
11700;1055EA;1055EA;28;100.0;100.0;100;89;G4;1544;0.0;17.86
11702;1055EB;1055EB;94;100.0;95.74;100;95;G4;1012;0.0;8.51
11704;1055EC;1055EC;64;100.0;100.0;100;97;G4;918;0.0;1.56
11706;1055ED;1055ED;49;100.0;100.0;100;90;G4;921;0.0;0.0
11708;1055EE;1055EE;42;100.0;97.62;100;95;G4;1213;0.0;0.0
11710;1055EG;1055EG;24;100.0;100.0;100;88;G4;1346;0.0;0.0
11712;1055EH;1055EH;27;100.0;100.0;100;81;G4;1316;0.0;0.0
11714;1055EJ;1055EJ;15;100.0;100.0;100;93;G4;2661;0.0;26.67
11716;1055EK;1055EK;75;100.0;96.0;100;92;G4;1443;0.0;2.67
11718;1055EL;1055EL;29;100.0;100.0;100;100;G4;951;0.0;0.0
11720;1055EM;1055EM;24;100.0;100.0;100;96;G4;1005;0.0;0.0
11722;1055EN;1055EN;29;100.0;96.55;100;97;G4;1557;0.0;27.59
11724;1055EP;1055EP;28;100.0;100.0;100;96;G4;927;0.0;96.43
11726;1055ER;1055ER;28;100.0;100.0;100;100;G4;863;0.0;89.29
11728;1055ES;1055ES;24;100.0;100.0;100;100;G4;913;0.0;100.0
11730;1055ET;1055ET;22;100.0;95.45;100;95;G4;1123;0.0;95.45
11733;1055EW;1055EW;41;100.0;100.0;100;100;G4;1210;0.0;100.0
11735;1055EX;1055EX;30;100.0;93.33;100;93;G4;712;0.0;80.0
11737;1055EZ;1055EZ;16;100.0;100.0;100;100;G4;1048;0.0;87.5
11739;1055GA;1055GA;28;100.0;100.0;100;96;G4;946;0.0;100.0
11741;1055GB;1055GB;28;100.0;100.0;100;100;G4;1075;0.0;92.86
11743;1055GC;1055GC;28;100.0;100.0;100;93;G4;889;0.0;89.29
11745;1055GD;1055GD;29;100.0;100.0;100;97;G4;981;0.0;96.55
11747;1055GE;1055GE;29;100.0;96.55;100;97;G4;1024;0.0;96.55
11749;1055GG;1055GG;24;100.0;100.0;100;100;G4;986;0.0;100.0
11751;1055GH;1055GH;22;100.0;100.0;100;100;G4;742;0.0;77.27
11753;1055GJ;1055GJ;24;100.0;100.0;100;100;G4;1254;0.0;0.0
11755;1055GK;1055GK;24;100.0;100.0;100;100;G4;1018;0.0;95.83
11757;1055GL;1055GL;21;100.0;100.0;100;100;G4;1159;0.0;80.95
11759;1055GM;1055GM;24;100.0;100.0;100;92;G4;1058;0.0;100.0
11761;1055GN;1055GN;24;100.0;100.0;100;88;G4;1149;0.0;83.33
11763;1055GP;1055GP;24;100.0;100.0;100;96;G4;1377;0.0;91.67
11765;1055GR;1055GR;24;100.0;100.0;100;96;G4;1184;0.0;100.0
11767;1055GS;1055GS;24;100.0;100.0;100;96;G4;1327;0.0;100.0
11769;1055GT;1055GT;24;100.0;100.0;100;100;G4;1148;0.0;100.0
11771;1055GV;1055GV;23;100.0;100.0;100;96;G4;1171;0.0;65.22
11773;1055GW;1055GW;23;100.0;100.0;100;100;G4;1276;0.0;95.65
11775;1055GX;1055GX;20;100.0;100.0;100;100;G4;1219;0.0;90.0
11777;1055GZ;1055GZ;19;100.0;100.0;100;100;G4;1390;0.0;100.0
11779;1055HA;1055HA;30;100.0;100.0;100;100;G4;1456;0.0;100.0
11781;1055HB;1055HB;28;100.0;100.0;100;100;G4;952;0.0;100.0
11783;1055HC;1055HC;25;100.0;100.0;100;100;G4;1027;0.0;76.0
11785;1055HD;1055HD;16;100.0;100.0;100;100;G4;1398;0.0;100.0
11787;1055HE;1055HE;24;100.0;100.0;100;96;G4;1517;0.0;100.0
11789;1055HG;1055HG;16;100.0;100.0;100;100;G4;1489;0.0;100.0
11791;1055HH;1055HH;24;100.0;100.0;100;100;G4;1522;0.0;100.0
11793;1055HJ;1055HJ;21;100.0;100.0;100;86;G4;1005;0.0;100.0
11795;1055HK;1055HK;21;100.0;100.0;100;100;G4;1009;0.0;100.0
11797;1055HL;1055HL;19;100.0;100.0;100;100;G4;1067;0.0;100.0
11799;1055HM;1055HM;24;100.0;100.0;100;100;G4;864;0.0;100.0
11801;1055HN;1055HN;24;100.0;100.0;100;100;G4;938;0.0;100.0
11803;1055HP;1055HP;24;100.0;100.0;100;96;G4;929;0.0;100.0
11805;1055HR;1055HR;24;100.0;100.0;100;92;G4;989;0.0;100.0
11807;1055HS;1055HS;24;100.0;100.0;100;100;G4;1139;0.0;95.83
11809;1055HT;1055HT;24;100.0;100.0;100;100;G4;889;0.0;95.83
11811;1055HV;1055HV;24;100.0;100.0;100;100;G4;926;0.0;95.83
11813;1055HW;1055HW;25;100.0;100.0;100;100;G4;1143;0.0;100.0
11815;1055HX;1055HX;28;100.0;100.0;100;100;G4;834;0.0;100.0
11817;1055HZ;1055HZ;28;100.0;100.0;100;100;G4;865;0.0;100.0
11819;1055JA;1055JA;24;100.0;100.0;100;96;G4;1000;0.0;100.0
11821;1055JB;1055JB;28;100.0;100.0;100;100;G4;1108;0.0;100.0
11823;1055JC;1055JC;28;100.0;100.0;100;100;G4;894;0.0;100.0
11825;1055JD;1055JD;28;100.0;100.0;100;100;G4;1126;0.0;92.86
11827;1055JE;1055JE;27;100.0;100.0;100;93;G4;3251;0.0;3.7
11829;1055JG;1055JG;24;100.0;100.0;100;100;G4;1245;0.0;95.83
11831;1055JH;1055JH;28;100.0;96.43;100;96;G4;1040;0.0;0.0
11833;1055JJ;1055JJ;24;100.0;100.0;100;96;G4;1156;0.0;33.33
11835;1055JK;1055JK;24;100.0;100.0;100;96;G4;1288;0.0;0.0
11837;1055JL;1055JL;19;100.0;100.0;100;100;G4;1155;0.0;0.0
11839;1055JM;1055JM;28;100.0;100.0;100;93;G4;1185;0.0;0.0
11841;1055JN;1055JN;28;100.0;100.0;100;93;G4;1252;0.0;0.0
11843;1055JP;1055JP;24;100.0;100.0;100;96;G4;1241;0.0;4.17
11845;1055JR;1055JS;25;100.0;100.0;100;88;G4;1791;0.0;48.0
11847;1055JT;1055JT;24;100.0;100.0;100;100;G4;1531;0.0;50.0
11849;1055JV;1055JV;28;100.0;100.0;100;100;G4;1249;0.0;0.0
11851;1055JW;1055JW;25;100.0;100.0;100;100;G4;1201;0.0;0.0
11853;1055JX;1055JX;25;100.0;96.0;100;96;G4;1666;0.0;64.0
11855;1055JZ;1055JZ;15;100.0;100.0;100;100;G4;1522;0.0;0.0
11857;1055KA;1055KB;16;100.0;100.0;100;81;G4;3151;0.0;0.0
11860;1055KC;1055KC;24;100.0;95.83;100;58;G4;1687;0.0;20.83
11862;1055KD;1055KD;26;100.0;96.15;100;92;G4;1236;0.0;23.08
11864;1055KE;1055KE;15;100.0;100.0;100;100;G4;890;0.0;100.0
11866;1055KG;1055KG;18;100.0;100.0;100;94;G4;1342;0.0;33.33
11868;1055KH;1055KH;18;100.0;100.0;100;94;G4;1628;0.0;0.0
11870;1055KJ;1055KK;33;100.0;100.0;100;88;G4;1310;0.0;0.0
11873;1055KL;1055KL;24;100.0;100.0;100;88;G4;1055;0.0;16.67
11875;1055KM;1055KM;24;100.0;100.0;100;100;G4;1125;0.0;0.0
11877;1055KN;1055KN;27;100.0;100.0;100;100;G4;1147;0.0;7.41
11879;1055KP;1055KP;24;100.0;100.0;100;100;G4;1233;0.0;0.0
11881;1055KR;1055KR;24;100.0;100.0;100;100;G4;1183;0.0;0.0
11883;1055KS;1055KS;24;100.0;100.0;100;92;G4;1176;0.0;4.17
11885;1055KT;1055KT;27;100.0;100.0;100;96;G4;1093;0.0;0.0
11887;1055KW;1055KW;13;100.0;100.0;100;92;G4;1471;0.0;92.31
11889;1055KX;1055KX;24;100.0;100.0;100;96;G4;1329;0.0;66.67
11891;1055KZ;1055KZ;24;100.0;100.0;100;96;G4;1070;0.0;100.0
11893;1055LA;1055LA;24;100.0;100.0;100;88;G4;998;0.0;83.33
11895;1055LB;1055LB;24;100.0;100.0;100;100;G4;1379;0.0;66.67
11897;1055LC;1055LC;24;100.0;100.0;100;96;G4;929;0.0;16.67
11899;1055LD;1055LD;16;100.0;100.0;100;100;G4;1244;0.0;50.0
11901;1055LE;1055LE;48;100.0;50.0;100;98;G4;918;0.0;0.0
11903;1055LG;1055LG;50;100.0;48.0;100;82;G4;977;0.0;0.0
11905;1055LH;1055LH;48;100.0;50.0;100;52;G4;1057;0.0;4.17
11907;1055LJ;1055LJ;48;100.0;47.92;100;50;G4;1144;0.0;0.0
11909;1055LK;1055LK;16;100.0;100.0;100;94;G4;1025;0.0;0.0
11911;1055LL;1055LL;24;100.0;100.0;100;100;G4;903;0.0;0.0
11913;1055LM;1055LM;24;100.0;100.0;100;92;G4;998;0.0;0.0
11915;1055LN;1055LN;17;100.0;100.0;100;94;G4;1467;0.0;0.0
11917;1055LP;1055LP;44;100.0;56.82;100;98;G4;1251;0.0;11.36
11919;1055LR;1055LR;27;100.0;100.0;100;96;G4;1418;0.0;0.0
11921;1055LS;1055LS;27;100.0;96.3;100;96;G4;1138;0.0;18.52
11923;1055LT;1055LT;29;100.0;100.0;100;76;G4;1842;0.0;0.0
11925;1055LV;1055LV;33;100.0;96.97;100;88;G4;1266;0.0;0.0
11927;1055LW;1055LW;40;100.0;100.0;100;95;G4;1302;0.0;0.0
11929;1055LX;1055LX;38;100.0;100.0;100;95;G4;1331;0.0;23.68
11931;1055LZ;1055LZ;34;100.0;97.06;100;94;G4;1238;0.0;0.0
11933;1055MA;1055MA;44;100.0;97.73;100;95;G4;1161;0.0;13.64
11935;1055MB;1055MB;40;100.0;92.5;100;95;G4;1121;0.0;2.5
11937;1055MC;1055MC;32;100.0;100.0;100;97;G4;1251;0.0;0.0
11939;1055MD;1055MD;32;100.0;100.0;100;91;G4;968;0.0;9.38
11941;1055ME;1055ME;28;100.0;100.0;100;89;G4;1210;0.0;3.57
11943;1055MG;1055MG;30;100.0;100.0;100;97;G4;1057;0.0;0.0
11945;1055MH;1055MH;33;100.0;100.0;100;97;G4;1137;0.0;3.03
11947;1055MJ;1055MJ;38;100.0;94.74;100;95;G4;1018;0.0;21.05
11949;1055MK;1055MK;32;100.0;96.88;100;88;G4;1776;0.0;0.0
11951;1055ML;1055ML;30;100.0;100.0;100;93;G4;2059;0.0;0.0
11953;1055MN;1055MN;32;100.0;100.0;100;97;G4;1178;0.0;3.13
11955;1055MP;1055MP;24;100.0;100.0;100;96;G4;1281;0.0;0.0
11957;1055MR;1055MR;34;100.0;100.0;100;100;G4;1374;0.0;2.94
11959;1055MS;1055MS;25;100.0;100.0;100;100;G4;1022;0.0;4.0
11961;1055MT;1055MT;24;100.0;100.0;100;96;G4;976;0.0;0.0
11963;1055MV;1055MV;17;100.0;100.0;100;100;G4;854;0.0;0.0
11965;1055MX;1055MX;21;100.0;100.0;100;100;G4;838;0.0;0.0
11967;1055MZ;1055MZ;32;100.0;100.0;100;94;G4;1424;0.0;0.0
11969;1055NA;1055NA;40;100.0;100.0;100;93;G4;1140;0.0;0.0
11971;1055NB;1055NB;39;100.0;100.0;100;92;G4;1164;0.0;10.26
11973;1055NC;1055NC;36;100.0;97.22;100;97;G4;1072;0.0;0.0
11975;1055ND;1055ND;32;100.0;96.88;100;78;G4;2056;0.0;0.0
11977;1055NE;1055NE;38;100.0;97.37;100;97;G4;1219;0.0;39.47
11979;1055NG;1055NG;32;100.0;100.0;100;97;G4;1420;0.0;0.0
11981;1055NH;1055NH;35;100.0;100.0;100;91;G4;1767;0.0;11.43
11983;1055NJ;1055NJ;31;100.0;100.0;100;100;G4;1062;0.0;3.23
11985;1055NK;1055NK;27;100.0;100.0;100;93;G4;1183;0.0;0.0
11987;1055NL;1055NL;24;100.0;95.83;100;92;G4;925;0.0;8.33
11989;1055NM;1055NM;23;100.0;100.0;100;100;G4;912;0.0;21.74
11991;1055NN;1055NN;25;100.0;100.0;100;100;G4;1132;0.0;0.0
11993;1055NP;1055NP;24;100.0;100.0;100;100;G4;1041;0.0;0.0
11995;1055NR;1055NR;24;100.0;100.0;100;100;G4;1068;0.0;0.0
11997;1055NS;1055NS;27;100.0;100.0;100;93;G4;1181;0.0;0.0
11999;1055NT;1055NT;20;100.0;100.0;100;100;G4;1030;0.0;20.0
12001;1055NV;1055NV;20;100.0;100.0;100;100;G4;933;0.0;0.0
12003;1055NW;1055NW;24;100.0;100.0;100;100;G4;1117;0.0;0.0
12005;1055NX;1055NX;23;100.0;100.0;100;100;G4;961;0.0;0.0
12007;1055NZ;1055NZ;16;100.0;100.0;100;100;G4;1067;0.0;0.0
12009;1055PA;1055PA;24;100.0;100.0;100;100;G4;946;0.0;4.17
12011;1055PB;1055PB;14;100.0;100.0;100;100;G4;930;0.0;0.0
12013;1055PC;1055PC;21;100.0;100.0;100;100;G4;1012;0.0;57.14
12015;1055PD;1055PD;21;100.0;100.0;100;100;G4;1020;0.0;4.76
12017;1055PE;1055PE;30;100.0;100.0;100;93;G4;1661;0.0;16.67
12019;1055PG;1055PG;21;100.0;100.0;100;100;G4;1068;0.0;0.0
12021;1055PH;1055PH;24;100.0;100.0;100;100;G4;1138;0.0;25.0
12023;1055PJ;1055PJ;18;100.0;100.0;100;100;G4;972;0.0;0.0
12025;1055PK;1055PK;84;100.0;98.81;100;100;G4;760;0.0;1.19
12027;1055PL;1055PL;33;100.0;100.0;100;91;G4;1324;0.0;3.03
12029;1055PM;1055PM;24;100.0;100.0;100;100;G4;1051;0.0;20.83
12031;1055PN;1055PN;22;100.0;100.0;100;100;G4;990;0.0;9.09
12033;1055PP;1055PP;24;100.0;100.0;100;100;G4;1028;0.0;0.0
12035;1055PR;1055PR;24;100.0;100.0;100;100;G4;1335;0.0;33.33
12037;1055PS;1055PS;17;100.0;94.12;100;88;G4;1257;0.0;0.0
12039;1055PT;1055PT;28;100.0;100.0;100;100;G4;726;0.0;0.0
12041;1055PV;1055PV;28;100.0;100.0;100;100;G4;526;0.0;0.0
12043;1055PW;1055PW;28;100.0;100.0;100;100;G4;606;0.0;0.0
12045;1055PX;1055PX;28;100.0;100.0;100;100;G4;758;0.0;0.0
12047;1055PZ;1055PZ;25;100.0;100.0;100;100;G4;845;0.0;0.0
12049;1055RA;1055RA;19;100.0;100.0;100;95;G4;1046;0.0;42.11
12051;1055RB;1055RB;44;100.0;100.0;100;100;G4;986;0.0;2.27
12053;1055RC;1055RC;34;100.0;100.0;100;100;G4;970;0.0;0.0
12055;1055RD;1055RD;31;100.0;100.0;100;90;G4;354;0.0;3.23
12057;1055RE;1055RE;13;100.0;100.0;100;100;G4;1611;0.0;0.0
12059;1055RG;1055RG;22;100.0;100.0;100;100;G4;1472;0.0;100.0
12061;1055RH;1055RH;24;100.0;100.0;100;100;G4;895;0.0;83.33
12063;1055RJ;1055RJ;24;100.0;100.0;100;100;G4;1198;0.0;100.0
12065;1055RK;1055RK;16;100.0;100.0;100;88;G4;1214;0.0;100.0
12067;1055RL;1055RL;16;100.0;100.0;100;100;G4;991;0.0;100.0
12069;1055RM;1055RM;63;100.0;100.0;100;98;G4;964;0.0;0.0
12071;1055RN;1055RN;52;100.0;100.0;100;100;G4;957;0.0;7.69
12073;1055RP;1055RP;20;100.0;100.0;100;95;G4;204;0.0;5.0
12075;1055RR;1055RR;24;100.0;100.0;100;100;G4;72;0.0;0.0
12077;1055RS;1055RS;24;100.0;100.0;100;100;G4;45;0.0;0.0
12079;1055RT;1055RT;16;100.0;100.0;100;100;G4;27;0.0;0.0
12081;1055RV;1055RV;28;100.0;100.0;100;43;G4;4343;0.0;10.71
12083;1055RX;1055RX;26;100.0;92.31;100;85;G4;3586;0.0;3.85
12085;1055RZ;1055RZ;40;100.0;92.5;100;98;G4;575;0.0;2.5
12087;1055SB;1055SC;112;100.0;99.11;100;96;G4;1067;0.0;2.68
12089;1055SN;1055SN;24;100.0;100.0;100;100;G4;1116;0.0;0.0
12091;1055SP;1055SP;24;100.0;95.83;100;92;G4;882;0.0;0.0
12093;1055SR;1055SR;24;100.0;100.0;100;96;G4;907;0.0;0.0
12095;1055ST;1055ST;17;100.0;100.0;100;88;G4;1614;0.0;0.0
12097;1055SV;1055SV;24;100.0;100.0;100;100;G4;1112;0.0;0.0
12099;1055SW;1055SW;24;100.0;100.0;100;96;G4;875;0.0;16.67
12101;1055SX;1055SX;15;100.0;100.0;100;100;G4;1007;0.0;0.0
12103;1055SZ;1055SZ;16;100.0;100.0;100;100;G4;1074;0.0;0.0
12105;1055TA;1055TA;25;100.0;100.0;100;96;G4;1744;0.0;0.0
12107;1055TB;1055TB;24;100.0;95.83;100;100;G4;1160;0.0;0.0
12109;1055TC;1055TC;24;100.0;100.0;100;100;G4;987;0.0;0.0
12111;1055TD;1055TD;23;100.0;100.0;100;96;G4;1170;0.0;17.39
12113;1055TE;1055TE;24;100.0;100.0;100;96;G4;1276;0.0;0.0
12115;1055TG;1055TG;24;100.0;100.0;100;92;G4;1031;0.0;16.67
12117;1055TH;1055TH;24;100.0;100.0;100;100;G4;994;0.0;0.0
12119;1055TJ;1055TJ;24;100.0;100.0;100;100;G4;964;0.0;0.0
12121;1055TK;1055TK;83;100.0;97.59;100;99;G4;982;0.0;10.84
12123;1055TL;1055TL;55;100.0;98.18;100;100;G4;810;0.0;0.0
12125;1055TM;1055TM;43;100.0;97.67;100;98;G4;1138;0.0;0.0
12127;1055TN;1055TN;36;100.0;100.0;100;100;G4;1041;0.0;8.33
12129;1055TP;1055TP;31;100.0;96.77;100;100;G4;1136;0.0;0.0
12131;1055TR;1055TR;63;100.0;100.0;100;100;G4;896;0.0;1.59
12133;1055TS;1055TS;70;100.0;100.0;100;99;G4;894;0.0;0.0
12135;1055TT;1055TT;29;100.0;82.76;100;97;G4;990;0.0;0.0
12137;1055TV;1055TV;21;100.0;100.0;100;100;G4;926;0.0;0.0
12139;1055TW;1055TW;22;100.0;95.45;100;95;G4;785;0.0;0.0
12141;1055TX;1055TX;24;100.0;100.0;100;100;G4;734;0.0;0.0
12143;1055TZ;1055TZ;20;100.0;100.0;100;100;G4;721;0.0;5.0
12145;1055VA;1055VA;20;100.0;100.0;100;100;G4;831;0.0;0.0
12147;1055VB;1055VB;50;100.0;46.0;100;54;G6;732;0.0;0.0
12149;1055VC;1055VC;46;100.0;47.83;100;54;G6;880;0.0;0.0
12151;1055VD;1055VD;19;100.0;100.0;100;100;G4;718;0.0;0.0
12153;1055VE;1055VE;23;100.0;100.0;100;83;G4;2869;0.0;17.39
12155;1055VG;1055VG;38;100.0;100.0;100;95;G4;1166;0.0;0.0
12157;1055VH;1055VH;24;100.0;100.0;100;96;G4;831;0.0;4.17
12159;1055VJ;1055VJ;38;100.0;100.0;100;97;G4;1006;0.0;21.05
12161;1055VK;1055VK;24;100.0;100.0;100;100;G4;1027;0.0;4.17
12163;1055VL;1055VL;20;100.0;95.0;100;100;G4;930;0.0;0.0
12165;1055VM;1055VM;24;100.0;100.0;100;100;G4;1093;0.0;0.0
12167;1055VN;1055VN;24;100.0;100.0;100;100;G4;1007;0.0;0.0
12169;1055VP;1055VP;26;100.0;100.0;100;96;G4;1240;0.0;3.85
12171;1055VR;1055VR;24;100.0;100.0;100;100;G4;481;0.0;8.33
12173;1055VS;1055VS;44;100.0;54.55;100;75;G4;611;0.0;0.0
12175;1055VT;1055VT;46;100.0;47.83;100;48;G4;773;0.0;0.0
12177;1055VV;1055VV;51;100.0;47.06;100;53;G6;758;0.0;0.0
12179;1055VW;1055VW;45;100.0;46.67;100;53;G6;757;0.0;0.0
12181;1055VX;1055VX;52;100.0;44.23;100;65;G4;780;0.0;0.0
12183;1055VZ;1055VZ;45;100.0;46.67;100;67;G4;819;0.0;0.0
12185;1055WB;1055WB;50;100.0;46.0;100;94;G4;759;0.0;0.0
12187;1055WC;1055WC;48;100.0;45.83;100;60;G4;1148;0.0;0.0
12189;1055WD;1055WD;24;100.0;100.0;100;100;G4;824;0.0;0.0
12191;1055WE;1055WE;24;100.0;100.0;100;100;G4;600;0.0;4.17
12193;1055WG;1055WG;24;100.0;100.0;100;100;G4;708;0.0;0.0
12195;1055WH;1055WH;24;100.0;100.0;100;100;G4;593;0.0;0.0
12197;1055WJ;1055WJ;24;100.0;100.0;100;100;G4;645;0.0;0.0
12199;1055WK;1055WK;42;100.0;42.86;100;57;G6;810;0.0;0.0
12201;1055WL;1055WL;41;100.0;43.9;100;56;G6;817;0.0;0.0
12203;1055WN;1055WN;22;100.0;100.0;100;100;G4;990;0.0;0.0
12205;1055WP;1055WP;24;100.0;100.0;100;96;G4;957;0.0;0.0
12207;1055WR;1055WR;24;100.0;100.0;100;96;G4;886;0.0;4.17
12209;1055WS;1055WS;16;100.0;100.0;100;100;G4;808;0.0;0.0
12211;1055WT;1055WT;35;100.0;28.57;100;100;G4;217;0.0;0.0
12213;1055WV;1055WV;42;100.0;42.86;100;100;G4;112;0.0;0.0
12215;1055WX;1055WX;40;100.0;35.0;100;100;G4;118;0.0;0.0
12217;1055WZ;1055WZ;41;100.0;39.02;100;100;G4;121;0.0;0.0
12219;1055XA;1055XA;42;100.0;42.86;100;100;G4;119;0.0;0.0
12221;1055XB;1055XB;30;100.0;46.67;100;100;G4;56;0.0;0.0
12223;1055XC;1055XC;40;100.0;15.0;100;100;G4;586;0.0;0.0
12225;1055XD;1055XD;40;100.0;40.0;100;100;G4;388;0.0;0.0
12227;1055XE;1055XE;42;100.0;38.1;100;100;G4;376;0.0;42.86
12229;1055XG;1055XG;30;100.0;40.0;100;97;G4;262;0.0;20.0
12231;1055XH;1055XH;36;100.0;44.44;100;100;G4;453;0.0;44.44
12233;1055XJ;1055XJ;22;100.0;100.0;100;100;G4;1197;0.0;4.55
12235;1055XK;1055XK;24;100.0;100.0;100;100;G4;1069;0.0;0.0
12237;1055XL;1055XL;24;100.0;100.0;100;100;G4;1037;0.0;0.0
12239;1055XM;1055XM;16;100.0;100.0;100;100;G4;874;0.0;0.0
12241;1055XN;1055XN;16;100.0;100.0;100;100;G4;1190;0.0;6.25
12243;1055XP;1055XP;44;100.0;100.0;100;98;G4;1351;0.0;2.27
12245;1055XR;1055XR;48;100.0;100.0;100;100;G4;861;0.0;0.0
12247;1055XS;1055XS;49;100.0;100.0;100;100;G4;932;0.0;0.0
12249;1055XT;1055XT;55;100.0;100.0;100;100;G4;894;0.0;1.82
12251;1055XV;1055XV;24;100.0;100.0;100;100;G4;996;0.0;0.0
12253;1055XW;1055XW;24;100.0;100.0;100;100;G4;1057;0.0;0.0
12255;1055XX;1055XX;28;100.0;100.0;100;100;G4;1112;0.0;0.0
12257;1055XZ;1055XZ;40;100.0;100.0;100;98;G4;757;0.0;0.0
12259;1055ZA;1055ZA;28;100.0;96.43;100;96;G4;943;0.0;3.57
12261;1055ZB;1055ZB;24;100.0;100.0;100;100;G4;1312;0.0;0.0
12263;1055ZC;1055ZC;24;100.0;100.0;100;100;G4;1236;0.0;0.0
12265;1055ZD;1055ZD;24;100.0;100.0;100;100;G4;1043;0.0;0.0
12267;1055ZE;1055ZE;24;100.0;100.0;100;100;G4;885;0.0;4.17
12269;1055ZG;1055ZG;24;100.0;100.0;100;100;G4;998;0.0;4.17
12271;1055ZH;1055ZH;24;100.0;100.0;100;96;G4;1040;0.0;0.0
12273;1055ZJ;1055ZJ;28;100.0;100.0;100;100;G4;1092;0.0;14.29
12275;1055ZK;1055ZK;24;100.0;100.0;100;92;G4;1057;0.0;33.33
12277;1055ZL;1055ZL;23;100.0;100.0;100;100;G4;1089;0.0;0.0
12279;1055ZM;1055ZM;24;100.0;100.0;100;100;G4;898;0.0;0.0
12281;1055ZN;1055ZN;23;100.0;95.65;100;100;G4;1041;0.0;0.0
12283;1055ZP;1055ZP;22;100.0;90.91;100;100;G4;1032;0.0;0.0
12285;1055ZR;1055ZR;39;100.0;100.0;100;100;G4;706;0.0;5.13
12287;1055ZS;1055ZS;63;100.0;100.0;100;98;G4;851;0.0;0.0
12289;1055ZT;1055ZT;64;100.0;98.44;100;98;G4;926;0.0;1.56
12291;1055ZV;1055ZV;30;100.0;100.0;100;100;G4;969;0.0;0.0
12293;1055ZW;1055ZW;31;100.0;100.0;100;100;G4;1040;0.0;3.23
12295;1055ZX;1055ZX;30;100.0;100.0;100;100;G4;1103;0.0;0.0
12297;1055ZZ;1055ZZ;31;100.0;100.0;100;100;G4;1085;0.0;19.35
12298;1056AA;1056AC;25;100.0;96.0;100;84;G4;5500;0.0;4.0
12301;1056AD;1056AD;20;100.0;100.0;100;90;G4;1464;0.0;0.0
12303;1056AE;1056AE;24;100.0;100.0;100;92;G4;1291;0.0;0.0
12305;1056AG;1056AG;20;100.0;100.0;100;95;G4;1318;0.0;0.0
12307;1056AH;1056AH;20;100.0;100.0;100;100;G4;1277;0.0;0.0
12309;1056AJ;1056AJ;20;100.0;100.0;100;100;G4;1255;0.0;35.0
12311;1056AK;1056AK;20;100.0;100.0;100;90;G4;1397;0.0;0.0
12313;1056AL;1056AL;20;100.0;100.0;100;90;G4;1277;0.0;0.0
12315;1056AM;1056AN;22;100.0;95.45;100;95;G4;1971;0.0;0.0
12318;1056AP;1056AP;18;100.0;100.0;100;100;G4;716;0.0;0.0
12320;1056AR;1056AR;18;100.0;100.0;100;100;G4;786;0.0;0.0
12322;1056AS;1056AT;29;100.0;100.0;100;90;G4;1678;0.0;13.79
12324;1056AV;1056AV;24;100.0;100.0;100;92;G4;1510;0.0;0.0
12326;1056AW;1056AW;18;100.0;100.0;100;94;G4;2228;0.0;11.11
12328;1056AX;1056AX;21;100.0;100.0;100;100;G4;1250;0.0;0.0
12330;1056AZ;1056AZ;24;100.0;95.83;100;88;G4;2624;0.0;0.0
12332;1056BA;1056BA;23;100.0;100.0;100;100;G4;1067;0.0;34.78
12334;1056BB;1056BB;31;100.0;100.0;100;100;G4;1053;0.0;38.71
12336;1056BC;1056BC;20;100.0;100.0;100;95;G4;1263;0.0;0.0
12338;1056BD;1056BD;20;100.0;100.0;100;100;G4;1265;0.0;55.0
12340;1056BE;1056BE;20;100.0;100.0;100;100;G4;1154;0.0;80.0
12342;1056BG;1056BG;21;100.0;100.0;100;100;G4;1131;0.0;61.9
12344;1056BH;1056BH;21;100.0;95.24;100;71;G4;1461;0.0;0.0
12346;1056BJ;1056BJ;26;100.0;100.0;100;85;G4;1199;0.0;3.85
12348;1056BK;1056BK;42;100.0;97.62;100;88;G4;2515;0.0;33.33
12350;1056BL;1056BL;19;100.0;100.0;100;100;G4;1147;0.0;94.74
12352;1056BM;1056BM;17;100.0;94.12;100;88;G4;1184;0.0;47.06
12354;1056BN;1056BN;20;100.0;100.0;100;100;G4;1256;0.0;40.0
12356;1056BP;1056BP;20;100.0;100.0;100;85;G4;1266;0.0;95.0
12358;1056BR;1056BR;20;100.0;100.0;100;100;G4;1219;0.0;75.0
12360;1056BS;1056BS;30;100.0;100.0;100;97;G4;1223;0.0;73.33
12362;1056BT;1056BT;25;100.0;100.0;100;96;G4;994;0.0;96.0
12364;1056BV;1056BV;24;100.0;100.0;100;100;G4;950;0.0;45.83
12366;1056BW;1056BW;37;100.0;100.0;100;100;G4;980;0.0;89.19
12368;1056BX;1056BX;40;100.0;100.0;100;100;G4;1011;0.0;90.0
12370;1056BZ;1056BZ;31;100.0;100.0;100;100;G4;821;0.0;90.32
12372;1056CA;1056CA;38;100.0;100.0;100;97;G4;1395;0.0;52.63
12374;1056CB;1056CB;14;100.0;100.0;100;93;G4;1152;0.0;7.14
12376;1056CC;1056CC;41;100.0;100.0;100;100;G4;1026;0.0;29.27
12378;1056CD;1056CD;43;100.0;97.67;100;86;G4;996;0.0;18.6
12380;1056CE;1056CE;44;100.0;56.82;100;100;G4;666;0.0;0.0
12382;1056CG;1056CG;55;100.0;96.36;100;95;G4;1172;0.0;0.0
12384;1056CJ;1056CJ;35;100.0;80.0;100;89;G4;1315;0.0;5.71
12386;1056CK;1056CK;24;100.0;100.0;100;96;G4;1902;0.0;25.0
12388;1056CL;1056CL;39;100.0;97.44;100;92;G4;1839;0.0;2.56
12390;1056CM;1056CM;36;100.0;100.0;100;100;G4;998;0.0;77.78
12392;1056CN;1056CN;40;100.0;100.0;100;95;G4;861;0.0;85.0
12394;1056CP;1056CP;40;100.0;97.5;100;100;G4;896;0.0;77.5
12396;1056CR;1056CR;32;100.0;100.0;100;91;G4;811;0.0;84.38
12398;1056CS;1056CS;32;100.0;100.0;100;75;G4;1556;0.0;81.25
12400;1056CT;1056CT;54;100.0;46.3;100;91;G4;935;0.0;0.0
12402;1056CV;1056CV;58;100.0;58.62;100;98;G4;1027;0.0;1.72
12404;1056CW;1056CW;40;100.0;100.0;100;98;G4;997;0.0;5.0
12406;1056CX;1056CX;32;100.0;100.0;100;97;G4;969;0.0;18.75
12408;1056CZ;1056CZ;34;100.0;97.06;100;97;G4;1152;0.0;0.0
12410;1056DA;1056DA;35;100.0;100.0;100;91;G4;1129;0.0;97.14
12412;1056DB;1056DB;40;100.0;100.0;100;98;G4;1057;0.0;87.5
12414;1056DC;1056DC;41;100.0;97.56;100;95;G4;985;0.0;73.17
12416;1056DD;1056DD;38;100.0;100.0;100;100;G4;1045;0.0;100.0
12418;1056DE;1056DE;39;100.0;100.0;100;97;G4;1026;0.0;10.26
12420;1056DG;1056DG;36;100.0;100.0;100;94;G4;935;0.0;0.0
12422;1056DH;1056DH;36;100.0;100.0;100;94;G4;1130;0.0;13.89
12424;1056DJ;1056DJ;30;100.0;100.0;100;90;G4;1117;0.0;20.0
12426;1056DK;1056DK;36;100.0;97.22;100;97;G4;1170;0.0;2.78
12428;1056DL;1056DL;51;100.0;76.47;100;98;G4;818;0.0;39.22
12430;1056DM;1056DM;56;100.0;96.43;100;100;G4;1054;0.0;85.71
12432;1056DN;1056DN;40;100.0;100.0;100;100;G4;1016;0.0;100.0
12434;1056DP;1056DP;38;100.0;100.0;100;97;G4;1046;0.0;84.21
12436;1056DR;1056DR;39;100.0;97.44;100;100;G4;890;0.0;71.79
12438;1056DS;1056DS;41;100.0;100.0;100;100;G4;1102;0.0;92.68
12440;1056DT;1056DT;27;100.0;100.0;100;96;G4;1724;0.0;92.59
12442;1056DV;1056DV;23;100.0;95.65;100;96;G4;1325;0.0;91.3
12444;1056DW;1056DW;30;100.0;93.33;100;93;G4;1109;0.0;80.0
12446;1056DX;1056DX;33;100.0;100.0;100;100;G4;975;0.0;81.82
12448;1056DZ;1056DZ;31;100.0;100.0;100;100;G4;1086;0.0;67.74
12450;1056EA;1056EA;39;100.0;97.44;100;97;G4;1617;0.0;84.62
12452;1056EB;1056EB;31;100.0;100.0;100;90;G4;3281;0.0;64.52
12454;1056EC;1056EC;50;100.0;88.0;100;82;G4;1173;0.0;26.0
12456;1056ED;1056ED;40;100.0;92.5;100;90;G4;1394;0.0;17.5
12458;1056EE;1056EE;25;100.0;100.0;100;96;G4;1087;0.0;0.0
12460;1056EG;1056EG;31;100.0;96.77;100;94;G4;2353;0.0;0.0
12462;1056EH;1056EH;35;100.0;100.0;100;94;G4;967;0.0;17.14
12464;1056EJ;1056EJ;31;100.0;100.0;100;94;G4;1077;0.0;3.23
12466;1056EK;1056EK;35;100.0;100.0;100;100;G4;1165;0.0;20.0
12468;1056EL;1056EL;20;100.0;100.0;100;100;G4;717;0.0;25.0
12470;1056EM;1056EM;24;100.0;100.0;100;96;G4;1135;0.0;0.0
12472;1056EN;1056EN;27;100.0;100.0;100;100;G4;1062;0.0;0.0
12474;1056EP;1056EP;38;100.0;100.0;100;97;G4;1592;0.0;0.0
12476;1056ER;1056ER;35;100.0;100.0;100;94;G4;1104;0.0;0.0
12478;1056ES;1056ES;25;100.0;100.0;100;100;G4;793;0.0;0.0
12480;1056ET;1056ET;26;100.0;96.15;100;92;G4;1616;0.0;0.0
12482;1056EV;1056EV;30;100.0;100.0;100;100;G4;1526;0.0;3.33
12484;1056EW;1056EW;26;100.0;100.0;100;100;G4;1321;0.0;42.31
12486;1056EX;1056EX;24;100.0;100.0;100;96;G4;1498;0.0;4.17
12488;1056EZ;1056EZ;21;100.0;90.48;100;90;G4;1458;0.0;14.29
12490;1056GA;1056GA;17;100.0;100.0;100;94;G4;1397;0.0;0.0
12492;1056GB;1056GB;16;100.0;100.0;100;81;G4;1516;0.0;0.0
12494;1056GC;1056GC;27;100.0;100.0;100;93;G4;1121;0.0;0.0
12496;1056GD;1056GD;33;100.0;100.0;100;85;G4;1396;0.0;0.0
12498;1056GE;1056GE;20;100.0;100.0;100;90;G4;1379;0.0;20.0
12500;1056GG;1056GG;20;100.0;100.0;100;85;G4;1399;0.0;0.0
12502;1056GH;1056GH;22;100.0;100.0;100;100;G4;1138;0.0;40.91
12504;1056GJ;1056GJ;20;100.0;100.0;100;100;G4;1131;0.0;0.0
12506;1056GK;1056GK;24;100.0;100.0;100;96;G4;1093;0.0;0.0
12508;1056GL;1056GL;20;100.0;100.0;100;85;G4;1548;0.0;0.0
12510;1056GM;1056GM;24;100.0;100.0;100;92;G4;1277;0.0;0.0
12512;1056GN;1056GN;30;100.0;100.0;100;93;G4;1545;0.0;20.0
12514;1056GP;1056GP;24;100.0;100.0;100;92;G4;1808;0.0;0.0
12516;1056GR;1056GR;22;100.0;95.45;100;91;G4;1132;0.0;0.0
12518;1056GS;1056GS;23;100.0;100.0;100;96;G4;1408;0.0;17.39
12520;1056GT;1056GT;24;100.0;95.83;100;96;G4;1508;0.0;37.5
12522;1056GV;1056GV;25;100.0;100.0;100;92;G4;1483;0.0;56.0
12524;1056GW;1056GW;22;100.0;95.45;100;95;G4;1654;0.0;4.55
12526;1056GX;1056GX;49;100.0;83.67;100;96;G4;974;0.0;8.16
12528;1056GZ;1056GZ;26;100.0;100.0;100;96;G4;1160;0.0;0.0
12530;1056HA;1056HA;24;100.0;100.0;100;100;G4;1386;0.0;0.0
12532;1056HB;1056HB;20;100.0;95.0;100;100;G4;1344;0.0;0.0
12534;1056HC;1056HC;20;100.0;100.0;100;100;G4;1188;0.0;5.0
12536;1056HD;1056HD;26;100.0;100.0;100;96;G4;1207;0.0;3.85
12538;1056HE;1056HE;32;100.0;100.0;100;97;G4;1388;0.0;31.25
12540;1056HG;1056HG;30;100.0;100.0;100;100;G4;1253;0.0;83.33
12542;1056HH;1056HH;37;100.0;100.0;100;97;G4;1232;0.0;89.19
12544;1056HJ;1056HJ;49;100.0;79.59;100;100;G4;809;0.0;0.0
12546;1056HK;1056HK;32;100.0;100.0;100;100;G4;944;0.0;25.0
12548;1056HL;1056HL;84;100.0;92.86;100;94;G4;835;0.0;0.0
12550;1056HM;1056HM;29;100.0;100.0;100;90;G4;1307;0.0;34.48
12552;1056HN;1056HN;35;100.0;97.14;100;97;G4;1179;0.0;14.29
12554;1056HP;1056HP;75;100.0;100.0;100;99;G4;927;0.0;89.33
12556;1056HR;1056HR;63;100.0;98.41;100;98;G4;1041;0.0;4.76
12558;1056HS;1056HS;57;100.0;100.0;100;98;G4;908;0.0;7.02
12560;1056HT;1056HT;24;100.0;100.0;100;96;G4;1643;0.0;0.0
12562;1056HV;1056HV;24;100.0;100.0;100;92;G4;1383;0.0;8.33
12564;1056HW;1056HW;23;100.0;100.0;100;96;G4;1376;0.0;0.0
12566;1056HX;1056HX;25;100.0;88.0;100;100;G4;1468;0.0;0.0
12568;1056HZ;1056HZ;24;100.0;95.83;100;83;G4;1534;0.0;0.0
12570;1056JA;1056JA;25;100.0;100.0;100;92;G4;1583;0.0;0.0
12572;1056JB;1056JB;24;100.0;100.0;100;96;G4;1480;0.0;0.0
12574;1056JC;1056JC;17;100.0;100.0;100;94;G4;881;0.0;0.0
12576;1056JD;1056JD;20;100.0;100.0;100;90;G4;1493;0.0;5.0
12577;1056JE;1056JE;24;100.0;100.0;100;100;G4;1162;0.0;0.0
12580;1056JG;1056JG;46;100.0;100.0;100;98;G4;1171;0.0;0.0
12582;1056JH;1056JH;47;100.0;100.0;100;96;G4;1004;0.0;0.0
12584;1056JJ;1056JJ;32;100.0;100.0;100;100;G4;956;0.0;96.88
12586;1056JK;1056JK;40;100.0;95.0;100;100;G4;1046;0.0;7.5
12588;1056JL;1056JL;36;100.0;100.0;100;94;G4;1186;0.0;13.89
12590;1056JM;1056JM;36;100.0;100.0;100;97;G4;1042;0.0;33.33
12592;1056JN;1056JN;20;100.0;100.0;100;100;G4;840;0.0;0.0
12594;1056JP;1056JP;32;100.0;100.0;100;100;G4;933;0.0;25.0
12596;1056JR;1056JR;21;100.0;100.0;100;100;G4;1178;0.0;14.29
12598;1056JS;1056JS;48;100.0;100.0;100;100;G4;1085;0.0;4.17
12600;1056JT;1056JT;89;100.0;98.88;100;99;G4;1045;0.0;3.37
12602;1056JV;1056JV;97;100.0;98.97;100;100;G4;984;0.0;1.03
12604;1056JW;1056JW;29;100.0;100.0;100;100;G4;967;0.0;17.24
12606;1056JX;1056JZ;24;100.0;100.0;100;100;G4;1024;0.0;4.17
12608;1056KA;1056KA;48;100.0;100.0;100;100;G4;1043;0.0;6.25
12610;1056KB;1056KB;73;100.0;100.0;100;100;G4;1055;0.0;1.37
12612;1056KC;1056KC;20;100.0;100.0;100;100;G4;1081;0.0;5.0
12614;1056KD;1056KD;42;100.0;92.86;100;98;G4;1095;0.0;0.0
12616;1056KE;1056KE;40;100.0;100.0;100;90;G4;954;0.0;20.0
12618;1056KG;1056KG;40;100.0;100.0;100;100;G4;1071;0.0;0.0
12620;1056KH;1056KH;36;100.0;97.22;100;97;G4;1091;0.0;0.0
12622;1056KJ;1056KJ;40;100.0;100.0;100;100;G4;1084;0.0;10.0
12624;1056KK;1056KK;40;100.0;100.0;100;98;G4;1054;0.0;10.0
12626;1056KL;1056KL;39;100.0;100.0;100;100;G4;1194;0.0;7.69
12628;1056KM;1056KM;44;100.0;100.0;100;100;G4;1056;0.0;0.0
12630;1056KN;1056KN;72;100.0;100.0;100;100;G4;1043;0.0;12.5
12632;1056KP;1056KP;75;100.0;100.0;100;100;G4;995;0.0;12.0
12634;1056KR;1056LA;35;100.0;100.0;100;97;G4;1130;0.0;0.0
12637;1056LB;1056LB;25;100.0;100.0;100;100;G4;784;0.0;4.0
12639;1056LC;1056LC;53;100.0;100.0;100;100;G4;842;0.0;5.66
12641;1056LD;1056LD;73;100.0;100.0;100;100;G4;694;0.0;1.37
12643;1056LV;1056ND;32;100.0;100.0;100;100;G4;1020;0.0;87.5
12645;1056NE;1056NE;29;100.0;100.0;100;100;G4;869;0.0;96.55
12647;1056NG;1056NG;40;100.0;97.5;100;100;G4;1460;0.0;0.0
12649;1056NH;1056NH;20;100.0;100.0;100;100;G4;1001;0.0;0.0
12651;1056NJ;1056NJ;20;100.0;100.0;100;100;G4;1056;0.0;0.0
12653;1056NK;1056NK;20;100.0;100.0;100;95;G4;947;0.0;0.0
12655;1056NL;1056NL;20;100.0;100.0;100;95;G4;1068;0.0;0.0
12657;1056NM;1056NM;24;100.0;100.0;100;100;G4;933;0.0;0.0
12659;1056NN;1056NN;23;100.0;100.0;100;91;G4;1074;0.0;4.35
12661;1056NP;1056NP;45;100.0;95.56;100;100;G4;915;0.0;88.89
12663;1056NR;1056NR;48;100.0;97.92;100;98;G4;922;0.0;87.5
12665;1056NS;1056NS;28;100.0;100.0;100;100;G4;1009;0.0;92.86
12667;1056NT;1056NT;36;100.0;100.0;100;100;G4;911;0.0;88.89
12669;1056NV;1056NV;31;100.0;100.0;100;100;G4;1058;0.0;83.87
12671;1056NW;1056NX;32;100.0;90.63;100;94;G4;886;0.0;65.63
12673;1056NZ;1056NZ;24;100.0;100.0;100;100;G4;1206;0.0;79.17
12675;1056PA;1056PA;26;100.0;96.15;100;100;G4;1008;0.0;38.46
12677;1056PB;1056PB;21;100.0;100.0;100;100;G4;1023;0.0;76.19
12679;1056PC;1056PC;18;100.0;100.0;100;100;G4;1183;0.0;66.67
12681;1056PD;1056PD;24;100.0;100.0;100;100;G4;1244;0.0;66.67
12683;1056PE;1056PE;37;100.0;100.0;100;100;G4;959;0.0;72.97
12685;1056PG;1056PG;26;100.0;92.31;100;92;G4;856;0.0;57.69
12687;1056PH;1056PH;32;100.0;100.0;100;100;G4;958;0.0;96.88
12689;1056PJ;1056PJ;24;100.0;100.0;100;100;G4;923;0.0;79.17
12691;1056PK;1056PK;24;100.0;100.0;100;100;G4;1018;0.0;100.0
12693;1056PL;1056PL;23;100.0;100.0;100;100;G4;1236;0.0;69.57
12695;1056PM;1056PM;23;100.0;100.0;100;100;G4;1088;0.0;82.61
12697;1056PN;1056PN;29;100.0;100.0;100;100;G4;1051;0.0;79.31
12699;1056PP;1056PP;18;100.0;100.0;100;100;G4;1179;0.0;94.44
12701;1056PR;1056PR;23;100.0;100.0;100;100;G4;1115;0.0;65.22
12703;1056PS;1056PS;30;100.0;90.0;100;100;G4;1107;0.0;66.67
12705;1056PT;1056PT;18;100.0;100.0;100;100;G4;1157;0.0;50.0
12707;1056PV;1056PV;24;100.0;95.83;100;100;G4;1164;0.0;50.0
12709;1056PW;1056PW;35;100.0;97.14;100;97;G4;1277;0.0;94.29
12711;1056PX;1056PX;38;100.0;100.0;100;100;G4;930;0.0;100.0
12713;1056PZ;1056PZ;47;100.0;100.0;100;100;G4;872;0.0;85.11
12715;1056RA;1056RA;39;100.0;97.44;100;97;G4;899;0.0;82.05
12717;1056RB;1056RB;48;100.0;100.0;100;100;G4;962;0.0;2.08
12719;1056RC;1056RC;44;100.0;100.0;100;95;G4;1125;0.0;2.27
12721;1056RD;1056RD;32;100.0;100.0;100;97;G4;1216;0.0;15.63
12723;1056RE;1056RE;24;100.0;100.0;100;100;G4;1098;0.0;0.0
12725;1056RG;1056RG;31;100.0;100.0;100;100;G4;1099;0.0;93.55
12727;1056RH;1056RH;36;100.0;100.0;100;100;G4;871;0.0;72.22
12729;1056RJ;1056RJ;26;100.0;100.0;100;100;G4;1005;0.0;84.62
12731;1056RK;1056RK;21;100.0;100.0;100;100;G4;902;0.0;76.19
12733;1056RL;1056RL;29;100.0;100.0;100;100;G4;820;0.0;72.41
12735;1056RM;1056RM;51;100.0;100.0;100;100;G4;1075;0.0;84.31
12737;1056RN;1056RN;41;100.0;100.0;100;100;G4;879;0.0;97.56
12739;1056RP;1056RP;10;100.0;100.0;100;100;G4;787;0.0;90.0
12741;1056RR;1056RS;37;100.0;100.0;100;100;G4;1058;0.0;97.3
12743;1056RT;1056RV;31;100.0;100.0;100;100;G4;875;0.0;100.0
12745;1056RW;1056RW;40;100.0;100.0;100;100;G4;1128;0.0;87.5
12747;1056RX;1056RX;40;100.0;100.0;100;100;G4;916;0.0;25.0
12749;1056RZ;1056RZ;41;100.0;100.0;100;98;G4;911;0.0;82.93
12751;1056SB;1056SB;32;100.0;100.0;100;97;G4;899;0.0;100.0
12753;1056SC;1056SC;31;100.0;93.55;100;100;G4;977;0.0;67.74
12755;1056SE;1056SE;41;100.0;100.0;100;88;G4;1730;0.0;87.8
12757;1056SG;1056SG;35;100.0;97.14;100;97;G4;1362;0.0;91.43
12759;1056SH;1056SH;42;100.0;97.62;100;98;G4;1376;0.0;52.38
12761;1056SJ;1056SJ;32;100.0;100.0;100;100;G4;865;0.0;93.75
12763;1056SK;1056SK;41;100.0;97.56;100;98;G4;906;0.0;82.93
12765;1056SL;1056SL;24;100.0;95.83;100;96;G4;1675;0.0;79.17
12767;1056SM;1056SM;35;100.0;100.0;100;100;G4;865;0.0;88.57
12769;1056SN;1056SN;30;100.0;100.0;100;100;G4;1008;0.0;96.67
12771;1056SP;1056SP;32;100.0;100.0;100;97;G4;1005;0.0;84.38
12773;1056SR;1056SR;40;100.0;100.0;100;100;G4;791;0.0;55.0
12775;1056ST;1056ST;32;100.0;100.0;100;100;G4;1096;0.0;100.0
12777;1056SV;1056SV;16;100.0;100.0;100;100;G4;1174;0.0;93.75
12779;1056SW;1056SW;50;100.0;98.0;100;100;G4;967;0.0;78.0
12781;1056SX;1056SX;44;100.0;97.73;100;98;G4;1058;0.0;95.45
12783;1056SZ;1056SZ;47;100.0;89.36;100;100;G4;1053;0.0;78.72
12785;1056TA;1056TA;24;100.0;100.0;100;100;G4;1059;0.0;50.0
12787;1056TB;1056TB;16;100.0;100.0;100;94;G4;1264;0.0;81.25
12789;1056TC;1056TC;50;100.0;100.0;100;100;G4;837;0.0;78.0
12791;1056TD;1056TD;48;100.0;100.0;100;98;G4;1081;0.0;75.0
12793;1056TE;1056TE;37;100.0;100.0;100;100;G4;819;0.0;48.65
12795;1056TG;1056TG;24;100.0;100.0;100;100;G4;1115;0.0;95.83
12797;1056TH;1056TH;40;100.0;97.5;100;100;G4;957;0.0;92.5
12799;1056TJ;1056TJ;32;100.0;100.0;100;59;G4;914;0.0;100.0
12801;1056TK;1056TK;32;100.0;100.0;100;75;G4;917;0.0;87.5
12803;1056TL;1056TL;25;100.0;100.0;100;100;G4;975;0.0;36.0
12805;1056TM;1056TM;52;100.0;100.0;100;100;G4;855;0.0;38.46
12807;1056TN;1056TN;19;100.0;100.0;100;100;G4;1089;0.0;57.89
12809;1056TP;1056TR;22;100.0;100.0;100;95;G4;2219;0.0;86.36
12811;1056TS;1056TS;40;100.0;97.5;100;98;G4;1013;0.0;62.5
12813;1056TT;1056TT;23;100.0;100.0;100;100;G4;1088;0.0;73.91
12815;1056TV;1056TV;18;100.0;100.0;100;100;G4;1359;0.0;72.22
12817;1056TW;1056TW;19;100.0;100.0;100;95;G4;957;0.0;100.0
12819;1056TX;1056TX;24;100.0;100.0;100;100;G4;1118;0.0;91.67
12821;1056TZ;1056TZ;18;100.0;100.0;100;89;G4;1217;0.0;77.78
12823;1056VA;1056VA;21;100.0;100.0;100;100;G4;1074;0.0;100.0
12825;1056VB;1056VB;39;100.0;100.0;100;100;G4;1077;0.0;100.0
12827;1056VC;1056VC;25;100.0;100.0;100;100;G4;1006;0.0;96.0
12829;1056VD;1056VD;35;100.0;100.0;100;100;G4;1035;0.0;100.0
12831;1056VE;1056VE;32;100.0;100.0;100;88;G4;1027;0.0;100.0
12833;1056VG;1056VG;19;100.0;94.74;100;100;G4;1443;0.0;94.74
12835;1056VH;1056VH;24;100.0;100.0;100;88;G4;996;0.0;100.0
12837;1056VJ;1056VJ;25;100.0;100.0;100;76;G4;1140;0.0;100.0
12839;1056VK;1056VK;24;100.0;100.0;100;75;G4;1087;0.0;100.0
12841;1056VL;1056VL;22;100.0;100.0;100;95;G4;1016;0.0;100.0
12843;1056VM;1056VM;18;100.0;100.0;100;100;G4;1206;0.0;88.89
12845;1056VN;1056VN;24;100.0;100.0;100;100;G4;871;0.0;58.33
12847;1056VP;1056VP;16;100.0;100.0;100;100;G4;903;0.0;100.0
12849;1056VR;1056VR;15;100.0;100.0;100;100;G4;1294;0.0;100.0
12851;1056VS;1056VS;30;100.0;100.0;100;93;G4;1183;0.0;0.0
12853;1056VT;1056VT;34;100.0;100.0;100;100;G4;1204;0.0;0.0
12855;1056VV;1056VV;38;100.0;100.0;100;95;G4;1146;0.0;10.53
12857;1056VW;1056VW;26;100.0;100.0;100;100;G4;1396;0.0;3.85
12859;1056VX;1056VX;43;100.0;100.0;100;100;G4;1177;0.0;0.0
12861;1056VZ;1056VZ;38;100.0;100.0;100;97;G4;1328;0.0;10.53
12863;1056WB;1056WB;47;100.0;100.0;100;100;G4;1014;0.0;0.0
12865;1056WC;1056WC;23;100.0;100.0;100;87;G4;1492;0.0;4.35
12867;1056WD;1056WD;35;100.0;94.29;100;94;G4;1552;0.0;17.14
12869;1056WE;1056WE;32;100.0;100.0;100;97;G4;1417;0.0;3.13
12871;1056WG;1056WG;33;100.0;96.97;100;97;G4;1319;0.0;3.03
12873;1056WH;1056WH;23;100.0;100.0;100;100;G4;1026;0.0;0.0
12875;1056WJ;1056WJ;23;100.0;100.0;100;87;G4;1630;0.0;0.0
12877;1056WK;1056WK;30;100.0;100.0;100;97;G4;1000;0.0;0.0
12879;1056WL;1056WL;23;100.0;100.0;100;100;G4;1067;0.0;0.0
12881;1056WN;1056WN;32;100.0;100.0;100;97;G4;1022;0.0;15.63
12883;1056WP;1056WP;32;100.0;100.0;100;100;G4;1178;0.0;15.63
12885;1056WR;1056WR;32;100.0;96.88;100;100;G4;2540;0.0;12.5
12887;1056WS;1056WS;32;100.0;100.0;100;97;G4;1003;0.0;0.0
12889;1056WT;1056WT;22;100.0;100.0;100;91;G4;1250;0.0;0.0
12891;1056WV;1056WV;27;100.0;100.0;100;100;G4;882;0.0;22.22
12893;1056WX;1056WX;27;100.0;100.0;100;89;G4;725;0.0;22.22
12895;1056WZ;1056WZ;34;100.0;100.0;100;100;G4;736;0.0;0.0
12897;1056XA;1056XA;27;100.0;96.3;100;100;G4;880;0.0;0.0
12899;1056XB;1056XB;27;100.0;100.0;100;89;G4;971;0.0;0.0
12901;1056XC;1056XC;20;100.0;100.0;100;100;G4;1021;0.0;20.0
12903;1056XD;1056XD;29;100.0;100.0;100;100;G4;957;0.0;0.0
12905;1056XE;1056XE;20;100.0;95.0;100;95;G4;1183;0.0;20.0
12907;1056XG;1056XG;28;100.0;100.0;100;96;G4;970;0.0;10.71
12909;1056XH;1056XH;27;100.0;88.89;100;100;G4;933;0.0;33.33
12911;1056XJ;1056XJ;38;100.0;100.0;100;100;G4;967;0.0;13.16
12913;1056XK;1056XK;15;100.0;100.0;100;93;G4;1215;0.0;0.0
12915;1056XL;1056XL;34;100.0;100.0;100;100;G4;911;0.0;0.0
12917;1056XM;1056XM;49;100.0;100.0;100;98;G4;994;0.0;2.04
12919;1056XN;1056XN;25;100.0;96.0;100;100;G4;1157;0.0;0.0
12921;1056XP;1056XP;37;100.0;100.0;100;100;G4;854;0.0;5.41
12923;1056XR;1056XR;37;100.0;100.0;100;100;G4;1010;0.0;0.0
12925;1056XS;1056XS;36;100.0;100.0;100;97;G4;1072;0.0;8.33
12927;1056XT;1056XT;11;100.0;100.0;100;100;G4;829;0.0;36.36
12929;1056XV;1056XV;20;100.0;100.0;100;95;G4;894;0.0;20.0
12931;1056XW;1056XW;19;100.0;100.0;100;100;G4;1264;0.0;5.26
12933;1056XX;1056XX;32;100.0;100.0;100;100;G4;823;0.0;3.13
12935;1056XZ;1056XZ;29;100.0;100.0;100;100;G4;983;0.0;3.45
12937;1057AA;1057AA;20;100.0;100.0;100;95;G4;1284;0.0;100.0
12939;1057AB;1057AB;24;100.0;100.0;100;100;G4;1032;0.0;79.17
12941;1057AC;1057AC;24;100.0;100.0;100;96;G4;1074;0.0;95.83
12943;1057AD;1057AD;24;100.0;100.0;100;100;G4;1235;0.0;100.0
12945;1057AE;1057AE;24;100.0;95.83;100;96;G4;1013;0.0;50.0
12947;1057AG;1057AG;24;100.0;100.0;100;100;G4;1011;0.0;33.33
12949;1057AH;1057AH;24;100.0;100.0;100;100;G4;866;0.0;33.33
12951;1057AJ;1057AJ;24;100.0;100.0;100;100;G4;950;0.0;66.67
12953;1057AK;1057AK;16;100.0;100.0;100;100;G4;1052;0.0;81.25
12955;1057AL;1057AL;24;100.0;100.0;100;100;G4;1148;0.0;91.67
12957;1057AM;1057AM;24;100.0;100.0;100;100;G4;1049;0.0;83.33
12959;1057AN;1057AN;27;100.0;100.0;100;100;G4;1002;0.0;92.59
12961;1057AP;1057AP;11;100.0;100.0;100;100;G4;1023;0.0;18.18
12963;1057AR;1057AR;16;100.0;100.0;100;100;G4;887;0.0;100.0
12965;1057AS;1057AS;24;100.0;100.0;100;100;G4;984;0.0;95.83
12967;1057AT;1057AT;24;100.0;100.0;100;100;G4;971;0.0;70.83
12969;1057AV;1057AV;47;100.0;100.0;100;100;G4;829;0.0;87.23
12971;1057AW;1057AW;48;100.0;100.0;100;100;G4;914;0.0;97.92
12973;1057AX;1057AX;46;100.0;100.0;100;100;G4;884;0.0;82.61
12975;1057AZ;1057AZ;45;100.0;100.0;100;100;G4;902;0.0;97.78
12977;1057BA;1057BA;30;100.0;96.67;100;100;G4;1147;0.0;80.0
12979;1057BB;1057BB;22;100.0;100.0;100;95;G4;1809;0.0;95.45
12981;1057BC;1057BC;24;100.0;91.67;100;100;G4;1001;0.0;75.0
12983;1057BD;1057BD;25;100.0;100.0;100;100;G4;1008;0.0;96.0
12985;1057BE;1057BE;36;100.0;94.44;100;100;G4;842;0.0;44.44
12987;1057BG;1057BG;44;100.0;100.0;100;100;G4;991;0.0;100.0
12989;1057BH;1057BH;34;100.0;100.0;100;100;G4;1063;0.0;85.29
12991;1057BJ;1057BJ;37;100.0;97.3;100;97;G4;921;0.0;94.59
12993;1057BK;1057BK;37;100.0;100.0;100;95;G4;878;0.0;94.59
12995;1057BL;1057BL;36;100.0;97.22;100;92;G4;1764;0.0;13.89
12997;1057BM;1057BM;34;100.0;97.06;100;100;G4;1082;0.0;0.0
12999;1057BN;1057BN;34;100.0;100.0;100;97;G4;1095;0.0;35.29
13001;1057BP;1057BP;24;100.0;95.83;100;92;G4;1485;0.0;0.0
13003;1057BR;1057BR;20;100.0;95.0;100;90;G4;1084;0.0;15.0
13005;1057BS;1057BS;29;100.0;100.0;100;93;G4;1147;0.0;0.0
13007;1057BT;1057BT;43;100.0;100.0;100;98;G4;1205;0.0;25.58
13009;1057BV;1057BV;29;100.0;100.0;100;100;G4;1090;0.0;0.0
13011;1057BW;1057BW;31;100.0;100.0;100;100;G4;894;0.0;3.23
13013;1057BX;1057BX;26;100.0;100.0;100;85;G4;1080;0.0;0.0
13015;1057BZ;1057CA;45;100.0;100.0;100;96;G4;1534;0.0;0.0
13017;1057CB;1057CB;30;100.0;96.67;100;93;G4;1682;0.0;6.67
13019;1057CC;1057CC;27;100.0;100.0;100;89;G4;1968;0.0;0.0
13021;1057CD;1057CD;44;100.0;100.0;100;100;G4;1011;0.0;0.0
13023;1057CE;1057CE;51;100.0;98.04;100;98;G4;832;0.0;1.96
13025;1057CG;1057CG;43;100.0;100.0;100;100;G4;913;0.0;0.0
13027;1057CH;1057CH;36;100.0;97.22;100;100;G4;925;0.0;16.67
13029;1057CJ;1057CJ;18;100.0;94.44;100;100;G4;1304;0.0;5.56
13031;1057CK;1057CK;37;100.0;97.3;100;95;G4;1225;0.0;0.0
13033;1057CM;1057CM;15;100.0;100.0;100;100;G4;842;0.0;0.0
13035;1057CN;1057CN;36;100.0;97.22;100;94;G4;1109;0.0;0.0
13037;1057CP;1057CP;36;100.0;100.0;100;100;G4;1150;0.0;0.0
13039;1057CR;1057CR;40;100.0;97.5;100;100;G4;1002;0.0;10.0
13041;1057CS;1057CS;32;100.0;100.0;100;100;G4;882;0.0;12.5
13043;1057CT;1057CT;40;100.0;92.5;100;100;G4;1082;0.0;0.0
13045;1057CV;1057CV;32;100.0;96.88;100;100;G4;1205;0.0;0.0
13047;1057CW;1057CW;45;100.0;100.0;100;100;G4;969;0.0;17.78
13049;1057CX;1057CX;48;100.0;100.0;100;100;G4;1002;0.0;0.0
13051;1057CZ;1057CZ;44;100.0;100.0;100;95;G4;1091;0.0;0.0
13053;1057DA;1057DA;29;100.0;100.0;100;90;G4;1427;0.0;3.45
13055;1057DB;1057DB;40;100.0;100.0;100;95;G4;930;0.0;40.0
13057;1057DC;1057DC;32;100.0;96.88;100;97;G4;1041;0.0;96.88
13059;1057DD;1057DD;43;100.0;100.0;100;100;G4;1079;0.0;100.0
13061;1057DE;1057DE;40;100.0;100.0;100;100;G4;986;0.0;100.0
13063;1057DG;1057DG;39;100.0;100.0;100;95;G4;1019;0.0;51.28
13065;1057DH;1057DH;31;100.0;100.0;100;100;G4;1064;0.0;93.55
13067;1057DJ;1057DJ;40;100.0;100.0;100;100;G4;1117;0.0;97.5
13069;1057DK;1057DK;45;100.0;100.0;100;100;G4;1200;0.0;57.78
13071;1057DL;1057DL;34;100.0;100.0;100;97;G4;936;0.0;8.82
13073;1057DM;1057DM;31;100.0;100.0;100;97;G4;1027;0.0;3.23
13075;1057DN;1057DN;29;100.0;96.55;100;93;G4;1854;0.0;0.0
13077;1057DP;1057DP;20;100.0;100.0;100;90;G4;953;0.0;0.0
13079;1057DR;1057DR;16;100.0;100.0;100;100;G4;790;0.0;0.0
13081;1057DS;1057DS;16;100.0;100.0;100;100;G4;949;0.0;0.0
13083;1057DT;1057DT;22;100.0;100.0;100;95;G4;1695;0.0;0.0
13085;1057DV;1057DV;22;100.0;100.0;100;100;G4;960;0.0;0.0
13087;1057DW;1057DW;27;100.0;96.3;100;89;G4;1524;0.0;0.0
13089;1057DX;1057DX;44;100.0;100.0;100;93;G4;1374;0.0;0.0
13091;1057DZ;1057DZ;52;100.0;100.0;100;100;G4;1124;0.0;0.0
13093;1057EA;1057EB;28;100.0;100.0;100;86;G4;1499;0.0;0.0
13096;1057EC;1057EC;25;100.0;100.0;100;100;G4;871;0.0;4.0
13098;1057ED;1057ED;15;100.0;100.0;100;100;G4;904;0.0;46.67
13100;1057EE;1057EE;15;100.0;100.0;100;80;G4;1181;0.0;93.33
13102;1057EG;1057EG;26;100.0;100.0;100;96;G4;881;0.0;61.54
13104;1057EH;1057EH;29;100.0;96.55;100;97;G4;1152;0.0;0.0
13106;1057EJ;1057EJ;19;100.0;100.0;100;100;G4;906;0.0;5.26
13108;1057EK;1057EK;20;100.0;100.0;100;100;G4;832;0.0;0.0
13110;1057EL;1057EL;24;100.0;100.0;100;100;G4;746;0.0;0.0
13112;1057EM;1057EM;27;100.0;100.0;100;81;G4;1208;0.0;3.7
13114;1057EN;1057EN;28;100.0;100.0;100;93;G4;1263;0.0;0.0
13116;1057EP;1057EP;24;100.0;100.0;100;83;G4;1093;0.0;4.17
13118;1057ER;1057ER;31;100.0;100.0;100;100;G4;1203;0.0;0.0
13120;1057ES;1057ES;28;100.0;100.0;100;93;G4;969;0.0;0.0
13122;1057ET;1057ET;71;100.0;100.0;100;99;G4;1035;0.0;2.82
13124;1057EV;1057EV;31;100.0;93.55;100;97;G4;1112;0.0;0.0
13126;1057EW;1057EW;34;100.0;100.0;100;97;G4;1005;0.0;2.94
13128;1057EX;1057EX;42;100.0;100.0;100;98;G4;931;0.0;90.48
13130;1057EZ;1057EZ;38;100.0;100.0;100;95;G4;971;0.0;97.37
13132;1057GA;1057GA;32;100.0;100.0;100;100;G4;1062;0.0;75.0
13134;1057GB;1057GB;32;100.0;100.0;100;100;G4;973;0.0;90.63
13136;1057GC;1057GC;32;100.0;100.0;100;100;G4;1079;0.0;62.5
13138;1057GD;1057GD;31;100.0;96.77;100;94;G4;986;0.0;48.39
13140;1057GE;1057GE;48;100.0;22.92;100;75;G6;983;0.0;6.25
13142;1057GG;1057GG;31;100.0;100.0;100;97;G4;1044;0.0;38.71
13144;1057GH;1057GH;37;100.0;100.0;100;100;G4;837;0.0;18.92
13146;1057GJ;1057GJ;20;100.0;95.0;100;95;G4;758;0.0;10.0
13148;1057GK;1057GK;23;100.0;95.65;100;96;G4;1375;0.0;4.35
13150;1057GL;1057GL;24;100.0;100.0;100;96;G4;885;0.0;4.17
13152;1057GM;1057GM;25;100.0;96.0;100;96;G4;1328;0.0;0.0
13154;1057GN;1057GN;20;100.0;100.0;100;100;G4;1071;0.0;0.0
13156;1057GP;1057GP;19;100.0;100.0;100;100;G4;1021;0.0;0.0
13158;1057GR;1057GR;19;100.0;100.0;100;100;G4;1134;0.0;0.0
13160;1057GS;1057GS;19;100.0;100.0;100;100;G4;973;0.0;0.0
13162;1057GT;1057GT;31;100.0;100.0;100;100;G4;939;0.0;0.0
13164;1057GV;1057GV;16;100.0;100.0;100;100;G4;881;0.0;0.0
13166;1057GW;1057GW;22;100.0;100.0;100;100;G4;1072;0.0;0.0
13168;1057GX;1057GX;16;100.0;100.0;100;88;G4;913;0.0;0.0
13170;1057GZ;1057GZ;18;100.0;100.0;100;89;G4;1236;0.0;16.67
13172;1057HA;1057HA;24;100.0;100.0;100;100;G4;1971;0.0;0.0
13174;1057HB;1057HB;24;100.0;100.0;100;100;G4;1005;0.0;0.0
13176;1057HC;1057HC;28;100.0;100.0;100;96;G4;1315;0.0;0.0
13178;1057HD;1057HD;23;100.0;100.0;100;96;G4;1136;0.0;17.39
13180;1057HE;1057HE;30;100.0;100.0;100;97;G4;992;0.0;0.0
13182;1057HG;1057HG;31;100.0;100.0;100;100;G4;1090;0.0;0.0
13184;1057HH;1057HH;28;100.0;100.0;100;100;G4;1218;0.0;0.0
13186;1057HJ;1057HJ;32;100.0;96.88;100;100;G4;1118;0.0;0.0
13188;1057HK;1057HK;24;100.0;100.0;100;100;G4;1161;0.0;4.17
13190;1057HL;1057HL;61;100.0;98.36;100;93;G4;1013;0.0;11.48
13192;1057HM;1057HM;49;100.0;100.0;100;90;G4;1262;0.0;4.08
13194;1057HN;1057HN;31;100.0;90.32;100;90;G4;1345;0.0;12.9
13196;1057HP;1057HP;24;100.0;100.0;100;79;G4;961;0.0;25.0
13198;1057HR;1057HR;57;100.0;98.25;100;93;G4;1197;0.0;12.28
13200;1057HS;1057HS;12;100.0;100.0;100;100;G4;851;0.0;66.67
13202;1057HT;1057HT;16;100.0;93.75;100;94;G4;935;0.0;6.25
13204;1057HV;1057HV;24;100.0;100.0;100;100;G4;1088;0.0;4.17
13206;1057HW;1057HW;24;100.0;100.0;100;100;G4;982;0.0;4.17
13208;1057HX;1057HX;16;100.0;100.0;100;100;G4;1280;0.0;0.0
13210;1057HZ;1057HZ;19;100.0;94.74;100;95;G4;1151;0.0;0.0
13212;1057JA;1057JA;28;100.0;100.0;100;89;G4;1363;0.0;0.0
13214;1057JB;1057JB;28;100.0;100.0;100;96;G4;1724;0.0;0.0
13216;1057JC;1057JC;28;100.0;96.43;100;96;G4;1306;0.0;3.57
13218;1057JD;1057JD;24;100.0;100.0;100;96;G4;888;0.0;4.17
13220;1057JE;1057JE;23;100.0;91.3;100;91;G4;836;0.0;26.09
13222;1057JG;1057JG;22;100.0;100.0;100;100;G4;1064;0.0;0.0
13224;1057JH;1057JH;25;100.0;100.0;100;96;G4;1062;0.0;0.0
13226;1057JJ;1057JJ;19;100.0;89.47;100;79;G4;2773;0.0;0.0
13228;1057JK;1057JK;23;100.0;100.0;100;96;G4;1327;0.0;0.0
13230;1057JL;1057JL;12;100.0;100.0;100;100;G4;1244;0.0;0.0
13232;1057JM;1057JM;23;100.0;95.65;100;87;G4;1596;0.0;8.7
13234;1057JN;1057JN;21;100.0;100.0;100;95;G4;1790;0.0;4.76
13236;1057JP;1057JP;13;100.0;76.92;100;85;G4;3951;0.0;76.92
13238;1057JR;1057JR;27;100.0;100.0;100;100;G4;1285;0.0;0.0
13240;1057JS;1057JS;22;100.0;100.0;100;95;G4;1337;0.0;4.55
13242;1057JT;1057JT;26;100.0;96.15;100;85;G4;2165;0.0;3.85
13244;1057JV;1057JV;28;100.0;100.0;100;79;G4;2218;0.0;0.0
13246;1057JW;1057JW;26;100.0;96.15;100;92;G4;1431;0.0;34.62
13248;1057JX;1057JX;27;100.0;100.0;100;96;G4;1716;0.0;7.41
13250;1057JZ;1057JZ;20;100.0;100.0;100;100;G4;1054;0.0;5.0
13252;1057KA;1057KA;15;100.0;100.0;100;100;G4;1188;0.0;6.67
13254;1057KB;1057KB;17;100.0;100.0;100;100;G4;1131;0.0;23.53
13256;1057KC;1057KC;15;100.0;100.0;100;93;G4;1107;0.0;0.0
13258;1057KE;1057KE;24;100.0;100.0;100;100;G4;992;0.0;4.17
13260;1057KG;1057KH;79;100.0;100.0;100;100;G4;994;0.0;5.06
13262;1057KN;1057KN;12;100.0;100.0;100;92;G4;1165;0.0;8.33
13264;1057KP;1057KP;47;100.0;100.0;100;81;G4;927;0.0;31.91
13266;1057NE;1057NE;34;100.0;100.0;100;100;G4;940;0.0;2.94
13268;1057NG;1057NG;16;100.0;100.0;100;100;G4;25;0.0;0.0
13270;1057NH;1057NH;18;100.0;100.0;100;100;G4;23;0.0;0.0
13272;1057NJ;1057NJ;18;100.0;100.0;100;100;G4;31;0.0;0.0
13274;1057NK;1057NK;17;100.0;100.0;100;100;G4;18;0.0;0.0
13276;1057NL;1057NL;17;100.0;100.0;100;100;G4;22;0.0;0.0
13278;1057NM;1057NM;17;100.0;94.12;100;100;G4;23;0.0;0.0
13280;1057NN;1057NN;18;100.0;100.0;100;100;G4;21;0.0;0.0
13282;1057NP;1057NP;18;100.0;94.44;100;100;G4;32;0.0;5.56
13284;1057NR;1057NR;18;100.0;100.0;100;100;G4;28;0.0;0.0
13286;1057NS;1057NS;18;100.0;100.0;100;100;G4;25;0.0;0.0
13288;1057NT;1057NT;18;100.0;94.44;100;100;G4;29;0.0;0.0
13290;1057NV;1057NV;18;100.0;94.44;100;100;G4;40;0.0;0.0
13292;1057NX;1057NX;17;100.0;100.0;100;100;G4;24;0.0;0.0
13294;1057NZ;1057NZ;16;100.0;100.0;100;100;G4;19;0.0;0.0
13296;1057PA;1057PA;15;100.0;100.0;100;100;G4;29;0.0;0.0
13298;1057PB;1057PB;18;100.0;94.44;100;100;G4;41;0.0;0.0
13300;1057PC;1057PC;18;100.0;100.0;100;100;G4;25;0.0;0.0
13302;1057PD;1057PD;17;100.0;100.0;100;100;G4;29;0.0;5.88
13304;1057PE;1057PE;17;100.0;100.0;100;100;G4;23;0.0;0.0
13306;1057PG;1057PG;17;100.0;94.12;100;100;G4;157;0.0;0.0
13308;1057PH;1057PJ;25;100.0;96.0;100;100;G4;1056;0.0;8.0
13310;1057PK;1057PK;16;100.0;93.75;100;100;G4;1370;0.0;0.0
13312;1057PL;1057PL;24;100.0;100.0;100;100;G4;1176;0.0;0.0
13314;1057PM;1057PM;19;100.0;100.0;100;100;G4;1179;0.0;0.0
13316;1057PN;1057PN;28;100.0;100.0;100;100;G4;988;0.0;3.57
13318;1057PP;1057PP;25;100.0;100.0;100;96;G4;1262;0.0;0.0
13320;1057PR;1057PR;24;100.0;95.83;100;96;G4;1193;0.0;12.5
13322;1057PS;1057PS;23;100.0;95.65;100;96;G4;1308;0.0;0.0
13324;1057PT;1057PT;79;100.0;65.82;100;66;G4;742;0.0;0.0
13326;1057PV;1057PV;22;100.0;100.0;100;100;G4;981;0.0;0.0
13328;1057PW;1057PW;34;100.0;85.29;100;97;G4;925;0.0;8.82
13330;1057PX;1057PX;31;100.0;100.0;100;94;G4;1130;0.0;0.0
13332;1057PZ;1057PZ;40;100.0;87.5;100;95;G4;991;0.0;2.5
13334;1057RA;1057RA;40;100.0;100.0;100;100;G4;992;0.0;0.0
13336;1057RB;1057RB;38;100.0;100.0;100;100;G4;965;0.0;0.0
13338;1057RC;1057RC;36;100.0;100.0;100;100;G4;959;0.0;0.0
13340;1057RD;1057RD;32;100.0;100.0;100;97;G4;1001;0.0;0.0
13342;1057RE;1057RE;27;100.0;96.3;100;100;G4;968;0.0;0.0
13344;1057RG;1057RG;36;100.0;94.44;100;100;G4;1141;0.0;0.0
13346;1057RH;1057RH;39;100.0;94.87;100;97;G4;913;0.0;2.56
13348;1057RJ;1057RJ;36;100.0;91.67;100;97;G4;1270;0.0;2.78
13350;1057RK;1057RK;40;100.0;100.0;100;100;G4;1244;0.0;2.5
13352;1057RL;1057RL;37;100.0;94.59;100;100;G4;1005;0.0;0.0
13354;1057RM;1057RM;42;100.0;85.71;100;100;G4;854;0.0;45.24
13356;1057RN;1057RN;40;100.0;95.0;100;100;G4;780;0.0;20.0
13358;1057RP;1057RP;44;100.0;88.64;100;100;G4;1024;0.0;22.73
13360;1057RR;1057RR;28;100.0;100.0;100;100;G4;1002;0.0;0.0
13362;1057RS;1057RS;18;100.0;100.0;100;94;G4;956;0.0;0.0
13364;1057RT;1057RT;23;100.0;100.0;100;100;G4;1297;0.0;0.0
13366;1057RV;1057RV;33;100.0;96.97;100;94;G4;1293;0.0;27.27
13368;1057RW;1057RW;56;100.0;100.0;100;100;G4;970;0.0;32.14
13370;1057RX;1057RX;49;100.0;100.0;100;98;G4;909;0.0;32.65
13372;1057RZ;1057RZ;46;100.0;100.0;100;98;G4;950;0.0;0.0
13374;1057SB;1057SB;39;100.0;100.0;100;100;G4;914;0.0;28.21
13376;1057SC;1057SC;40;100.0;100.0;100;100;G4;849;0.0;0.0
13378;1057SE;1057SE;40;100.0;100.0;100;100;G4;905;0.0;0.0
13380;1057SG;1057SG;35;100.0;100.0;100;100;G4;1127;0.0;0.0
13382;1057SH;1057SJ;30;100.0;100.0;100;100;G4;916;0.0;10.0
13385;1057SK;1057SK;20;100.0;100.0;100;100;G4;1428;0.0;0.0
13387;1057SL;1057SL;20;100.0;100.0;100;100;G4;879;0.0;0.0
13389;1057SM;1057SM;24;100.0;100.0;100;100;G4;1145;0.0;8.33
13391;1057SN;1057SN;29;100.0;96.55;100;97;G4;1154;0.0;0.0
13393;1057SP;1057SP;21;100.0;90.48;100;90;G4;1011;0.0;14.29
13395;1057SR;1057SR;35;100.0;100.0;100;100;G4;894;0.0;22.86
13397;1057ST;1057ST;21;100.0;100.0;100;95;G4;639;0.0;0.0
13399;1057SV;1057SV;41;100.0;100.0;100;100;G4;1071;0.0;19.51
13401;1057SW;1057SW;44;100.0;100.0;100;100;G4;937;0.0;0.0
13403;1057SX;1057SX;50;100.0;100.0;100;100;G4;908;0.0;2.0
13405;1057SZ;1057SZ;53;100.0;98.11;100;98;G4;866;0.0;0.0
13407;1057TA;1057TA;39;100.0;100.0;100;100;G4;931;0.0;0.0
13409;1057TB;1057TB;35;100.0;100.0;100;100;G4;823;0.0;0.0
13411;1057TC;1057TC;33;100.0;96.97;100;100;G4;903;0.0;0.0
13413;1057TD;1057TD;35;100.0;100.0;100;100;G4;894;0.0;0.0
13415;1057TE;1057TE;17;100.0;100.0;100;100;G4;982;0.0;5.88
13417;1057TG;1057TG;17;100.0;100.0;100;100;G4;898;0.0;0.0
13419;1057TH;1057TH;20;100.0;100.0;100;100;G4;1389;0.0;0.0
13421;1057TJ;1057TJ;20;100.0;100.0;100;100;G4;820;0.0;0.0
13423;1057TK;1057TK;33;100.0;100.0;100;91;G4;1308;0.0;6.06
13425;1057TL;1057TL;38;100.0;94.74;100;95;G4;993;0.0;2.63
13427;1057TM;1057TM;18;100.0;100.0;100;100;G4;1039;0.0;0.0
13429;1057TN;1057TN;16;100.0;100.0;100;100;G4;1073;0.0;0.0
13431;1057TP;1057TP;16;100.0;100.0;100;100;G4;709;0.0;0.0
13433;1057TR;1057TR;12;100.0;100.0;100;100;G4;1016;0.0;0.0
13435;1057TS;1057TS;25;100.0;100.0;100;100;G4;980;0.0;0.0
13437;1057TT;1057TT;22;100.0;100.0;100;100;G4;964;0.0;0.0
13439;1057TV;1057TV;24;100.0;100.0;100;100;G4;810;0.0;0.0
13441;1057TW;1057TW;20;100.0;100.0;100;100;G4;1213;0.0;0.0
13443;1057TX;1057TX;30;100.0;100.0;100;73;G4;1003;0.0;0.0
13445;1057TZ;1057TZ;28;100.0;100.0;100;96;G4;982;0.0;0.0
13447;1057VA;1057VA;24;100.0;100.0;100;100;G4;2757;0.0;0.0
13449;1057VB;1057VB;33;100.0;100.0;100;94;G4;1961;0.0;0.0
13451;1057VC;1057VC;28;100.0;100.0;100;100;G4;1085;0.0;0.0
13453;1057VD;1057VD;35;100.0;100.0;100;100;G4;978;0.0;0.0
13455;1057VE;1057VE;33;100.0;100.0;100;100;G4;847;0.0;0.0
13457;1057VG;1057VG;31;100.0;100.0;100;94;G4;1457;0.0;0.0
13459;1057VH;1057VH;35;100.0;100.0;100;94;G4;2350;0.0;0.0
13461;1057VJ;1057VJ;39;100.0;100.0;100;100;G4;993;0.0;0.0
13463;1057VK;1057VK;29;100.0;100.0;100;100;G4;1094;0.0;3.45
13465;1057VL;1057VL;19;100.0;100.0;100;100;G4;871;0.0;0.0
13467;1057VM;1057VM;24;100.0;95.83;100;96;G4;1049;0.0;0.0
13469;1057VN;1057VN;11;100.0;100.0;100;91;G4;1162;0.0;0.0
13471;1057VP;1057VP;35;100.0;100.0;100;91;G4;1353;0.0;14.29
13473;1057VR;1057VR;36;100.0;100.0;100;100;G4;1123;0.0;0.0
13475;1057VS;1057VS;61;100.0;100.0;100;95;G4;1217;0.0;1.64
13477;1057VT;1057VT;21;100.0;100.0;100;95;G4;1009;0.0;0.0
13479;1057VV;1057VV;27;100.0;96.3;100;100;G4;772;0.0;3.7
13481;1057VW;1057VW;31;100.0;90.32;100;90;G4;2673;0.0;0.0
13483;1057VX;1057VX;47;100.0;100.0;100;100;G4;889;0.0;0.0
13485;1057VZ;1057VZ;18;100.0;100.0;100;100;G4;791;0.0;5.56
13487;1057WB;1057WB;20;100.0;100.0;100;100;G4;868;0.0;0.0
13489;1057WC;1057WC;19;100.0;100.0;100;100;G4;956;0.0;0.0
13491;1057WD;1057WD;31;100.0;100.0;100;100;G4;1213;0.0;0.0
13493;1057WE;1057WE;30;100.0;100.0;100;100;G4;1132;0.0;0.0
13495;1057WG;1057WG;25;100.0;100.0;100;100;G4;1316;0.0;0.0
13497;1057WH;1057WH;28;100.0;100.0;100;100;G4;1312;0.0;0.0
13499;1057WJ;1057WJ;28;100.0;100.0;100;100;G4;998;0.0;0.0
13501;1057WK;1057WK;38;100.0;97.37;100;100;G4;922;0.0;2.63
13503;1057WL;1057WL;16;100.0;100.0;100;100;G4;815;0.0;6.25
13505;1057WN;1057WN;20;100.0;100.0;100;100;G4;871;0.0;0.0
13507;1057WP;1057WP;23;100.0;95.65;100;100;G4;1140;0.0;0.0
13509;1057WR;1057WR;35;100.0;94.29;100;100;G4;1078;0.0;8.57
13511;1057WS;1057WS;24;100.0;95.83;100;96;G4;1172;0.0;8.33
13513;1057WT;1057WT;24;100.0;100.0;100;96;G4;1249;0.0;0.0
13515;1057WV;1057WV;32;100.0;93.75;100;97;G4;1068;0.0;0.0
13517;1057WX;1057WX;13;100.0;100.0;100;100;G4;1268;0.0;0.0
13519;1057WZ;1057WZ;40;100.0;97.5;100;100;G4;983;0.0;2.5
13521;1057XA;1057XA;38;100.0;100.0;100;97;G4;1004;0.0;2.63
13523;1057XB;1057XB;22;100.0;100.0;100;95;G4;1270;0.0;0.0
13525;1057XC;1057XC;23;100.0;100.0;100;100;G4;1198;0.0;17.39
13527;1057XD;1057XD;42;100.0;95.24;100;95;G4;786;0.0;0.0
13529;1057XE;1057XE;22;100.0;100.0;100;95;G4;1383;0.0;0.0
13531;1057XG;1057XG;25;100.0;100.0;100;100;G4;1116;0.0;0.0
13533;1057XH;1057XH;24;100.0;100.0;100;92;G4;1203;0.0;0.0
13535;1057XJ;1057XJ;24;100.0;100.0;100;88;G4;1188;0.0;0.0
13537;1057XK;1057XK;24;100.0;100.0;100;100;G4;1252;0.0;0.0
13539;1057XL;1057XL;24;100.0;100.0;100;100;G4;1227;0.0;0.0
13541;1057XM;1057XM;16;100.0;100.0;100;94;G4;1044;0.0;0.0
13543;1057XN;1057XN;70;100.0;62.86;100;63;G4;1003;0.0;1.43
13545;1057XP;1057XP;20;100.0;100.0;100;95;G4;1397;0.0;5.0
13547;1057XR;1057XR;24;100.0;95.83;100;92;G4;1609;0.0;0.0
13549;1057XS;1057XS;22;100.0;100.0;100;95;G4;1366;0.0;22.73
13551;1057XT;1057XT;21;100.0;100.0;100;100;G4;1512;0.0;0.0
13553;1057XV;1057XV;18;100.0;94.44;100;83;G4;1606;0.0;0.0
13555;1057XW;1057XW;24;100.0;100.0;100;96;G4;1182;0.0;0.0
13557;1057XX;1057XX;15;100.0;100.0;100;100;G4;1053;0.0;0.0
13559;1057XZ;1057XZ;22;100.0;90.91;100;95;G4;959;0.0;4.55
13561;1057ZA;1057ZA;23;100.0;86.96;100;91;G4;1016;0.0;0.0
13563;1057ZB;1057ZB;24;100.0;100.0;100;96;G4;1059;0.0;0.0
13565;1057ZC;1057ZC;24;100.0;100.0;100;100;G4;1129;0.0;4.17
13567;1057ZD;1057ZD;24;100.0;100.0;100;96;G4;1057;0.0;0.0
13569;1057ZE;1057ZE;24;100.0;100.0;100;100;G4;956;0.0;0.0
13571;1057ZG;1057ZG;28;100.0;100.0;100;82;G4;1674;0.0;0.0
13573;1057ZH;1057ZH;36;100.0;97.22;100;100;G4;1139;0.0;8.33
13575;1057ZJ;1057ZJ;33;100.0;100.0;100;100;G4;1227;0.0;3.03
13577;1057ZK;1057ZK;23;100.0;100.0;100;91;G4;1476;0.0;0.0
13579;1057ZL;1057ZL;28;100.0;96.43;100;96;G4;1160;0.0;0.0
13581;1057ZM;1057ZM;61;100.0;39.34;100;57;G6;1025;0.0;1.64
13583;1057ZN;1057ZN;24;100.0;100.0;100;100;G4;1111;0.0;4.17
13585;1057ZP;1057ZP;25;100.0;96.0;100;96;G4;1033;0.0;4.0
13587;1057ZR;1057ZR;27;100.0;100.0;100;96;G4;1050;0.0;25.93
13589;1057ZS;1057ZS;24;100.0;100.0;100;100;G4;811;0.0;33.33
13591;1057ZT;1057ZT;26;100.0;96.15;100;100;G4;1011;0.0;15.38
13593;1057ZV;1057ZV;25;100.0;100.0;100;96;G4;931;0.0;28.0
13595;1057ZW;1057ZW;37;100.0;97.3;100;97;G4;1921;0.0;32.43
13597;1057ZX;1057ZX;28;100.0;100.0;100;100;G4;1122;0.0;28.57
13599;1057ZZ;1057ZZ;27;100.0;100.0;100;100;G4;892;0.0;29.63
13601;1058AA;1058AA;48;100.0;100.0;100;100;G4;1182;0.0;0.0
13603;1058AB;1058AB;47;100.0;100.0;100;96;G4;1463;0.0;2.13
13605;1058AC;1058AC;24;100.0;91.67;100;92;G4;1359;0.0;20.83
13607;1058AD;1058AD;41;100.0;95.12;100;90;G4;1429;0.0;2.44
13609;1058AE;1058AE;34;100.0;97.06;100;82;G4;1242;0.0;0.0
13611;1058AG;1058AG;41;100.0;95.12;100;88;G4;1168;0.0;4.88
13613;1058AH;1058AH;34;100.0;100.0;100;88;G4;1962;0.0;0.0
13615;1058AJ;1058AJ;48;100.0;97.92;100;100;G4;998;0.0;12.5
13617;1058AK;1058AK;56;100.0;98.21;100;98;G4;1061;0.0;0.0
13619;1058AL;1058AL;51;100.0;100.0;100;96;G4;1063;0.0;7.84
13621;1058AM;1058AM;53;100.0;94.34;100;94;G4;1023;0.0;0.0
13623;1058AN;1058AN;33;100.0;100.0;100;100;G4;1195;0.0;0.0
13625;1058AP;1058AP;28;100.0;100.0;100;71;G4;1364;0.0;0.0
13627;1058AR;1058AR;31;100.0;100.0;100;94;G4;1227;0.0;0.0
13629;1058AS;1058AS;32;100.0;96.88;100;97;G4;1252;0.0;9.38
13631;1058AT;1058AT;31;100.0;100.0;100;90;G4;1208;0.0;3.23
13633;1058AV;1058AV;25;100.0;100.0;100;56;G4;953;0.0;4.0
13635;1058AW;1058AW;24;100.0;100.0;100;83;G4;2313;0.0;4.17
13637;1058AX;1058AX;30;100.0;93.33;100;83;G4;1172;0.0;30.0
13639;1058AZ;1058AZ;25;100.0;100.0;100;96;G4;1258;0.0;0.0
13641;1058BA;1058BA;31;100.0;100.0;100;100;G4;984;0.0;0.0
13643;1058BB;1058BB;32;100.0;100.0;100;100;G4;955;0.0;0.0
13645;1058BC;1058BC;22;100.0;100.0;100;64;G6;2119;0.0;4.55
13647;1058BD;1058BD;23;100.0;95.65;100;52;G4;2250;0.0;0.0
13649;1058BE;1058BE;58;100.0;100.0;100;86;G4;1122;0.0;1.72
13651;1058BG;1058BG;47;100.0;51.06;100;98;G4;1230;0.0;51.06
13653;1058BH;1058BH;40;100.0;50.0;100;95;G4;1355;0.0;50.0
13655;1058BJ;1058BJ;20;100.0;100.0;100;85;G4;1325;0.0;0.0
13657;1058BK;1058BK;23;100.0;100.0;100;100;G4;1284;0.0;0.0
13659;1058BL;1058BL;24;100.0;100.0;100;100;G4;1140;0.0;29.17
13661;1058BM;1058BM;24;100.0;100.0;100;96;G4;1080;0.0;16.67
13663;1058BN;1058BN;24;100.0;100.0;100;100;G4;904;0.0;0.0
13665;1058BP;1058BP;24;100.0;100.0;100;100;G4;893;0.0;0.0
13667;1058BR;1058BR;21;100.0;100.0;100;100;G4;1258;0.0;0.0
13669;1058BS;1058BS;28;100.0;100.0;100;93;G4;1112;0.0;35.71
13671;1058BT;1058BT;24;100.0;100.0;100;88;G4;1139;0.0;29.17
13673;1058BV;1058BV;24;100.0;100.0;100;92;G4;1132;0.0;4.17
13675;1058BW;1058BW;34;100.0;97.06;100;97;G4;271;0.0;0.0
13677;1058BX;1058BX;24;100.0;100.0;100;100;G4;899;0.0;4.17
13679;1058BZ;1058BZ;28;100.0;100.0;100;100;G4;1065;0.0;10.71
13681;1058CA;1058CA;28;100.0;100.0;100;100;G4;857;0.0;10.71
13683;1058CB;1058CB;24;100.0;100.0;100;100;G4;979;0.0;16.67
13685;1058CC;1058CC;24;100.0;100.0;100;100;G4;1021;0.0;0.0
13687;1058CD;1058CD;24;100.0;100.0;100;96;G4;1026;0.0;4.17
13689;1058CE;1058CE;24;100.0;100.0;100;96;G4;1017;0.0;0.0
13691;1058CG;1058CG;24;100.0;100.0;100;100;G4;853;0.0;33.33
13693;1058CH;1058CH;24;100.0;100.0;100;100;G4;965;0.0;20.83
13695;1058CJ;1058CJ;24;100.0;100.0;100;96;G4;953;0.0;16.67
13697;1058CK;1058CK;27;100.0;100.0;100;100;G4;1018;0.0;0.0
13699;1058CL;1058CL;32;100.0;100.0;100;100;G4;1017;0.0;0.0
13701;1058CM;1058CM;24;100.0;100.0;100;100;G4;1204;0.0;0.0
13703;1058CN;1058CN;24;100.0;100.0;100;96;G4;1128;0.0;0.0
13705;1058CP;1058CP;24;100.0;100.0;100;100;G4;1054;0.0;0.0
13707;1058CR;1058CR;28;100.0;100.0;100;100;G4;1127;0.0;0.0
13709;1058CS;1058CS;24;100.0;100.0;100;96;G4;943;0.0;4.17
13711;1058CT;1058CT;24;100.0;100.0;100;100;G4;1028;0.0;0.0
13713;1058CV;1058CV;24;100.0;100.0;100;100;G4;892;0.0;0.0
13715;1058CW;1058CW;24;100.0;100.0;100;92;G4;1123;0.0;0.0
13717;1058CX;1058CX;24;100.0;100.0;100;100;G4;861;0.0;0.0
13719;1058CZ;1058CZ;24;100.0;100.0;100;100;G4;1073;0.0;0.0
13721;1058DA;1058DA;18;100.0;94.44;100;94;G4;1892;0.0;0.0
13723;1058DB;1058DB;23;100.0;100.0;100;91;G4;1285;0.0;0.0
13725;1058DC;1058DC;21;100.0;100.0;100;95;G4;1070;0.0;19.05
13727;1058DD;1058DD;36;100.0;100.0;100;97;G4;1739;0.0;0.0
13729;1058DE;1058DE;54;100.0;100.0;100;100;G4;930;0.0;1.85
13731;1058DG;1058DG;48;100.0;100.0;100;100;G4;1037;0.0;2.08
13733;1058DH;1058DH;37;100.0;89.19;100;100;G4;1048;0.0;10.81
13735;1058DJ;1058DJ;20;100.0;100.0;100;100;G4;872;0.0;0.0
13737;1058DK;1058DK;32;100.0;100.0;100;100;G4;1073;0.0;6.25
13739;1058DL;1058DL;24;100.0;100.0;100;100;G4;1019;0.0;0.0
13741;1058DM;1058DM;24;100.0;100.0;100;96;G4;1003;0.0;0.0
13743;1058DN;1058DN;28;100.0;100.0;100;93;G4;1177;0.0;3.57
13745;1058DP;1058DP;25;100.0;100.0;100;100;G4;1012;0.0;24.0
13747;1058DR;1058DR;25;100.0;96.0;100;92;G4;1116;0.0;20.0
13749;1058DS;1058DS;24;100.0;100.0;100;100;G4;1232;0.0;0.0
13751;1058DT;1058DT;24;100.0;100.0;100;96;G4;1049;0.0;0.0
13753;1058DV;1058DV;29;100.0;82.76;100;83;G4;1426;0.0;0.0
13755;1058DW;1058DW;27;100.0;92.59;100;81;G4;1647;0.0;0.0
13757;1058DX;1058DX;23;100.0;100.0;100;83;G4;663;0.0;0.0
13759;1058EA;1058EB;38;100.0;97.37;100;95;G4;1225;0.0;2.63
13761;1058EC;1058EC;35;100.0;100.0;100;100;G4;34;0.0;5.71
13763;1058ED;1058ED;17;100.0;94.12;100;100;G4;19;0.0;0.0
13765;1058EE;1058EE;32;100.0;96.88;100;100;G4;39;0.0;0.0
13767;1058EG;1058EG;35;100.0;97.14;100;100;G4;22;0.0;0.0
13769;1058EH;1058EH;18;100.0;100.0;100;100;G4;27;0.0;0.0
13771;1058EJ;1058EJ;36;100.0;100.0;100;100;G4;27;0.0;0.0
13773;1058EK;1058EK;36;100.0;91.67;100;100;G4;26;0.0;0.0
13775;1058EL;1058EL;17;100.0;100.0;100;100;G4;101;0.0;0.0
13777;1058EM;1058EM;35;100.0;97.14;100;100;G4;49;0.0;2.86
13779;1058EN;1058EN;34;100.0;88.24;100;97;G4;36;0.0;0.0
13781;1058EP;1058EP;17;100.0;100.0;100;100;G4;43;0.0;0.0
13783;1058ER;1058ER;35;100.0;97.14;100;100;G4;22;0.0;5.71
13785;1058ES;1058ES;34;100.0;100.0;100;100;G4;71;0.0;2.94
13787;1058ET;1058ET;18;100.0;94.44;100;100;G4;46;0.0;0.0
13793;1058GH;1058GH;48;100.0;100.0;100;100;G4;890;0.0;60.42
13795;1058GJ;1058GJ;24;100.0;100.0;100;96;G4;1824;0.0;83.33
13797;1058GK;1058GK;28;100.0;100.0;100;82;G4;1257;0.0;0.0
13799;1058GL;1058GL;30;100.0;93.33;100;90;G4;1731;0.0;20.0
13801;1058GM;1058GM;21;100.0;95.24;100;95;G4;791;0.0;0.0
13803;1058GN;1058GN;15;100.0;93.33;100;80;G4;938;0.0;40.0
13805;1058GP;1058GP;29;100.0;100.0;100;72;G4;2233;0.0;27.59
13807;1058GR;1058GR;23;100.0;100.0;100;65;G4;155;0.0;0.0
13809;1058GS;1058GS;24;100.0;100.0;100;58;G4;1252;0.0;4.17
13811;1058GT;1058GT;23;100.0;100.0;100;78;G6;1411;0.0;0.0
13813;1058GV;1058GV;29;100.0;100.0;100;83;G4;2263;0.0;13.79
13815;1058GW;1058GW;25;100.0;100.0;100;88;G4;1010;0.0;4.0
13817;1058GX;1058GX;24;100.0;100.0;100;92;G4;973;0.0;0.0
13819;1058GZ;1058GZ;40;100.0;100.0;100;95;G4;1084;0.0;0.0
13821;1058HA;1058HA;23;100.0;100.0;100;96;G4;1087;0.0;4.35
13823;1058HB;1058HB;23;100.0;100.0;100;100;G4;1029;0.0;0.0
13825;1058HC;1058HC;25;100.0;96.0;100;92;G4;1069;0.0;20.0
13827;1058HD;1058HD;31;100.0;96.77;100;74;G4;1473;0.0;25.81
13829;1058HE;1058HE;75;100.0;100.0;100;95;G4;1402;0.0;1.33
13831;1058HG;1058HG;34;100.0;97.06;100;74;G4;1411;0.0;0.0
13833;1058HH;1058HH;32;100.0;90.63;100;91;G4;1358;0.0;0.0
13835;1058HJ;1058HJ;27;100.0;96.3;100;89;G4;1323;0.0;3.7
13837;1058HK;1058HK;33;100.0;96.97;100;79;G4;1136;0.0;21.21
13839;1058HL;1058HL;20;100.0;100.0;100;90;G4;1755;0.0;0.0
13841;1058HM;1058HM;64;100.0;90.63;100;89;G4;994;0.0;3.13
13843;1058HN;1058HN;22;100.0;100.0;100;91;G4;915;0.0;4.55
13845;1058HP;1058HP;26;100.0;100.0;100;96;G4;1094;0.0;3.85
13847;1058HR;1058HR;24;100.0;100.0;100;96;G4;1204;0.0;0.0
13849;1058HS;1058HS;21;100.0;100.0;100;86;G4;2835;0.0;0.0
13851;1058HT;1058HT;15;100.0;100.0;100;80;G4;1107;0.0;0.0
13853;1058HV;1058HV;21;100.0;100.0;100;95;G4;125;0.0;0.0
13855;1058HW;1058HW;24;100.0;91.67;100;71;G4;2175;0.0;20.83
13857;1058HX;1058HX;30;100.0;100.0;100;60;G4;1891;0.0;0.0
13859;1058HZ;1058HZ;27;100.0;96.3;100;63;G4;1681;0.0;7.41
13861;1058JA;1058JA;22;100.0;95.45;100;68;G4;1987;0.0;0.0
13863;1058JB;1058JB;23;100.0;91.3;100;70;G4;1894;0.0;0.0
13865;1058JC;1058JC;25;100.0;96.0;100;60;G6;1664;0.0;12.0
13867;1058JD;1058JD;14;100.0;100.0;100;71;G4;3050;0.0;7.14
13869;1058JE;1058JE;23;100.0;100.0;100;87;G4;1207;0.0;0.0
13871;1058JG;1058JG;23;100.0;100.0;100;96;G4;1212;0.0;21.74
13873;1058JH;1058JH;20;100.0;95.0;100;100;G4;1252;0.0;0.0
13875;1058JJ;1058JJ;26;100.0;100.0;100;92;G4;1119;0.0;3.85
13877;1058JK;1058JK;28;100.0;100.0;100;82;G4;1228;0.0;0.0
13879;1058JL;1058JL;26;100.0;96.15;100;88;G4;1920;0.0;38.46
13881;1058JM;1058JM;22;100.0;95.45;100;91;G4;4216;0.0;31.82
13883;1058JN;1058JN;25;100.0;100.0;100;92;G4;1210;0.0;4.0
13885;1058JP;1058JP;25;100.0;100.0;100;84;G4;1304;0.0;0.0
13887;1058JR;1058JR;20;100.0;100.0;100;85;G4;1132;0.0;35.0
13889;1058JS;1058JS;25;100.0;100.0;100;100;G4;1276;0.0;12.0
13891;1058JT;1058JT;24;100.0;100.0;100;96;G4;1155;0.0;4.17
13893;1058JV;1058JV;24;100.0;100.0;100;100;G4;1279;0.0;4.17
13895;1058JW;1058JW;34;100.0;100.0;100;97;G4;1359;0.0;17.65
13897;1058JX;1058JX;32;100.0;100.0;100;94;G4;1107;0.0;0.0
13899;1058JZ;1058JZ;35;100.0;100.0;100;91;G4;1351;0.0;22.86
13901;1058KA;1058KA;26;100.0;96.15;100;88;G4;1209;0.0;15.38
13903;1058KB;1058KB;25;100.0;100.0;100;96;G4;1198;0.0;16.0
13905;1058KC;1058KC;29;100.0;96.55;100;100;G4;1327;0.0;3.45
13907;1058KD;1058KD;25;100.0;100.0;100;100;G4;1037;0.0;0.0
13909;1058KE;1058KE;24;100.0;100.0;100;100;G4;1033;0.0;0.0
13911;1058KG;1058KG;22;100.0;100.0;100;95;G4;1041;0.0;36.36
13913;1058KH;1058KH;40;100.0;100.0;100;93;G4;1110;0.0;0.0
13915;1058KJ;1058KJ;32;100.0;100.0;100;100;G4;1067;0.0;0.0
13917;1058KK;1058KK;29;100.0;100.0;100;93;G4;1134;0.0;0.0
13919;1058KL;1058KL;34;100.0;100.0;100;97;G4;2312;0.0;29.41
13921;1058KM;1058KM;27;100.0;100.0;100;100;G4;1149;0.0;11.11
13923;1058KN;1058KN;26;100.0;100.0;100;100;G4;1210;0.0;15.38
13925;1058KP;1058KP;27;100.0;100.0;100;100;G4;1062;0.0;0.0
13927;1058KR;1058KR;40;100.0;97.5;100;100;G4;891;0.0;0.0
13929;1058KS;1058KS;35;100.0;100.0;100;94;G4;985;0.0;0.0
13931;1058KT;1058KT;35;100.0;97.14;100;91;G4;1227;0.0;17.14
13933;1058KV;1058KV;28;100.0;100.0;100;89;G4;1099;0.0;25.0
13935;1058KW;1058KW;40;100.0;100.0;100;90;G4;1015;0.0;10.0
13937;1058KX;1058KX;44;100.0;100.0;100;89;G4;1052;0.0;0.0
13939;1058KZ;1058KZ;28;100.0;100.0;100;89;G4;1202;0.0;25.0
13941;1058LA;1058LA;32;100.0;100.0;100;100;G4;1115;0.0;6.25
13943;1058LB;1058LB;25;100.0;100.0;100;96;G4;1059;0.0;0.0
13945;1058LC;1058LC;36;100.0;94.44;100;94;G4;1108;0.0;2.78
13947;1058LD;1058LD;29;100.0;100.0;100;100;G4;969;0.0;0.0
13949;1058LE;1058LE;37;100.0;100.0;100;97;G4;948;0.0;2.7
13951;1058LG;1058LG;31;100.0;100.0;100;100;G4;1071;0.0;0.0
13953;1058LH;1058LH;38;100.0;100.0;100;100;G4;896;0.0;0.0
13955;1058LJ;1058LJ;35;100.0;68.57;100;97;G4;1666;0.0;0.0
13957;1058LK;1058LK;25;100.0;100.0;100;96;G4;1040;0.0;16.0
13959;1058LL;1058LL;23;100.0;100.0;100;96;G4;1139;0.0;4.35
13961;1058LM;1058LM;31;100.0;100.0;100;100;G4;1016;0.0;0.0
13963;1058LN;1058LN;27;100.0;96.3;100;93;G4;1099;0.0;44.44
13965;1058LP;1058LP;32;100.0;100.0;100;97;G4;1024;0.0;46.88
13967;1058LR;1058LR;28;100.0;100.0;100;100;G4;1114;0.0;0.0
13969;1058LS;1058LS;24;100.0;100.0;100;96;G4;1274;0.0;37.5
13971;1058LT;1058LT;25;100.0;100.0;100;96;G4;1368;0.0;12.0
13973;1058LX;1058LX;10;100.0;100.0;100;100;G6;4475;0.0;0.0
13975;1058LZ;1058NA;51;100.0;100.0;100;71;G4;1715;0.0;0.0
13978;1058NB;1058NB;47;100.0;100.0;100;87;G4;1391;0.0;12.77
13980;1058NC;1058NC;43;100.0;100.0;100;74;G4;1334;0.0;2.33
13982;1058ND;1058ND;29;100.0;100.0;100;86;G4;1249;0.0;3.45
13984;1058NE;1058NE;33;100.0;100.0;100;91;G4;1285;0.0;9.09
13986;1058NG;1058NG;29;100.0;96.55;100;97;G4;1479;0.0;20.69
13988;1058NH;1058NH;28;100.0;100.0;100;71;G4;1255;0.0;10.71
13990;1058NJ;1058NJ;28;100.0;96.43;100;93;G4;1180;0.0;0.0
13992;1058NK;1058NK;24;100.0;100.0;100;96;G4;1042;0.0;4.17
13994;1058NL;1058NL;55;100.0;100.0;100;95;G4;912;0.0;1.82
13996;1058NM;1058NM;51;100.0;100.0;100;96;G4;1313;0.0;13.73
13998;1058NN;1058NN;36;100.0;100.0;100;97;G4;1037;0.0;0.0
14000;1058NP;1058NP;30;100.0;100.0;100;93;G4;2215;0.0;0.0
14002;1058PA;1058PB;22;100.0;95.45;100;59;G4;1581;0.0;0.0
14004;1058PC;1058PC;27;100.0;100.0;100;52;G4;938;0.0;0.0
14006;1058PD;1058PD;35;100.0;100.0;100;71;G4;1185;0.0;0.0
14008;1058SB;1058SB;20;100.0;100.0;100;90;G4;1093;0.0;5.0
14010;1058SC;1058SC;24;100.0;100.0;100;83;G4;995;0.0;0.0
14012;1058SE;1058SE;24;100.0;95.83;100;92;G4;1950;0.0;0.0
14014;1058SG;1058SG;23;100.0;100.0;100;96;G4;1110;0.0;0.0
14016;1058SH;1058SH;21;100.0;100.0;100;100;G4;1063;0.0;4.76
14018;1058SJ;1058SJ;27;100.0;100.0;100;100;G4;1048;0.0;14.81
14020;1058SK;1058SK;24;100.0;100.0;100;100;G4;1145;0.0;0.0
14022;1058SL;1058SL;21;100.0;100.0;100;100;G4;1273;0.0;0.0
14024;1058SM;1058SM;12;100.0;100.0;100;100;G4;1142;0.0;8.33
14026;1058SN;1058SN;18;100.0;100.0;100;83;G4;1153;0.0;0.0
14028;1058SP;1058SP;24;100.0;100.0;100;100;G4;1033;0.0;83.33
14030;1058SR;1058SR;29;100.0;100.0;100;100;G4;1079;0.0;0.0
14032;1058ST;1058ST;30;100.0;96.67;100;97;G4;896;0.0;0.0
14034;1058SV;1058SV;24;100.0;100.0;100;100;G4;932;0.0;4.17
14036;1058SW;1058SW;23;100.0;100.0;100;100;G4;1074;0.0;0.0
14038;1058SX;1058SX;15;100.0;100.0;100;100;G4;1189;0.0;0.0
14040;1058SZ;1058SZ;23;100.0;95.65;100;96;G4;1211;0.0;0.0
14042;1058TA;1058TA;30;100.0;96.67;100;100;G4;1211;0.0;10.0
14044;1058TB;1058TB;28;100.0;100.0;100;93;G4;1042;0.0;0.0
14046;1058TC;1058TC;28;100.0;100.0;100;79;G4;1228;0.0;10.71
14048;1058TD;1058TD;18;100.0;100.0;100;89;G4;1036;0.0;0.0
14050;1058TE;1058TE;19;100.0;100.0;100;100;G4;1276;0.0;0.0
14052;1058TG;1058TG;28;100.0;100.0;100;100;G4;1005;0.0;21.43
14054;1058TH;1058TH;27;100.0;100.0;100;93;G4;1057;0.0;0.0
14056;1058TJ;1058TJ;24;100.0;100.0;100;96;G4;909;0.0;4.17
14058;1058TK;1058TK;18;100.0;100.0;100;100;G4;1047;0.0;0.0
14060;1058TL;1058TL;20;100.0;100.0;100;95;G4;1002;0.0;0.0
14062;1058TM;1058TM;24;100.0;100.0;100;100;G4;839;0.0;0.0
14064;1058TN;1058TN;24;100.0;100.0;100;100;G4;1070;0.0;4.17
14066;1058TP;1058TP;21;100.0;100.0;100;100;G4;996;0.0;28.57
14068;1058TR;1058TR;14;100.0;100.0;100;79;G4;1309;0.0;0.0
14070;1058TS;1058TS;19;100.0;100.0;100;89;G4;1021;0.0;0.0
14072;1058TT;1058TT;23;100.0;95.65;100;96;G4;1378;0.0;34.78
14074;1058TV;1058TV;29;100.0;100.0;100;90;G4;1666;0.0;0.0
14076;1058TW;1058TW;26;100.0;100.0;100;100;G4;1271;0.0;0.0
14078;1058TX;1058TX;41;100.0;95.12;100;95;G4;964;0.0;7.32
14080;1058TZ;1058TZ;24;100.0;100.0;100;96;G4;866;0.0;0.0
14082;1058VA;1058VA;23;100.0;95.65;100;100;G4;988;0.0;17.39
14084;1058VB;1058VB;24;100.0;100.0;100;100;G4;1015;0.0;33.33
14086;1058VC;1058VC;18;100.0;100.0;100;94;G4;1160;0.0;0.0
14088;1058VD;1058VD;19;100.0;100.0;100;58;G4;1692;0.0;21.05
14090;1058VE;1058VG;37;100.0;97.3;100;84;G4;2043;0.0;0.0
14093;1058VH;1058VH;24;100.0;100.0;100;88;G4;1446;0.0;0.0
14095;1058VJ;1058VJ;24;100.0;100.0;100;83;G4;1316;0.0;4.17
14097;1058VK;1058VK;25;100.0;100.0;100;84;G4;1397;0.0;8.0
14099;1058VL;1058VL;25;100.0;100.0;100;76;G4;1475;0.0;0.0
14101;1058VM;1058VM;21;100.0;95.24;100;86;G4;1479;0.0;0.0
14103;1058VN;1058VN;30;100.0;90.0;100;80;G4;1334;0.0;36.67
14105;1058VP;1058VP;24;100.0;100.0;100;83;G4;1451;0.0;0.0
14107;1058VR;1058VR;22;100.0;100.0;100;100;G4;1347;0.0;13.64
14109;1058VS;1058VS;29;100.0;86.21;100;93;G4;1369;0.0;13.79
14111;1058VT;1058VT;26;100.0;100.0;100;96;G4;1151;0.0;3.85
14113;1058VV;1058VV;17;100.0;76.47;100;88;G4;1301;0.0;23.53
14115;1058VW;1058VW;22;100.0;100.0;100;91;G4;1600;0.0;0.0
14117;1058VX;1058VX;18;100.0;100.0;100;100;G4;1549;0.0;50.0
14119;1058VZ;1058VZ;38;100.0;89.47;100;95;G4;999;0.0;18.42
14121;1058XA;1058XA;26;100.0;100.0;100;92;G4;1344;0.0;0.0
14123;1058XB;1058XB;31;100.0;96.77;100;100;G4;916;0.0;3.23
14125;1058XC;1058XC;37;100.0;100.0;100;89;G4;1517;0.0;0.0
14127;1058XD;1058XD;37;100.0;100.0;100;97;G4;1095;0.0;0.0
14129;1058XE;1058XE;33;100.0;100.0;100;79;G4;1146;0.0;0.0
14131;1058XG;1058XG;24;100.0;100.0;100;100;G4;1074;0.0;0.0
14133;1058XH;1058XH;33;100.0;100.0;100;94;G4;1213;0.0;0.0
14135;1058XJ;1058XJ;34;100.0;100.0;100;97;G4;922;0.0;5.88
14137;1058XK;1058XK;25;100.0;100.0;100;88;G4;943;0.0;48.0
14139;1058XL;1058XL;26;100.0;96.15;100;92;G4;1210;0.0;3.85
14141;1058XM;1058XM;35;100.0;100.0;100;94;G4;938;0.0;0.0
14143;1058XN;1058XN;16;100.0;100.0;100;94;G4;1244;0.0;0.0
14145;1058XP;1058XP;35;100.0;97.14;100;94;G4;1052;0.0;0.0
14147;1058XR;1058XR;56;100.0;98.21;100;96;G4;945;0.0;7.14
14149;1058XS;1058XS;24;100.0;100.0;100;96;G4;1082;0.0;0.0
14151;1058XT;1058XT;60;100.0;100.0;100;98;G4;1001;0.0;8.33
14153;1058XV;1058XV;48;100.0;97.92;100;96;G4;1163;0.0;0.0
14155;1058XW;1058XW;54;100.0;98.15;100;98;G4;1028;0.0;0.0
14157;1058XX;1058XX;44;100.0;100.0;100;98;G4;808;0.0;0.0
14159;1058XZ;1058XZ;48;100.0;97.92;100;98;G4;951;0.0;0.0
14161;1059AA;1059AA;43;100.0;100.0;100;100;G4;1184;0.0;0.0
14163;1059AB;1059AB;42;100.0;100.0;100;95;G4;1090;0.0;23.81
14165;1059AC;1059AC;24;100.0;100.0;100;83;G4;1311;0.0;0.0
14167;1059AD;1059AD;40;100.0;100.0;100;93;G4;1065;0.0;37.5
14169;1059AE;1059AE;34;100.0;100.0;100;91;G4;1138;0.0;2.94
14171;1059AG;1059AG;31;100.0;100.0;100;97;G4;1151;0.0;3.23
14173;1059AH;1059AH;28;100.0;100.0;100;100;G4;1013;0.0;25.0
14175;1059AJ;1059AJ;39;100.0;89.74;100;85;G4;1008;0.0;15.38
14177;1059AK;1059AK;54;100.0;100.0;100;100;G4;1093;0.0;9.26
14179;1059AL;1059AL;29;100.0;100.0;100;100;G4;954;0.0;13.79
14181;1059AM;1059AM;28;100.0;100.0;100;93;G4;1185;0.0;0.0
14183;1059AN;1059AN;25;100.0;100.0;100;88;G4;1001;0.0;0.0
14185;1059AP;1059AP;25;100.0;100.0;100;92;G4;1334;0.0;0.0
14187;1059AR;1059AR;20;100.0;100.0;100;95;G4;1041;0.0;5.0
14189;1059AS;1059AS;24;100.0;100.0;100;96;G4;1111;0.0;25.0
14191;1059AT;1059AT;14;100.0;100.0;100;86;G4;1672;0.0;0.0
14193;1059AV;1059AV;40;100.0;100.0;100;98;G4;1348;0.0;80.0
14195;1059AW;1059AW;39;100.0;97.44;100;97;G4;1080;0.0;71.79
14197;1059AX;1059AX;33;100.0;96.97;100;94;G4;1790;0.0;69.7
14199;1059AZ;1059AZ;29;100.0;100.0;100;100;G4;1051;0.0;58.62
14201;1059BA;1059BA;43;100.0;100.0;100;100;G4;1107;0.0;72.09
14203;1059BB;1059BB;36;100.0;100.0;100;100;G4;1104;0.0;97.22
14205;1059BC;1059BC;20;100.0;95.0;100;95;G4;1326;0.0;80.0
14207;1059BD;1059BD;24;100.0;100.0;100;100;G4;1128;0.0;100.0
14209;1059BE;1059BE;20;100.0;100.0;100;95;G4;1120;0.0;60.0
14211;1059BG;1059BG;35;100.0;97.14;100;97;G4;1025;0.0;97.14
14213;1059BH;1059BH;32;100.0;100.0;100;100;G4;1024;0.0;100.0
14215;1059BJ;1059BJ;33;100.0;100.0;100;97;G4;1072;0.0;96.97
14217;1059BK;1059BK;24;100.0;100.0;100;100;G4;1061;0.0;66.67
14219;1059BL;1059BL;24;100.0;100.0;100;92;G4;1004;0.0;16.67
14221;1059BM;1059BM;28;100.0;100.0;100;100;G4;929;0.0;82.14
14223;1059BN;1059BN;23;100.0;100.0;100;100;G4;2127;0.0;8.7
14224;1059BP;1059BP;20;100.0;100.0;100;95;G4;2268;0.0;0.0
14227;1059BR;1059BS;25;100.0;100.0;100;100;G4;944;0.0;0.0
14229;1059BT;1059BV;26;100.0;96.15;100;77;G4;3270;0.0;7.69
14232;1059BW;1059CA;22;100.0;90.91;100;50;G4;4748;0.0;4.55
14234;1059CC;1059CD;12;100.0;58.33;100;42;G6;8150;0.0;8.33
14236;1059CE;1059CG;20;100.0;90.0;100;40;G16;8718;0.0;5.0
14238;1059CH;1059CJ;16;100.0;93.75;100;38;G6;4041;0.0;12.5
14240;1059CK;1059CR;38;100.0;97.37;100;74;G4;3049;0.0;5.26
14243;1059CS;1059CS;24;100.0;100.0;100;88;G4;1182;0.0;4.17
14245;1059CT;1059CT;23;100.0;100.0;100;96;G4;987;0.0;0.0
14247;1059CV;1059CV;27;100.0;85.19;100;78;G4;1208;0.0;3.7
14249;1059CW;1059CW;42;100.0;100.0;100;88;G4;1207;0.0;9.52
14251;1059CX;1059CX;40;100.0;100.0;100;95;G4;1106;0.0;10.0
14253;1059CZ;1059CZ;29;100.0;100.0;100;97;G4;885;0.0;37.93
14255;1059EA;1059EA;27;100.0;100.0;100;100;G4;866;0.0;29.63
14257;1059EB;1059EB;121;100.0;99.17;100;99;G4;995;0.0;4.13
14259;1059EC;1059EC;24;100.0;95.83;100;96;G4;1313;0.0;45.83
14261;1059ED;1059ED;31;100.0;96.77;100;97;G4;1181;0.0;90.32
14263;1059EE;1059EE;24;100.0;100.0;100;100;G4;1488;0.0;100.0
14265;1059EG;1059EG;21;100.0;100.0;100;100;G4;1339;0.0;85.71
14267;1059EH;1059EH;21;100.0;100.0;100;100;G4;1442;0.0;66.67
14269;1059EJ;1059EJ;23;100.0;100.0;100;100;G4;1435;0.0;100.0
14271;1059EK;1059EK;26;100.0;96.15;100;92;G4;1341;0.0;96.15
14273;1059EL;1059EL;27;100.0;100.0;100;96;G4;1250;0.0;88.89
14275;1059EM;1059EM;20;100.0;95.0;100;95;G4;1073;0.0;95.0
14277;1059EN;1059EN;23;100.0;100.0;100;100;G4;1157;0.0;91.3
14279;1059EP;1059EP;16;100.0;100.0;100;100;G4;1008;0.0;93.75
14281;1059ER;1059ER;24;100.0;100.0;100;100;G4;1180;0.0;95.83
14283;1059ES;1059ES;16;100.0;100.0;100;100;G4;1142;0.0;100.0
14285;1059ET;1059ET;24;100.0;100.0;100;100;G4;1078;0.0;100.0
14287;1059EV;1059EV;24;100.0;100.0;100;100;G4;1285;0.0;100.0
14289;1059EW;1059EW;16;100.0;100.0;100;100;G4;1215;0.0;93.75
14291;1059EX;1059EX;16;100.0;100.0;100;100;G4;1373;0.0;100.0
14293;1059EZ;1059EZ;24;100.0;100.0;100;100;G4;1090;0.0;100.0
14295;1059GA;1059GA;26;100.0;100.0;100;100;G4;1100;0.0;100.0
14297;1059GB;1059GB;24;100.0;95.83;100;100;G4;1192;0.0;100.0
14299;1059GC;1059GC;24;100.0;100.0;100;100;G4;1190;0.0;95.83
14301;1059GD;1059GD;16;100.0;100.0;100;100;G4;1323;0.0;93.75
14303;1059GE;1059GE;16;100.0;100.0;100;100;G4;1229;0.0;100.0
14305;1059GG;1059GG;24;100.0;100.0;100;100;G4;1127;0.0;100.0
14307;1059GH;1059GH;26;100.0;100.0;100;100;G4;1000;0.0;92.31
14309;1059GK;1059SP;29;100.0;100.0;100;90;G4;3028;0.0;20.69
14312;1059SR;1059SR;21;100.0;95.24;100;95;G4;1153;0.0;57.14
14314;1059ST;1059ST;24;100.0;100.0;100;100;G4;1235;0.0;50.0
14316;1059SV;1059SV;21;100.0;100.0;100;100;G4;1205;0.0;38.1
14318;1059SW;1059SW;15;100.0;100.0;100;100;G4;1192;0.0;33.33
14320;1059SX;1059SX;23;100.0;100.0;100;100;G4;1297;0.0;56.52
14322;1059SZ;1059SZ;24;100.0;100.0;100;100;G4;1014;0.0;75.0
14324;1059TA;1059TA;14;100.0;92.86;100;93;G4;961;0.0;92.86
14326;1059TB;1059TB;23;100.0;100.0;100;96;G4;1324;0.0;78.26
14328;1059TC;1059TC;16;100.0;100.0;100;94;G4;1085;0.0;87.5
14330;1059TD;1059TD;20;100.0;100.0;100;100;G4;1326;0.0;90.0
14332;1059TE;1059TE;24;100.0;100.0;100;96;G4;1268;0.0;79.17
14334;1059TG;1059TG;25;100.0;100.0;100;96;G4;1118;0.0;36.0
14336;1059TH;1059TH;23;100.0;100.0;100;100;G4;1003;0.0;100.0
14338;1059TJ;1059TJ;20;100.0;100.0;100;95;G4;782;0.0;60.0
14340;1059TK;1059TK;24;100.0;100.0;100;100;G4;1117;0.0;83.33
14342;1059TL;1059TL;24;100.0;100.0;100;100;G4;927;0.0;25.0
14344;1059TM;1059TM;23;100.0;100.0;100;96;G4;1356;0.0;4.35
14346;1059TN;1059TN;16;100.0;100.0;100;100;G4;1188;0.0;31.25
14348;1059TP;1059TP;20;100.0;100.0;100;95;G4;1065;0.0;20.0
14350;1059TR;1059TR;20;100.0;100.0;100;100;G4;1016;0.0;60.0
14352;1059TS;1059TS;20;100.0;100.0;100;90;G4;985;0.0;40.0
14354;1059TT;1059TT;24;100.0;100.0;100;100;G4;1325;0.0;100.0
14356;1059TV;1059TV;24;100.0;100.0;100;100;G4;1032;0.0;100.0
14358;1059TW;1059TW;16;100.0;100.0;100;100;G4;1280;0.0;100.0
14360;1059VD;1059VN;35;100.0;97.14;100;89;G4;1596;0.0;88.57
14363;1059VP;1059VP;30;100.0;96.67;100;100;G4;1164;0.0;60.0
14365;1059VR;1059VR;21;100.0;100.0;100;100;G4;1356;0.0;71.43
14367;1059VS;1059VS;30;100.0;100.0;100;100;G4;1091;0.0;90.0
14369;1059VT;1059VT;22;100.0;100.0;100;100;G4;1263;0.0;68.18
14371;1059VV;1059VV;41;100.0;100.0;100;100;G4;1156;0.0;95.12
14373;1059VW;1059VW;28;100.0;100.0;100;96;G4;1172;0.0;78.57
14375;1059VX;1059VX;15;100.0;100.0;100;93;G4;2153;0.0;100.0
14377;1059VZ;1059VZ;36;100.0;100.0;100;97;G4;1198;0.0;88.89
14379;1059WB;1059WB;16;100.0;100.0;100;100;G4;694;0.0;12.5
14381;1059WC;1059WC;20;100.0;100.0;100;100;G4;749;0.0;5.0
14383;1059WD;1059WD;16;100.0;100.0;100;100;G4;729;0.0;0.0
14385;1059WE;1059WE;20;100.0;100.0;100;100;G4;719;0.0;0.0
14387;1059XA;1059XA;32;100.0;100.0;100;97;G4;1546;0.0;96.88
14389;1059XB;1059XB;29;100.0;100.0;100;100;G4;1051;0.0;100.0
14391;1059XC;1059XC;15;100.0;80.0;100;93;G4;923;0.0;46.67
14393;1059XD;1059XD;18;100.0;100.0;100;100;G4;996;0.0;66.67
14395;1059XE;1059XE;23;100.0;95.65;100;100;G4;1196;0.0;95.65
14397;1059XG;1059XG;18;100.0;100.0;100;100;G4;1037;0.0;44.44
14399;1059XH;1059XH;21;100.0;95.24;100;86;G4;1086;0.0;85.71
14401;1059XJ;1059XJ;20;100.0;100.0;100;100;G4;955;0.0;100.0
14403;1059XK;1059XK;23;100.0;95.65;100;96;G4;980;0.0;91.3
14405;1059XL;1059XL;18;100.0;100.0;100;100;G4;1164;0.0;38.89
14407;1059XM;1059XM;14;100.0;100.0;100;86;G4;1024;0.0;71.43
14409;1059XN;1059XN;18;100.0;100.0;100;100;G4;999;0.0;66.67
14411;1059XP;1059XP;18;100.0;100.0;100;100;G4;1045;0.0;83.33
14413;1059XR;1059XR;22;100.0;90.91;100;100;G4;1170;0.0;95.45
14415;1059XS;1059XS;40;100.0;100.0;100;100;G4;893;0.0;50.0
14417;1059XT;1059XT;33;100.0;100.0;100;97;G4;968;0.0;30.3
14419;1059XV;1059XV;36;100.0;100.0;100;97;G4;1103;0.0;66.67
14421;1059XW;1059XW;44;100.0;100.0;100;98;G4;957;0.0;90.91
14423;1059XX;1059XX;40;100.0;100.0;100;100;G4;990;0.0;42.5
14425;1059XZ;1059XZ;42;100.0;100.0;100;98;G4;1102;0.0;73.81
14427;1060LG;1060LP;14;100.0;92.86;100;86;G4;4720;0.0;7.14
14430;1060LR;1060LR;13;100.0;92.31;100;92;G4;2687;0.0;0.0
14432;1060LS;1060LS;20;100.0;100.0;100;100;G4;1250;0.0;10.0
14434;1060LT;1060LV;31;100.0;100.0;100;100;G4;1384;0.0;6.45
14436;1060LW;1060LW;18;100.0;100.0;100;94;G4;2699;0.0;22.22
14438;1060LX;1060LX;25;100.0;100.0;100;100;G4;1452;0.0;8.0
14440;1060LZ;1060LZ;25;100.0;100.0;100;100;G4;1594;0.0;8.0
14442;1060MB;1060MB;18;100.0;100.0;100;100;G4;1319;0.0;5.56
14444;1060MC;1060MC;16;100.0;100.0;100;100;G4;1259;0.0;6.25
14446;1060MD;1060MD;19;100.0;100.0;100;100;G4;1329;0.0;5.26
14448;1060ME;1060ME;20;100.0;100.0;100;100;G4;1220;0.0;5.0
14450;1060MG;1060MG;21;100.0;100.0;100;100;G4;1567;0.0;28.57
14452;1060MH;1060MJ;27;100.0;100.0;100;100;G4;1285;0.0;0.0
14454;1060MK;1060MK;21;100.0;61.9;100;100;G4;2155;0.0;4.76
14456;1060ML;1060ML;20;100.0;100.0;100;95;G4;1955;0.0;0.0
14458;1060MN;1060MN;25;100.0;100.0;100;100;G4;1524;0.0;16.0
14460;1060MP;1060MR;23;100.0;100.0;100;100;G4;1396;0.0;8.7
14462;1060MS;1060MT;22;100.0;100.0;100;100;G4;1094;0.0;0.0
14464;1060MV;1060MV;16;100.0;100.0;100;100;G4;981;0.0;6.25
14466;1060MX;1060MX;16;100.0;100.0;100;100;G4;1115;0.0;0.0
14468;1060MZ;1060NB;51;100.0;92.16;100;96;G4;157;0.0;0.0
14470;1060NC;1060NJ;88;100.0;89.77;100;97;G4;135;0.0;0.0
14472;1060NK;1060NK;135;100.0;94.07;100;97;G4;348;0.0;0.0
14474;1060NL;1060NL;53;100.0;100.0;100;100;G4;1239;0.0;11.32
14476;1060NM;1060NM;39;100.0;100.0;100;100;G4;1417;0.0;5.13
14478;1060NN;1060NN;66;100.0;100.0;100;100;G4;1417;0.0;0.0
14480;1060NP;1060NP;46;100.0;100.0;100;100;G4;1740;0.0;4.35
14482;1060NR;1060NR;10;100.0;100.0;100;100;G4;1100;0.0;0.0
14484;1060NS;1060NS;42;100.0;100.0;100;100;G4;1148;0.0;7.14
14486;1060NT;1060NT;46;100.0;100.0;100;98;G4;1537;0.0;13.04
14488;1060NV;1060NV;46;100.0;97.83;100;100;G4;1205;0.0;6.52
14490;1060NW;1060NW;30;100.0;100.0;100;100;G4;754;0.0;3.33
14492;1060NX;1060NX;78;100.0;100.0;100;100;G4;1150;0.0;7.69
14494;1060NZ;1060NZ;18;100.0;100.0;100;100;G4;1054;0.0;11.11
14496;1060PA;1060PA;18;100.0;100.0;100;100;G4;1022;0.0;16.67
14498;1060PB;1060PB;18;100.0;100.0;100;100;G4;1134;0.0;0.0
14500;1060PC;1060PC;15;100.0;100.0;100;100;G4;1153;0.0;0.0
14502;1060PD;1060PD;16;100.0;100.0;100;100;G4;1047;0.0;6.25
14504;1060PE;1060PE;22;100.0;100.0;100;100;G4;1806;0.0;0.0
14506;1060PG;1060PG;33;100.0;100.0;100;100;G4;1096;0.0;0.0
14508;1060PH;1060PH;25;100.0;100.0;100;100;G4;1159;0.0;8.0
14511;1060PK;1060PK;24;100.0;100.0;100;100;G4;1565;0.0;8.33
14513;1060PL;1060PL;106;100.0;100.0;100;100;G4;1219;0.0;6.6
14515;1060PM;1060PP;52;100.0;100.0;100;100;G4;1429;0.0;7.69
14517;1060PR;1060PR;17;100.0;100.0;100;100;G4;1392;0.0;11.76
14519;1060PS;1060PW;70;100.0;98.57;100;100;G4;1665;0.0;11.43
14521;1060PX;1060PX;11;100.0;100.0;100;100;G4;4212;0.0;9.09
14523;1060PZ;1060RB;16;100.0;100.0;100;100;G4;1222;0.0;12.5
14525;1060RC;1060RC;88;100.0;100.0;100;100;G4;1579;0.0;15.91
14527;1060RD;1060RD;53;100.0;100.0;100;100;G4;1480;0.0;13.21
14531;1060RH;1060RH;17;100.0;100.0;100;100;G4;1086;0.0;0.0
14533;1060RJ;1060RJ;27;100.0;100.0;100;100;G4;1431;0.0;11.11
14535;1060RK;1060RL;134;100.0;100.0;100;100;G4;1069;0.0;2.24
14537;1060RM;1060RM;36;100.0;100.0;100;100;G4;1617;0.0;8.33
14540;1060RP;1060RP;23;100.0;100.0;100;100;G4;1243;0.0;4.35
14542;1060RR;1060RR;26;100.0;100.0;100;100;G4;1126;0.0;7.69
14544;1060RS;1060RS;43;100.0;100.0;100;100;G4;1445;0.0;13.95
14546;1060RT;1060RT;69;100.0;100.0;100;100;G4;1213;0.0;8.7
14548;1060RV;1060RV;39;100.0;100.0;100;100;G4;990;0.0;2.56
14550;1060RW;1060RW;16;100.0;100.0;100;100;G4;1494;0.0;6.25
14552;1060RX;1060RX;55;100.0;100.0;100;100;G4;1433;0.0;3.64
14554;1060RZ;1060RZ;56;100.0;100.0;100;100;G4;1396;0.0;8.93
14556;1060SB;1060SB;16;100.0;100.0;100;100;G4;1052;0.0;0.0
14558;1060SC;1060SC;56;100.0;100.0;100;100;G4;1235;0.0;10.71
14560;1060SE;1060SE;32;100.0;100.0;100;100;G4;1393;0.0;6.25
14562;1060SG;1060SG;26;100.0;100.0;100;100;G4;1380;0.0;0.0
14564;1060SH;1060SH;20;100.0;100.0;100;100;G4;1133;0.0;0.0
14566;1060SJ;1060SJ;52;100.0;100.0;100;100;G4;1236;0.0;5.77
14568;1060SK;1060SK;24;100.0;100.0;100;100;G4;1438;0.0;8.33
14570;1060SL;1060SL;24;100.0;100.0;100;100;G4;1186;0.0;8.33
14572;1060SM;1060SM;29;100.0;100.0;100;100;G4;1437;0.0;10.34
14574;1060SN;1060SP;19;100.0;94.74;100;95;G4;1426;0.0;15.79
14577;1060SR;1060SR;14;100.0;100.0;100;100;G4;1219;0.0;14.29
14579;1060ST;1060ST;44;100.0;100.0;100;100;G4;1710;0.0;9.09
14581;1060SV;1060SV;18;100.0;100.0;100;100;G4;1507;0.0;27.78
14583;1060SW;1060SW;23;100.0;100.0;100;100;G4;1313;0.0;8.7
14585;1060SX;1060TA;30;100.0;100.0;100;97;G4;1318;0.0;13.33
14587;1060TB;1060TB;18;100.0;100.0;100;100;G4;1086;0.0;5.56
14589;1060TC;1060TC;10;100.0;100.0;100;100;G4;1080;0.0;10.0
14591;1060TD;1060TD;24;100.0;100.0;100;100;G4;1241;0.0;0.0
14593;1060TE;1060TE;18;100.0;100.0;100;100;G4;1074;0.0;0.0
14595;1060TG;1060TG;18;100.0;100.0;100;100;G4;1187;0.0;0.0
14597;1060TH;1060TH;23;100.0;95.65;100;91;G4;1291;0.0;8.7
14599;1060TJ;1060TK;20;100.0;100.0;100;100;G4;1334;0.0;10.0
14601;1060TL;1060TL;25;100.0;100.0;100;100;G4;1468;0.0;8.0
14603;1060TM;1060TN;84;100.0;100.0;100;100;G4;752;0.0;5.95
14605;1060TP;1060TP;25;100.0;96.0;100;100;G4;1735;0.0;4.0
14607;1060TR;1060TR;24;100.0;100.0;100;100;G4;1592;0.0;12.5
14614;1060TZ;1061AC;33;100.0;100.0;100;91;G4;1898;0.0;15.15
14619;1061AD;1061AD;17;100.0;100.0;100;88;G4;3171;0.0;5.88
14622;1061AG;1061AH;27;100.0;96.3;100;93;G4;1691;0.0;3.7
14624;1061AJ;1061AJ;24;100.0;100.0;100;100;G4;1427;0.0;0.0
14626;1061AK;1061AK;18;100.0;100.0;100;100;G4;1354;0.0;0.0
14628;1061AL;1061AL;10;100.0;100.0;100;100;G4;1225;0.0;0.0
14630;1061AM;1061AM;29;100.0;96.55;100;100;G4;1028;0.0;0.0
14632;1061AN;1061AN;21;100.0;100.0;100;95;G4;2478;0.0;0.0
14634;1061AP;1061AP;19;100.0;100.0;100;95;G4;1500;0.0;0.0
14636;1061AR;1061AR;11;100.0;90.91;100;100;G4;1055;0.0;0.0
14638;1061AS;1061AS;24;100.0;100.0;100;100;G4;1520;0.0;0.0
14640;1061AT;1061AT;25;100.0;100.0;100;100;G4;1478;0.0;0.0
14642;1061AV;1061AV;24;100.0;100.0;100;100;G4;1208;0.0;0.0
14644;1061AW;1061AW;16;100.0;100.0;100;100;G4;1469;0.0;93.75
14646;1061AX;1061BB;35;100.0;94.29;100;94;G4;1073;0.0;0.0
14651;1061BC;1061BC;20;100.0;100.0;100;100;G4;1214;0.0;0.0
14653;1061BD;1061BD;25;100.0;96.0;100;96;G4;1165;0.0;0.0
14655;1061BE;1061BE;20;100.0;0.0;100;95;G6;866;0.0;0.0
14657;1061BG;1061BG;20;100.0;0.0;100;100;G6;1224;0.0;0.0
14659;1061BH;1061BH;20;100.0;0.0;100;100;G6;875;0.0;0.0
14661;1061BJ;1061BJ;16;100.0;0.0;100;94;G6;923;0.0;0.0
14663;1061BK;1061BK;21;100.0;0.0;100;95;G6;1167;0.0;0.0
14666;1061BM;1061BM;97;100.0;0.0;100;99;G6;1101;0.0;0.0
14668;1061BT;1061BT;16;100.0;100.0;100;100;G4;960;0.0;6.25
14670;1061BV;1061BV;16;100.0;100.0;100;100;G4;950;0.0;0.0
14672;1061BW;1061BW;20;100.0;100.0;100;100;G4;901;0.0;0.0
14674;1061BX;1061BX;24;100.0;100.0;100;88;G4;1025;0.0;0.0
14676;1061BZ;1061BZ;21;100.0;95.24;100;95;G4;1234;0.0;0.0
14678;1061CA;1061CA;20;100.0;100.0;100;100;G4;1028;0.0;0.0
14680;1061CB;1061CB;24;100.0;100.0;100;96;G4;755;0.0;33.33
14682;1061CC;1061CC;24;100.0;66.67;100;67;G4;1028;0.0;0.0
14684;1061CD;1061CE;25;100.0;64.0;100;68;G4;1195;0.0;0.0
14687;1061CG;1061CG;16;100.0;100.0;100;88;G4;952;0.0;0.0
14689;1061CH;1061CH;24;100.0;100.0;100;100;G4;1093;0.0;0.0
14691;1061CJ;1061CJ;20;100.0;100.0;100;95;G4;2209;0.0;0.0
14693;1061CK;1061CK;20;100.0;100.0;100;100;G4;1029;0.0;0.0
14695;1061CL;1061CL;20;100.0;100.0;100;100;G4;1003;0.0;0.0
14697;1061CM;1061CM;20;100.0;100.0;100;100;G4;1139;0.0;0.0
14699;1061CN;1061CN;20;100.0;100.0;100;95;G4;1260;0.0;0.0
14701;1061CP;1061CP;20;100.0;100.0;100;100;G4;934;0.0;0.0
14703;1061CR;1061CR;21;100.0;100.0;100;90;G4;1754;0.0;0.0
14704;1061CS;1061CS;97;100.0;98.97;100;99;G4;1237;0.0;8.25
14709;1061CW;1061CX;18;100.0;100.0;100;94;G4;1685;0.0;88.89
14711;1061CZ;1061CZ;24;100.0;100.0;100;100;G4;1045;0.0;100.0
14713;1061DA;1061DA;22;100.0;100.0;100;95;G4;1754;0.0;90.91
14715;1061DB;1061DB;20;100.0;100.0;100;100;G4;1331;0.0;100.0
14717;1061DC;1061DC;21;100.0;100.0;100;100;G4;1493;0.0;0.0
14719;1061DD;1061DD;21;100.0;100.0;100;100;G4;1237;0.0;0.0
14721;1061DE;1061DG;30;100.0;100.0;100;100;G4;1206;0.0;0.0
14724;1061DH;1061DH;11;100.0;100.0;100;45;G4;5163;0.0;18.18
14726;1061DJ;1061DJ;14;100.0;100.0;100;71;G4;1201;0.0;0.0
14728;1061DK;1061DK;21;100.0;100.0;100;100;G4;876;0.0;4.76
14730;1061DL;1061DL;24;100.0;100.0;100;100;G4;868;0.0;8.33
14732;1061DM;1061DM;21;100.0;100.0;100;90;G4;872;0.0;0.0
14734;1061DP;1061DP;19;100.0;94.74;100;95;G4;1837;0.0;0.0
14736;1061DR;1061DR;24;100.0;100.0;100;96;G4;1166;0.0;0.0
14738;1061DS;1061DS;24;100.0;100.0;100;100;G4;1244;0.0;0.0
14740;1061DT;1061DT;15;100.0;100.0;100;100;G4;1107;0.0;0.0
14742;1061DV;1061DV;23;100.0;100.0;100;100;G4;1054;0.0;0.0
14744;1061DW;1061DW;15;100.0;100.0;100;93;G4;1175;0.0;0.0
14746;1061DX;1061DX;20;100.0;100.0;100;95;G4;1371;0.0;0.0
14748;1061DZ;1061DZ;21;100.0;100.0;100;95;G4;899;0.0;4.76
14750;1061EA;1061EA;20;100.0;100.0;100;100;G4;883;0.0;0.0
14752;1061EB;1061EB;24;100.0;100.0;100;100;G4;854;0.0;8.33
14754;1061EC;1061EC;17;100.0;100.0;100;88;G4;1244;0.0;0.0
14756;1061ED;1061ED;24;100.0;100.0;100;100;G4;1033;0.0;0.0
14758;1061EE;1061EE;24;100.0;100.0;100;92;G4;1006;0.0;0.0
14760;1061EG;1061EG;25;100.0;100.0;100;100;G4;1099;0.0;0.0
14762;1061EH;1061EH;19;100.0;100.0;100;95;G4;1232;0.0;0.0
14764;1061EJ;1061EJ;16;100.0;100.0;100;100;G4;1077;0.0;0.0
14766;1061EK;1061EK;16;100.0;100.0;100;100;G4;1057;0.0;0.0
14768;1061EL;1061EL;20;100.0;100.0;100;100;G4;980;0.0;0.0
14770;1061EM;1061EM;24;100.0;95.83;100;100;G4;1090;0.0;0.0
14772;1061EN;1061EN;24;100.0;100.0;100;96;G4;935;0.0;4.17
14774;1061EP;1061EP;16;100.0;100.0;100;100;G4;886;0.0;0.0
14776;1061ER;1061ES;22;100.0;100.0;100;91;G4;1983;0.0;0.0
14778;1061ET;1061ET;20;100.0;100.0;100;100;G4;1152;0.0;0.0
14780;1061EV;1061EV;20;100.0;100.0;100;95;G4;1246;0.0;0.0
14782;1061EW;1061EW;20;100.0;100.0;100;90;G4;1113;0.0;0.0
14784;1061EX;1061EX;20;100.0;100.0;100;95;G4;1052;0.0;0.0
14786;1061EZ;1061EZ;20;100.0;100.0;100;95;G4;1199;0.0;0.0
14788;1061GA;1061GA;20;100.0;100.0;100;100;G4;1221;0.0;0.0
14790;1061GB;1061GB;20;100.0;100.0;100;90;G4;1246;0.0;5.0
14792;1061GC;1061GC;18;100.0;100.0;100;100;G4;1357;0.0;0.0
14794;1061GD;1061GD;16;100.0;100.0;100;100;G4;1208;0.0;0.0
14796;1061GE;1061GE;24;100.0;100.0;100;100;G4;1215;0.0;0.0
14798;1061GG;1061GG;20;100.0;100.0;100;100;G4;1349;0.0;0.0
14800;1061GH;1061GH;16;100.0;93.75;100;100;G4;986;0.0;0.0
14802;1061GJ;1061GJ;16;100.0;100.0;100;100;G4;1120;0.0;6.25
14804;1061GK;1061GK;16;100.0;100.0;100;100;G4;1100;0.0;0.0
14806;1061GL;1061GL;24;100.0;100.0;100;96;G4;1419;0.0;4.17
14808;1061GM;1061GM;24;100.0;95.83;100;96;G4;1754;0.0;0.0
14810;1061GN;1061GN;24;100.0;100.0;100;100;G4;1248;0.0;0.0
14812;1061GP;1061GP;24;100.0;100.0;100;83;G4;1211;0.0;0.0
14814;1061GR;1061GR;24;100.0;95.83;100;100;G4;1107;0.0;4.17
14816;1061GS;1061GS;24;100.0;100.0;100;92;G4;1195;0.0;0.0
14818;1061GT;1061GT;24;100.0;100.0;100;96;G4;1220;0.0;0.0
14820;1061GV;1061GV;24;100.0;100.0;100;96;G4;1029;0.0;0.0
14822;1061GW;1061GW;24;100.0;100.0;100;100;G4;1330;0.0;0.0
14824;1061GX;1061GX;28;100.0;100.0;100;100;G4;1061;0.0;7.14
14826;1061GZ;1061GZ;15;100.0;100.0;100;93;G4;1238;0.0;0.0
14828;1061HA;1061HA;15;100.0;100.0;100;93;G4;1135;0.0;6.67
14830;1061HB;1061HB;16;100.0;93.75;100;88;G4;2396;0.0;0.0
14832;1061HC;1061HD;17;100.0;100.0;100;94;G4;1072;0.0;0.0
14834;1061HE;1061HE;16;100.0;93.75;100;100;G4;967;0.0;0.0
14836;1061HG;1061HG;16;100.0;100.0;100;94;G4;970;0.0;0.0
14838;1061HH;1061HH;16;100.0;100.0;100;94;G4;956;0.0;0.0
14840;1061HJ;1061HJ;16;100.0;100.0;100;94;G4;967;0.0;0.0
14842;1061HK;1061HK;16;100.0;100.0;100;100;G4;980;0.0;0.0
14844;1061HL;1061HL;16;100.0;100.0;100;100;G4;1018;0.0;0.0
14846;1061HM;1061HM;16;100.0;100.0;100;100;G4;1088;0.0;0.0
14848;1061HN;1061HN;16;100.0;100.0;100;100;G4;1106;0.0;0.0
14850;1061HP;1061HP;16;100.0;100.0;100;100;G4;797;0.0;0.0
14852;1061HR;1061HR;13;100.0;92.31;100;92;G4;2077;0.0;0.0
14854;1061HS;1061HS;12;100.0;100.0;100;92;G4;1268;0.0;8.33
14856;1061JB;1061SB;13;100.0;92.31;100;85;G4;6640;0.0;0.0
14867;1061SR;1061SR;25;100.0;96.0;100;92;G4;1246;0.0;4.0
14869;1061ST;1061ST;24;100.0;100.0;100;100;G4;1217;0.0;4.17
14872;1061SW;1061SW;16;100.0;100.0;100;100;G4;1512;0.0;6.25
14874;1061SX;1061SX;24;100.0;100.0;100;100;G4;1286;0.0;0.0
14876;1061SZ;1061SZ;24;100.0;95.83;100;100;G4;1228;0.0;0.0
14878;1061TA;1061TA;19;100.0;94.74;100;95;G4;1313;0.0;0.0
14881;1061TC;1061TC;16;100.0;100.0;100;100;G4;1229;0.0;0.0
14883;1061TD;1061TD;24;100.0;100.0;100;100;G4;1314;0.0;0.0
14885;1061TE;1061TG;31;100.0;96.77;100;100;G4;1358;0.0;0.0
14888;1061TH;1061TH;24;100.0;0.0;100;100;G4;421;0.0;0.0
14890;1061TJ;1061TJ;16;100.0;0.0;100;100;G4;451;0.0;0.0
14892;1061TK;1061TK;25;100.0;4.0;100;96;G4;527;0.0;0.0
14894;1061TL;1061TL;18;100.0;0.0;100;100;G4;283;0.0;0.0
14896;1061TM;1061TM;14;100.0;0.0;100;100;G4;220;0.0;0.0
14898;1061TN;1061TN;14;100.0;7.14;100;100;G4;206;0.0;0.0
14900;1061TP;1061TP;25;100.0;100.0;100;100;G4;1548;0.0;0.0
14902;1061TR;1061TR;25;100.0;100.0;100;96;G4;1491;0.0;0.0
14904;1061TS;1061TS;25;100.0;100.0;100;100;G4;1408;0.0;0.0
14906;1061TT;1061TT;10;100.0;100.0;100;100;G4;1245;0.0;10.0
14908;1061TV;1061TX;24;100.0;95.83;100;92;G4;1482;0.0;0.0
14912;1061TZ;1061TZ;17;100.0;100.0;100;100;G4;1481;0.0;0.0
14914;1061VA;1061VB;18;100.0;0.0;100;89;G4;1599;0.0;0.0
14917;1061VC;1061VC;24;100.0;0.0;100;100;G4;1603;0.0;0.0
14919;1061VD;1061VD;24;100.0;0.0;100;100;G4;1798;0.0;0.0
14921;1061VE;1061VE;16;100.0;0.0;100;100;G4;1853;0.0;0.0
14923;1061VG;1061VH;18;100.0;0.0;100;94;G4;1805;0.0;0.0
14926;1061VJ;1061VJ;24;100.0;0.0;100;100;G4;1740;0.0;0.0
14928;1061VK;1061VK;45;100.0;100.0;100;100;G4;838;0.0;2.22
14931;1061VP;1061VP;24;100.0;100.0;100;100;G4;1353;0.0;4.17
14933;1061VR;1061VR;33;100.0;100.0;100;100;G4;1317;0.0;3.03
14935;1061VS;1061VS;24;100.0;0.0;100;100;G4;1532;0.0;0.0
14937;1061VT;1061VT;24;100.0;0.0;100;100;G4;1595;0.0;0.0
14939;1061VV;1061VV;24;100.0;95.83;100;100;G4;1153;0.0;33.33
14941;1061VW;1061VW;16;100.0;100.0;100;100;G4;1104;0.0;6.25
14943;1061VX;1061VX;13;100.0;76.92;100;85;G4;1993;0.0;0.0
14945;1061VZ;1061VZ;25;100.0;4.0;100;100;G4;1519;0.0;0.0
14947;1061WB;1061WB;111;100.0;100.0;100;100;G4;675;0.0;1.8
14949;1061XA;1061XA;24;100.0;0.0;100;96;G4;1804;0.0;0.0
14951;1061XB;1061XB;20;100.0;100.0;100;100;G4;1048;0.0;0.0
14953;1061XC;1061XC;20;100.0;100.0;100;100;G4;1111;0.0;0.0
14955;1061XD;1061XD;21;100.0;100.0;100;95;G4;1317;0.0;0.0
14957;1061XE;1061XE;24;100.0;100.0;100;100;G4;1119;0.0;62.5
14959;1061XG;1061XG;16;100.0;100.0;100;100;G4;1337;0.0;0.0
14961;1061XH;1061XH;24;100.0;100.0;100;100;G4;1401;0.0;33.33
14963;1061XJ;1061XJ;17;100.0;94.12;100;100;G4;1383;0.0;94.12
14965;1061XK;1061XK;24;100.0;100.0;100;100;G4;1410;0.0;0.0
14967;1061XL;1061XL;16;100.0;100.0;100;100;G4;1267;0.0;100.0
14969;1061XM;1061XM;24;100.0;100.0;100;100;G4;763;0.0;0.0
14971;1061XN;1061XN;20;100.0;100.0;100;100;G4;1018;0.0;0.0
14973;1061XP;1061XP;22;100.0;95.45;100;100;G4;1116;0.0;0.0
14975;1061XR;1061XR;22;100.0;100.0;100;100;G4;962;0.0;0.0
14977;1061XS;1061XS;16;100.0;100.0;100;94;G4;1279;0.0;0.0
14979;1061XT;1061XT;25;100.0;100.0;100;100;G4;938;0.0;12.0
14981;1061XV;1061XV;19;100.0;100.0;100;100;G4;1254;0.0;21.05
14983;1061XW;1061XW;18;100.0;100.0;100;100;G4;961;0.0;5.56
14985;1061XX;1061XX;18;100.0;100.0;100;100;G4;791;0.0;11.11
14987;1061XZ;1061XZ;24;100.0;100.0;100;100;G4;1265;0.0;16.67
14989;1062AA;1062AB;24;100.0;4.17;100;92;G4;2168;0.0;4.17
14992;1062AC;1062AD;20;100.0;90.0;100;90;G4;2380;0.0;0.0
14995;1062AE;1062AE;18;100.0;94.44;100;100;G4;627;0.0;0.0
14997;1062AG;1062AG;10;100.0;100.0;100;100;G4;657;0.0;0.0
14999;1062AH;1062AH;24;100.0;100.0;100;100;G4;572;0.0;0.0
15001;1062AJ;1062AJ;24;100.0;100.0;100;100;G4;567;0.0;0.0
15003;1062AK;1062AK;12;100.0;91.67;100;100;G4;704;0.0;0.0
15005;1062AL;1062AL;20;100.0;100.0;100;100;G4;865;0.0;0.0
15007;1062AM;1062AM;20;100.0;100.0;100;100;G4;935;0.0;0.0
15009;1062AN;1062AN;20;100.0;100.0;100;100;G4;849;0.0;0.0
15011;1062AP;1062AP;20;100.0;100.0;100;100;G4;680;0.0;0.0
15013;1062AR;1062AS;19;100.0;94.74;100;100;G4;552;0.0;0.0
15015;1062AT;1062AT;26;100.0;100.0;100;100;G4;183;0.0;3.85
15017;1062AV;1062AV;24;100.0;100.0;100;100;G4;356;0.0;0.0
15019;1062AW;1062AW;24;100.0;100.0;100;100;G4;1675;0.0;0.0
15021;1062AX;1062AX;22;100.0;100.0;100;100;G4;1695;0.0;0.0
15023;1062AZ;1062AZ;25;100.0;96.0;100;96;G4;1826;0.0;0.0
15025;1062BA;1062BA;21;100.0;100.0;100;100;G4;2057;0.0;0.0
15027;1062BB;1062BB;14;100.0;100.0;100;100;G4;1710;0.0;0.0
15029;1062BC;1062BC;16;100.0;100.0;100;100;G4;1558;0.0;0.0
15031;1062BD;1062BD;24;100.0;95.83;100;100;G4;1553;0.0;4.17
15032;1062BE;1062BE;10;100.0;100.0;100;90;G4;4541;0.0;0.0
15034;1062BG;1062BG;25;100.0;0.0;100;96;G4;1301;0.0;0.0
15036;1062BH;1062BH;24;100.0;0.0;100;100;G4;1379;0.0;0.0
15038;1062BJ;1062BJ;15;100.0;100.0;100;93;G4;3572;0.0;0.0
15040;1062BK;1062BK;15;100.0;100.0;100;73;G4;7856;0.0;13.33
15042;1062BL;1062BL;51;100.0;100.0;100;100;G4;902;0.0;0.0
15044;1062BM;1062BM;25;100.0;100.0;100;96;G4;1602;0.0;0.0
15046;1062BN;1062BN;18;100.0;100.0;100;94;G4;1434;0.0;0.0
15048;1062BP;1062BP;47;100.0;44.68;100;100;G4;1043;0.0;0.0
15050;1062BR;1062BR;24;100.0;100.0;100;100;G4;1359;0.0;0.0
15052;1062BS;1062BS;24;100.0;100.0;100;100;G4;1348;0.0;0.0
15054;1062BT;1062BT;17;100.0;100.0;100;100;G4;1412;0.0;0.0
15056;1062BV;1062BV;26;100.0;96.15;100;96;G4;1448;0.0;0.0
15058;1062BW;1062BW;20;100.0;0.0;100;100;G4;883;0.0;0.0
15060;1062BX;1062BX;20;100.0;0.0;100;95;G4;1386;0.0;0.0
15062;1062BZ;1062BZ;16;100.0;0.0;100;100;G4;1278;0.0;0.0
15064;1062CA;1062CA;24;100.0;100.0;100;96;G4;1169;0.0;0.0
15066;1062CB;1062CB;24;100.0;95.83;100;100;G4;1225;0.0;0.0
15068;1062CC;1062CC;20;100.0;100.0;100;100;G4;1045;0.0;0.0
15070;1062CD;1062CD;16;100.0;100.0;100;100;G4;1388;0.0;0.0
15072;1062CE;1062CE;16;100.0;100.0;100;100;G4;1027;0.0;0.0
15074;1062CG;1062CG;46;100.0;100.0;100;100;G4;818;0.0;6.52
15076;1062CJ;1062CK;24;100.0;95.83;100;92;G4;2262;0.0;0.0
15078;1062CL;1062CL;20;100.0;100.0;100;100;G4;1125;0.0;0.0
15080;1062CM;1062CM;20;100.0;100.0;100;100;G4;1168;0.0;0.0
15082;1062CN;1062CN;20;100.0;100.0;100;100;G4;1295;0.0;0.0
15084;1062CP;1062CP;20;100.0;100.0;100;100;G4;867;0.0;0.0
15086;1062CR;1062CR;18;100.0;100.0;100;100;G4;1479;0.0;0.0
15088;1062CS;1062CS;20;100.0;100.0;100;100;G4;1201;0.0;0.0
15090;1062CT;1062CT;17;100.0;100.0;100;100;G4;1357;0.0;0.0
15092;1062CV;1062CV;20;100.0;95.0;100;100;G4;1098;0.0;0.0
15094;1062CW;1062CW;20;100.0;100.0;100;100;G4;1396;0.0;0.0
15096;1062CX;1062CX;20;100.0;95.0;100;100;G4;1070;0.0;0.0
15098;1062CZ;1062CZ;16;100.0;93.75;100;94;G4;1200;0.0;50.0
15100;1062DA;1062DA;24;100.0;100.0;100;100;G4;1148;0.0;0.0
15102;1062DC;1062DE;25;100.0;100.0;100;96;G4;1605;0.0;0.0
15105;1062DG;1062DG;17;100.0;100.0;100;100;G4;371;0.0;0.0
15107;1062DH;1062DH;29;100.0;89.66;100;100;G4;585;0.0;3.45
15109;1062DJ;1062DJ;11;100.0;100.0;100;100;G4;929;0.0;0.0
15111;1062DK;1062DK;54;100.0;100.0;100;100;G4;836;0.0;1.85
15113;1062DL;1062DL;28;100.0;100.0;100;100;G4;695;0.0;0.0
15115;1062DM;1062DR;35;100.0;100.0;100;97;G4;1183;0.0;8.57
15128;1062EP;1062EP;22;100.0;100.0;100;95;G4;530;0.0;100.0
15130;1062ER;1062ER;21;100.0;100.0;100;100;G4;57;0.0;100.0
15132;1062ES;1062ES;20;100.0;100.0;100;100;G4;255;0.0;100.0
15134;1062EV;1062GA;19;100.0;5.26;100;95;G4;2542;0.0;0.0
15139;1062GB;1062GB;18;100.0;0.0;100;100;G4;944;0.0;0.0
15141;1062GC;1062GC;18;100.0;0.0;100;100;G4;1009;0.0;0.0
15143;1062GD;1062GD;19;100.0;100.0;100;100;G4;69;0.0;100.0
15145;1062GE;1062GE;16;100.0;93.75;100;100;G4;77;0.0;93.75
15147;1062GG;1062GG;24;100.0;100.0;100;100;G4;1134;0.0;66.67
15149;1062GH;1062GH;18;100.0;100.0;100;100;G4;1043;0.0;100.0
15151;1062GJ;1062GJ;18;100.0;100.0;100;100;G4;1387;0.0;100.0
15153;1062GK;1062GK;20;100.0;95.0;100;100;G4;28;0.0;95.0
15155;1062GL;1062GL;20;100.0;100.0;100;100;G4;34;0.0;100.0
15157;1062GM;1062GM;24;100.0;100.0;100;100;G4;1306;0.0;95.83
15159;1062GN;1062GN;18;100.0;100.0;100;100;G4;1169;0.0;100.0
15161;1062GP;1062GP;18;100.0;100.0;100;100;G4;1158;0.0;100.0
15163;1062GR;1062GR;20;100.0;100.0;100;100;G4;35;0.0;95.0
15165;1062GS;1062GS;19;100.0;100.0;100;100;G4;31;0.0;100.0
15167;1062GT;1062GT;24;100.0;100.0;100;100;G4;1098;0.0;100.0
15169;1062GV;1062GV;18;100.0;100.0;100;100;G4;983;0.0;100.0
15171;1062GW;1062GW;18;100.0;100.0;100;100;G4;1100;0.0;100.0
15173;1062GX;1062GX;20;100.0;100.0;100;100;G4;31;0.0;100.0
15175;1062GZ;1062GZ;19;100.0;100.0;100;100;G4;25;0.0;100.0
15177;1062HA;1062HA;24;100.0;100.0;100;100;G4;1002;0.0;66.67
15179;1062HB;1062HB;19;100.0;94.74;100;95;G4;982;0.0;68.42
15181;1062HC;1062HC;18;100.0;100.0;100;100;G4;1228;0.0;50.0
15183;1062HD;1062HS;26;100.0;76.92;100;73;G4;1682;0.0;11.54
15188;1062HT;1062HT;24;100.0;100.0;100;100;G4;100;0.0;8.33
15190;1062HV;1062HV;24;100.0;100.0;100;100;G4;63;0.0;8.33
15192;1062HW;1062HW;15;100.0;86.67;100;100;G4;426;0.0;20.0
15194;1062HX;1062HX;25;100.0;0.0;100;100;G4;996;0.0;0.0
15196;1062HZ;1062HZ;24;100.0;0.0;100;100;G4;867;0.0;0.0
15198;1062JA;1062JA;16;100.0;0.0;100;100;G4;815;0.0;0.0
15200;1062JB;1062JC;27;100.0;0.0;100;85;G4;2386;0.0;0.0
15203;1062JD;1062JD;24;100.0;0.0;100;96;G4;876;0.0;0.0
15205;1062JE;1062JE;10;100.0;0.0;100;100;G4;579;0.0;0.0
15207;1062JG;1062JG;18;100.0;0.0;100;100;G4;880;0.0;0.0
15209;1062JH;1062JH;18;100.0;0.0;100;100;G4;908;0.0;0.0
15211;1062JJ;1062JJ;18;100.0;0.0;100;100;G4;1078;0.0;0.0
15213;1062JK;1062JK;24;100.0;0.0;100;100;G4;1166;0.0;0.0
15215;1062JL;1062JL;24;100.0;0.0;100;100;G4;932;0.0;0.0
15217;1062JM;1062JM;10;100.0;0.0;100;100;G4;865;0.0;0.0
15219;1062JN;1062JN;27;100.0;96.3;100;93;G4;1844;0.0;0.0
15221;1062JP;1062JP;25;100.0;100.0;100;100;G4;259;0.0;0.0
15223;1062JR;1062JR;20;100.0;100.0;100;100;G4;311;0.0;0.0
15225;1062JS;1062JS;25;100.0;100.0;100;100;G4;250;0.0;0.0
15227;1062JT;1062JT;23;100.0;100.0;100;100;G4;338;0.0;0.0
15229;1062JV;1062JV;25;100.0;100.0;100;100;G4;201;0.0;0.0
15231;1062JW;1062JW;24;100.0;100.0;100;96;G4;307;0.0;0.0
15233;1062JX;1062KA;49;100.0;100.0;100;98;G4;1159;0.0;97.96
15235;1062KB;1062KB;48;100.0;100.0;100;100;G4;986;0.0;0.0
15237;1062KC;1062KC;48;100.0;100.0;100;100;G4;937;0.0;4.17
15239;1062KD;1062KD;48;100.0;97.92;100;100;G4;1071;0.0;2.08
15241;1062KE;1062KE;48;100.0;100.0;100;100;G4;869;0.0;0.0
15243;1062KG;1062KG;40;100.0;100.0;100;100;G4;856;0.0;5.0
15245;1062KH;1062KH;40;100.0;100.0;100;100;G4;952;0.0;0.0
15247;1062KJ;1062KJ;40;100.0;100.0;100;100;G4;992;0.0;0.0
15249;1062KK;1062KK;42;100.0;97.62;100;98;G4;1002;0.0;0.0
15251;1062KL;1062KL;41;100.0;100.0;100;100;G4;1013;0.0;0.0
15253;1062KM;1062KM;41;100.0;100.0;100;100;G4;1006;0.0;2.44
15257;1062KV;1062KV;23;100.0;100.0;100;100;G4;1008;0.0;4.35
15259;1062KW;1062KW;23;100.0;100.0;100;100;G4;894;0.0;4.35
15261;1062KX;1062KX;24;100.0;100.0;100;100;G4;968;0.0;0.0
15263;1062KZ;1062KZ;45;100.0;100.0;100;100;G4;961;0.0;2.22
15265;1062LA;1062LA;37;100.0;100.0;100;100;G4;893;0.0;2.7
15267;1062LB;1062LB;32;100.0;100.0;100;100;G4;784;0.0;0.0
15269;1062LC;1062LC;30;100.0;100.0;100;100;G4;817;0.0;0.0
15271;1062XE;1062XE;16;100.0;100.0;100;100;G4;30;0.0;18.75
15273;1062XG;1062XG;16;100.0;100.0;100;100;G4;27;0.0;12.5
15275;1062XH;1062XH;15;100.0;93.33;100;100;G4;63;0.0;6.67
15277;1062XJ;1062XJ;16;100.0;100.0;100;100;G4;18;0.0;12.5
15279;1062XK;1062XK;20;100.0;100.0;100;90;G4;1859;0.0;5.0
15281;1062XL;1062XL;16;100.0;100.0;100;100;G4;45;0.0;100.0
15283;1062XM;1062XM;16;100.0;100.0;100;100;G4;21;0.0;100.0
15285;1062XN;1062XN;15;100.0;100.0;100;100;G4;22;0.0;93.33
15287;1062XP;1062XP;16;100.0;100.0;100;100;G4;28;0.0;93.75
15289;1062XR;1062XR;16;100.0;100.0;100;100;G4;27;0.0;100.0
15291;1062XS;1062XS;26;100.0;92.31;100;100;G4;1001;0.0;96.15
15293;1062XT;1062XT;24;100.0;100.0;100;100;G4;896;0.0;100.0
15295;1062XV;1062XV;24;100.0;100.0;100;100;G4;1062;0.0;100.0
15297;1062XW;1062XW;25;100.0;96.0;100;100;G4;947;0.0;96.0
15299;1062XX;1062XX;24;100.0;100.0;100;100;G4;1084;0.0;100.0
15301;1062XZ;1062XZ;24;100.0;100.0;100;100;G4;1033;0.0;100.0
15303;1063AA;1063AA;16;100.0;100.0;100;100;G4;1078;0.0;0.0
15305;1063AB;1063AB;18;100.0;100.0;100;94;G4;948;0.0;0.0
15307;1063AC;1063AC;21;100.0;100.0;100;86;G4;1351;0.0;0.0
15309;1063AD;1063AD;20;100.0;95.0;100;50;G6;3704;0.0;10.0
15311;1063AE;1063AE;21;100.0;95.24;100;100;G4;931;0.0;66.67
15313;1063AG;1063AG;15;100.0;100.0;100;100;G4;676;0.0;60.0
15315;1063AH;1063AH;15;100.0;100.0;100;100;G4;775;0.0;53.33
15317;1063AJ;1063AJ;15;100.0;100.0;100;100;G4;504;0.0;60.0
15319;1063AK;1063AK;15;100.0;100.0;100;100;G4;505;0.0;60.0
15321;1063AL;1063AL;15;100.0;100.0;100;100;G4;732;0.0;60.0
15323;1063AM;1063AM;15;100.0;100.0;100;100;G4;683;0.0;60.0
15325;1063AN;1063AN;15;100.0;100.0;100;100;G4;447;0.0;53.33
15327;1063AP;1063AP;21;100.0;100.0;100;81;G4;1662;0.0;0.0
15329;1063AR;1063AR;19;100.0;100.0;100;79;G4;1502;0.0;26.32
15331;1063AS;1063AS;27;100.0;96.3;100;93;G4;1170;0.0;7.41
15333;1063AT;1063AV;28;100.0;100.0;100;96;G4;1084;0.0;0.0
15335;1063AX;1063AX;26;100.0;100.0;100;58;G6;1903;0.0;0.0
15337;1063AZ;1063AZ;21;100.0;100.0;100;90;G4;1449;0.0;0.0
15339;1063BA;1063BA;21;100.0;100.0;100;100;G4;1119;0.0;0.0
15341;1063BB;1063BB;15;100.0;100.0;100;100;G4;1177;0.0;0.0
15343;1063BC;1063BC;21;100.0;100.0;100;95;G4;1850;0.0;0.0
15345;1063BD;1063BG;25;100.0;100.0;100;44;G6;4069;0.0;32.0
15347;1063BH;1063BH;10;100.0;100.0;100;70;G4;3440;0.0;20.0
15348;1063BJ;1063BJ;10;100.0;90.0;100;60;G4;3815;0.0;0.0
15350;1063BK;1063BK;31;100.0;100.0;100;90;G4;1099;0.0;3.23
15352;1063BL;1063BL;25;100.0;96.0;100;100;G4;278;0.0;4.0
15355;1063BM;1063BM;18;100.0;100.0;100;100;G4;186;0.0;5.56
15357;1063BN;1063BN;18;100.0;94.44;100;94;G4;195;0.0;0.0
15359;1063BP;1063BP;16;100.0;93.75;100;100;G4;167;0.0;0.0
15360;1063BR;1063BS;19;100.0;100.0;100;42;G4;3867;0.0;15.79
15363;1063BT;1063BV;21;100.0;100.0;100;90;G4;1395;0.0;19.05
15366;1063BW;1063BW;21;100.0;100.0;100;100;G4;1351;0.0;57.14
15368;1063BX;1063BX;23;100.0;100.0;100;91;G4;1138;0.0;95.65
15370;1063BZ;1063BZ;27;100.0;74.07;100;100;G4;916;0.0;22.22
15372;1063CA;1063CA;23;100.0;95.65;100;91;G4;1198;0.0;13.04
15374;1063CB;1063CB;24;100.0;100.0;100;88;G4;1291;0.0;4.17
15376;1063CC;1063CC;24;100.0;100.0;100;100;G4;1593;0.0;8.33
15378;1063CD;1063CD;24;100.0;100.0;100;92;G4;1290;0.0;0.0
15380;1063CE;1063CE;24;100.0;100.0;100;96;G4;1353;0.0;0.0
15382;1063CG;1063CG;25;100.0;100.0;100;92;G4;1440;0.0;0.0
15384;1063CH;1063CH;15;100.0;100.0;100;80;G4;1601;0.0;0.0
15386;1063CJ;1063CJ;16;100.0;100.0;100;100;G4;1395;0.0;0.0
15388;1063CK;1063CL;20;100.0;95.0;100;95;G4;1223;0.0;0.0
15391;1063CM;1063CM;16;100.0;87.5;100;100;G4;1002;0.0;0.0
15393;1063CN;1063CN;24;100.0;100.0;100;100;G4;1037;0.0;0.0
15395;1063CP;1063CR;22;100.0;100.0;100;91;G4;1121;0.0;0.0
15397;1063CS;1063CS;16;100.0;100.0;100;81;G4;1034;0.0;0.0
15399;1063CT;1063CT;24;100.0;100.0;100;100;G4;940;0.0;0.0
15401;1063CV;1063CW;24;100.0;100.0;100;92;G4;2587;0.0;8.33
15403;1063CX;1063CX;16;100.0;100.0;100;100;G4;1379;0.0;0.0
15405;1063CZ;1063CZ;16;100.0;100.0;100;100;G4;1568;0.0;0.0
15407;1063DA;1063EA;17;100.0;94.12;100;100;G4;1327;0.0;0.0
15409;1063EB;1063EB;16;100.0;100.0;100;100;G4;1303;0.0;0.0
15411;1063EC;1063EC;16;100.0;100.0;100;50;G6;2529;0.0;87.5
15413;1063ED;1063ED;16;100.0;100.0;100;75;G4;1642;0.0;100.0
15415;1063EE;1063EE;16;100.0;100.0;100;81;G4;1403;0.0;93.75
15417;1063EG;1063EH;26;100.0;100.0;100;100;G4;1578;0.0;100.0
15419;1063EJ;1063EK;28;100.0;100.0;100;93;G4;1480;0.0;96.43
15421;1063EL;1063EL;10;100.0;100.0;100;100;G4;1553;0.0;100.0
15423;1063EM;1063EM;19;100.0;100.0;100;84;G4;1544;0.0;78.95
15425;1063EN;1063EN;11;100.0;100.0;100;91;G4;2880;0.0;90.91
15427;1063EP;1063EP;18;100.0;100.0;100;78;G4;1294;0.0;94.44
15429;1063ER;1063ER;13;100.0;100.0;100;77;G4;1228;0.0;92.31
15431;1063ES;1063ES;18;100.0;100.0;100;50;G4;1466;0.0;100.0
15433;1063ET;1063ET;11;100.0;100.0;100;64;G4;1707;0.0;90.91
15435;1063EV;1063EV;18;100.0;100.0;100;100;G4;1140;0.0;0.0
15437;1063EW;1063EW;12;100.0;100.0;100;100;G4;1137;0.0;0.0
15439;1063EX;1063EX;15;100.0;100.0;100;60;G6;3022;0.0;0.0
15441;1063EZ;1063EZ;14;100.0;100.0;100;100;G4;769;0.0;0.0
15443;1063GA;1063GA;15;100.0;100.0;100;100;G4;716;0.0;0.0
15445;1063GB;1063GB;13;100.0;100.0;100;62;G4;1546;0.0;0.0
15447;1063GC;1063GC;19;100.0;100.0;100;95;G4;1186;0.0;10.53
15449;1063GD;1063GD;16;100.0;100.0;100;100;G4;715;0.0;0.0
15451;1063GE;1063GE;29;100.0;93.1;100;100;G4;600;0.0;0.0
15453;1063GG;1063GG;14;100.0;100.0;100;57;G4;1982;0.0;0.0
15455;1063GH;1063GH;19;100.0;100.0;100;89;G4;1457;0.0;0.0
15457;1063GJ;1063GJ;16;100.0;100.0;100;100;G4;728;0.0;0.0
15459;1063GK;1063GK;16;100.0;100.0;100;100;G4;646;0.0;0.0
15461;1063GL;1063GL;13;100.0;100.0;100;100;G4;694;0.0;0.0
15463;1063GM;1063GM;19;100.0;100.0;100;74;G4;1406;0.0;0.0
15465;1063GN;1063GN;16;100.0;100.0;100;100;G4;695;0.0;0.0
15467;1063GP;1063GP;16;100.0;100.0;100;100;G4;513;0.0;0.0
15469;1063GR;1063GR;13;100.0;100.0;100;100;G4;691;0.0;7.69
15471;1063GS;1063GS;21;100.0;100.0;100;100;G4;749;0.0;0.0
15473;1063GT;1063GT;16;100.0;100.0;100;100;G4;1191;0.0;0.0
15475;1063GV;1063GV;21;100.0;95.24;100;100;G4;1600;0.0;0.0
15477;1063GW;1063GW;16;100.0;100.0;100;100;G4;1610;0.0;0.0
15479;1063GX;1063GX;16;100.0;100.0;100;100;G4;1413;0.0;0.0
15481;1063GZ;1063GZ;16;100.0;100.0;100;100;G4;1303;0.0;0.0
15483;1063HA;1063HA;24;100.0;100.0;100;96;G4;1423;0.0;0.0
15485;1063HB;1063HB;24;100.0;95.83;100;88;G4;671;0.0;4.17
15487;1063HC;1063HC;24;100.0;100.0;100;96;G4;766;0.0;0.0
15489;1063HD;1063HD;24;100.0;100.0;100;75;G4;1302;0.0;4.17
15491;1063HE;1063HE;26;100.0;100.0;100;92;G4;755;0.0;0.0
15493;1063HG;1063HG;26;100.0;100.0;100;100;G4;961;0.0;0.0
15495;1063HH;1063HL;25;100.0;100.0;100;92;G4;1344;0.0;0.0
15497;1063HM;1063HM;17;100.0;100.0;100;88;G4;1530;0.0;5.88
15499;1063HN;1063HN;25;100.0;100.0;100;100;G4;1208;0.0;0.0
15501;1063HP;1063HP;17;100.0;100.0;100;94;G4;1264;0.0;5.88
15503;1063HR;1063HR;24;100.0;100.0;100;100;G4;1258;0.0;0.0
15505;1063HS;1063HS;16;100.0;100.0;100;100;G4;1172;0.0;0.0
15507;1063HT;1063HT;17;100.0;100.0;100;94;G4;1420;0.0;0.0
15509;1063HV;1063HV;11;100.0;100.0;100;100;G4;1431;0.0;18.18
15511;1063HW;1063HW;18;100.0;94.44;100;94;G4;1318;0.0;5.56
15513;1063HX;1063HX;12;100.0;100.0;100;100;G4;1245;0.0;8.33
15515;1063HZ;1063HZ;16;100.0;93.75;100;94;G4;1200;0.0;0.0
15517;1063JA;1063JA;16;100.0;100.0;100;100;G4;1165;0.0;0.0
15519;1063JB;1063JB;16;100.0;93.75;100;100;G4;1265;0.0;0.0
15521;1063JC;1063JC;16;100.0;100.0;100;100;G4;1237;0.0;0.0
15523;1063JD;1063JD;16;100.0;100.0;100;100;G4;1231;0.0;0.0
15525;1063JE;1063JE;16;100.0;100.0;100;100;G4;1272;0.0;0.0
15527;1063JG;1063JG;16;100.0;100.0;100;100;G4;1089;0.0;0.0
15529;1063JH;1063JH;16;100.0;100.0;100;100;G4;1364;0.0;0.0
15531;1063JJ;1063JJ;18;100.0;94.44;100;100;G4;1159;0.0;16.67
15533;1063JK;1063JK;24;100.0;100.0;100;96;G4;1458;0.0;0.0
15535;1063JL;1063JL;24;100.0;100.0;100;96;G4;1493;0.0;0.0
15537;1063JM;1063JM;16;100.0;100.0;100;100;G4;1319;0.0;0.0
15539;1063JN;1063JN;11;100.0;81.82;100;73;G4;6447;0.0;0.0
15541;1063JP;1063JP;24;100.0;100.0;100;88;G4;1288;0.0;0.0
15543;1063JR;1063JR;16;100.0;100.0;100;94;G4;1317;0.0;0.0
15545;1063JS;1063JS;24;100.0;100.0;100;100;G4;1326;0.0;0.0
15547;1063JT;1063JT;16;100.0;100.0;100;100;G4;1413;0.0;0.0
15549;1063JV;1063JV;24;100.0;100.0;100;100;G4;1114;0.0;0.0
15551;1063JW;1063JW;11;100.0;100.0;100;100;G4;1786;0.0;0.0
15553;1063JX;1063JX;24;100.0;100.0;100;100;G4;1141;0.0;0.0
15555;1063JZ;1063JZ;24;100.0;100.0;100;100;G4;1152;0.0;0.0
15557;1063KA;1063KA;16;100.0;100.0;100;100;G4;1270;0.0;0.0
15559;1063KB;1063KB;24;100.0;100.0;100;96;G4;1166;0.0;0.0
15561;1063KC;1063KC;24;100.0;100.0;100;100;G4;1254;0.0;0.0
15563;1063KD;1063KD;25;100.0;100.0;100;92;G4;1434;0.0;4.0
15565;1063KE;1063KE;24;100.0;100.0;100;100;G4;1124;0.0;0.0
15567;1063KG;1063KG;16;100.0;100.0;100;100;G4;1098;0.0;0.0
15569;1063KH;1063KH;16;100.0;100.0;100;94;G4;1278;0.0;6.25
15571;1063KJ;1063KJ;24;100.0;100.0;100;100;G4;1131;0.0;0.0
15573;1063KK;1063KK;24;100.0;95.83;100;92;G4;1129;0.0;0.0
15575;1063KP;1063KS;37;100.0;94.59;100;76;G4;1563;0.0;10.81
15579;1063KT;1063KT;14;100.0;85.71;100;64;G4;145;0.0;7.14
15581;1063KV;1063KV;11;100.0;100.0;100;82;G6;158;0.0;0.0
15583;1063KW;1063KW;16;100.0;100.0;100;75;G6;489;0.0;0.0
15585;1063KX;1063KX;56;100.0;96.43;100;93;G4;3849;0.0;1.79
15587;1063KZ;1063KZ;17;100.0;100.0;100;88;G4;1394;0.0;0.0
15589;1063LA;1063LA;19;100.0;100.0;100;95;G4;1393;0.0;0.0
15591;1063LB;1063LB;24;100.0;100.0;100;100;G4;1135;0.0;0.0
15593;1063LC;1063LC;24;100.0;100.0;100;96;G4;1132;0.0;0.0
15595;1063LD;1063LD;24;100.0;100.0;100;92;G4;1206;0.0;0.0
15597;1063LE;1063LE;17;100.0;100.0;100;94;G4;1590;0.0;0.0
15599;1063LG;1063LG;16;100.0;100.0;100;100;G4;1086;0.0;0.0
15601;1063LH;1063LH;16;100.0;100.0;100;100;G4;1232;0.0;0.0
15603;1063LJ;1063LJ;16;100.0;100.0;100;100;G4;1020;0.0;0.0
15605;1063LK;1063LK;16;100.0;100.0;100;100;G4;982;0.0;0.0
15607;1063LL;1063LL;16;100.0;100.0;100;100;G4;1551;0.0;0.0
15609;1063LM;1063LM;18;100.0;100.0;100;94;G4;1449;0.0;0.0
15611;1063LN;1063LN;21;100.0;100.0;100;100;G4;1564;0.0;0.0
15613;1063LP;1063LP;15;100.0;100.0;100;93;G4;363;0.0;0.0
15615;1063LR;1063LR;14;100.0;100.0;100;100;G4;240;0.0;0.0
15617;1063LS;1063LS;14;100.0;100.0;100;100;G4;230;0.0;0.0
15619;1063LT;1063LT;14;100.0;100.0;100;100;G4;256;0.0;0.0
15621;1063LV;1063LV;17;100.0;100.0;100;100;G4;486;0.0;0.0
15623;1063LW;1063LW;18;100.0;100.0;100;100;G4;352;0.0;5.56
15625;1063LX;1063LX;16;100.0;100.0;100;100;G4;1070;0.0;50.0
15627;1063LZ;1063LZ;16;100.0;100.0;100;100;G4;1045;0.0;0.0
15629;1063MA;1063MA;22;100.0;95.45;100;100;G4;891;0.0;0.0
15631;1063MB;1063MB;22;100.0;100.0;100;100;G4;899;0.0;0.0
15633;1063MC;1063MC;51;100.0;100.0;100;100;G4;1034;0.0;1.96
15635;1063MD;1063MD;50;100.0;100.0;100;100;G4;905;0.0;0.0
15637;1063ME;1063MG;11;100.0;90.91;100;36;G4;6556;0.0;0.0
15639;1063MH;1063MH;73;100.0;100.0;100;100;G4;877;0.0;4.11
15641;1063MJ;1063MK;20;100.0;95.0;100;70;G4;1163;0.0;15.0
15643;1063ML;1063ML;20;100.0;100.0;100;100;G4;1217;0.0;5.0
15645;1063NA;1063NA;16;100.0;100.0;100;100;G4;1131;0.0;50.0
15647;1063NB;1063NB;16;100.0;100.0;100;100;G4;1541;0.0;6.25
15649;1063NC;1063NC;18;100.0;100.0;100;89;G4;1736;0.0;0.0
15651;1063ND;1063ND;25;100.0;100.0;100;100;G4;1332;0.0;0.0
15653;1063NE;1063NE;25;100.0;100.0;100;96;G4;1582;0.0;0.0
15655;1063NG;1063NG;24;100.0;100.0;100;100;G4;1463;0.0;0.0
15657;1063NH;1063NH;25;100.0;100.0;100;100;G4;1358;0.0;0.0
15659;1063NJ;1063NJ;25;100.0;100.0;100;100;G4;1450;0.0;0.0
15661;1063NK;1063NK;25;100.0;100.0;100;96;G4;1496;0.0;0.0
15663;1063NL;1063NL;25;100.0;100.0;100;96;G4;1621;0.0;0.0
15665;1063NM;1063NM;25;100.0;100.0;100;100;G4;1439;0.0;0.0
15667;1063NN;1063NN;20;100.0;100.0;100;100;G4;1617;0.0;5.0
15669;1063NP;1063NP;24;100.0;100.0;100;100;G4;1494;0.0;0.0
15671;1063NR;1063NR;24;100.0;100.0;100;100;G4;1341;0.0;0.0
15673;1063NS;1063NS;20;100.0;100.0;100;100;G4;1563;0.0;5.0
15675;1063NT;1063NV;30;100.0;100.0;100;97;G4;1447;0.0;0.0
15678;1063NW;1063NW;19;100.0;100.0;100;100;G4;1442;0.0;5.26
15680;1063NX;1063NX;10;100.0;100.0;100;100;G4;2411;0.0;0.0
15682;1063NZ;1063NZ;18;100.0;100.0;100;83;G4;1739;0.0;0.0
15684;1063PA;1063PA;17;100.0;100.0;100;94;G4;1413;0.0;0.0
15686;1063PB;1063PB;20;100.0;95.0;100;95;G4;1101;0.0;0.0
15688;1063PC;1063PC;20;100.0;100.0;100;95;G4;1013;0.0;0.0
15690;1063PD;1063PD;10;100.0;100.0;100;100;G4;666;0.0;0.0
15692;1063PE;1063PG;13;100.0;92.31;100;100;G4;1463;0.0;0.0
15696;1063PJ;1063PJ;12;100.0;100.0;100;100;G4;1176;0.0;0.0
15698;1063PK;1063PK;16;100.0;100.0;100;100;G4;1279;0.0;0.0
15700;1063PL;1063PL;12;100.0;100.0;100;100;G4;1033;0.0;0.0
15702;1063PM;1063PM;16;100.0;100.0;100;100;G4;1300;0.0;0.0
15704;1063PN;1063PN;12;100.0;100.0;100;100;G4;1410;0.0;0.0
15706;1063PP;1063PP;18;100.0;100.0;100;89;G4;2029;0.0;5.56
15708;1063PR;1063PR;16;100.0;100.0;100;94;G4;1159;0.0;0.0
15710;1063PS;1063PS;24;100.0;100.0;100;92;G4;1059;0.0;4.17
15712;1063PT;1063PT;16;100.0;100.0;100;94;G4;1228;0.0;0.0
15714;1063PV;1063PV;48;100.0;100.0;100;100;G4;832;0.0;4.17
15716;1063PW;1063PW;48;100.0;100.0;100;100;G4;948;0.0;12.5
15718;1063SR;1063SR;16;100.0;100.0;100;100;G4;1144;0.0;0.0
15720;1063ST;1063ST;16;100.0;100.0;100;100;G4;1044;0.0;81.25
15722;1063SV;1063SV;14;100.0;100.0;100;79;G4;1115;0.0;14.29
15724;1063SW;1063SW;16;100.0;100.0;100;100;G4;1349;0.0;0.0
15726;1063SX;1063SX;20;100.0;100.0;100;100;G4;894;0.0;0.0
15728;1063SZ;1063SZ;20;100.0;100.0;100;100;G4;806;0.0;0.0
15730;1063TA;1063TA;16;100.0;93.75;100;100;G4;1160;0.0;0.0
15732;1063TB;1063TB;20;100.0;100.0;100;95;G4;1197;0.0;5.0
15734;1063TC;1063TC;18;100.0;100.0;100;100;G4;1213;0.0;33.33
15736;1063TD;1063TD;18;100.0;100.0;100;100;G4;1118;0.0;0.0
15738;1063TG;1063TG;33;100.0;100.0;100;91;G4;1338;0.0;6.06
15740;1063TH;1063TH;36;100.0;100.0;100;100;G4;1032;0.0;0.0
15742;1063TJ;1063TJ;18;100.0;100.0;100;100;G4;1026;0.0;0.0
15744;1063TK;1063TK;15;100.0;100.0;100;93;G4;2303;0.0;0.0
15746;1063TL;1063TL;18;100.0;100.0;100;100;G4;1148;0.0;0.0
15748;1063TM;1063TM;18;100.0;100.0;100;100;G4;1156;0.0;0.0
15750;1063TN;1063TN;18;100.0;100.0;100;100;G4;1165;0.0;0.0
15752;1063TP;1063TP;18;100.0;100.0;100;100;G4;1206;0.0;0.0
15754;1063TR;1063TR;18;100.0;100.0;100;100;G4;1238;0.0;22.22
15756;1063TS;1063TS;18;100.0;100.0;100;100;G4;1117;0.0;0.0
15758;1063TT;1063TT;16;100.0;100.0;100;100;G4;913;0.0;0.0
15760;1063TV;1063TV;24;100.0;100.0;100;100;G4;1101;0.0;37.5
15762;1063TW;1063TW;16;100.0;100.0;100;100;G4;1399;0.0;50.0
15764;1063TX;1063TX;16;100.0;100.0;100;100;G4;709;0.0;0.0
15766;1063TZ;1063TZ;24;100.0;100.0;100;100;G4;836;0.0;0.0
15768;1063VA;1063VA;16;100.0;100.0;100;100;G4;916;0.0;0.0
15770;1063VB;1063VB;24;100.0;100.0;100;100;G4;960;0.0;37.5
15772;1063VC;1063VD;32;100.0;100.0;100;97;G4;1320;0.0;28.13
15774;1063VE;1063VE;14;100.0;100.0;100;100;G4;781;0.0;0.0
15776;1063VG;1063VG;14;100.0;100.0;100;100;G4;823;0.0;0.0
15778;1063VH;1063VH;12;100.0;100.0;100;100;G4;982;0.0;0.0
15780;1063VJ;1063VJ;13;100.0;100.0;100;100;G4;926;0.0;0.0
15782;1063VK;1063VK;24;100.0;100.0;100;100;G4;1524;0.0;0.0
15784;1063VL;1063VL;11;100.0;100.0;100;100;G4;1104;0.0;0.0
15786;1063VM;1063VM;24;100.0;100.0;100;100;G4;1293;0.0;0.0
15788;1063VN;1063VN;14;100.0;100.0;100;100;G4;1108;0.0;7.14
15790;1063VP;1063VR;31;100.0;100.0;100;100;G4;1060;0.0;0.0
15792;1063VS;1063VS;24;100.0;100.0;100;100;G4;1202;0.0;0.0
15794;1063VT;1063VT;24;100.0;100.0;100;96;G4;1218;0.0;25.0
15796;1063VV;1063VV;24;100.0;100.0;100;96;G4;1325;0.0;4.17
15798;1063VW;1063VW;24;100.0;100.0;100;96;G4;1190;0.0;0.0
15800;1063VX;1063VX;24;100.0;100.0;100;100;G4;1128;0.0;4.17
15802;1063VZ;1063VZ;18;100.0;100.0;100;100;G4;1355;0.0;0.0
15804;1063XA;1063XA;18;100.0;100.0;100;100;G4;1231;0.0;0.0
15806;1063XB;1063XB;19;100.0;100.0;100;100;G4;1370;0.0;5.26
15808;1063XC;1063XC;12;100.0;100.0;100;92;G4;1234;0.0;0.0
15810;1063XD;1063XD;18;100.0;94.44;100;94;G4;871;0.0;0.0
15812;1063XE;1063XE;18;100.0;100.0;100;100;G4;1363;0.0;0.0
15814;1063XG;1063XG;18;100.0;100.0;100;100;G4;1538;0.0;0.0
15816;1063XH;1063XH;18;100.0;100.0;100;100;G4;1066;0.0;5.56
15818;1063XJ;1063XJ;18;100.0;100.0;100;94;G4;1470;0.0;0.0
15820;1063XK;1063XK;18;100.0;100.0;100;100;G4;1550;0.0;0.0
15822;1063XL;1063XL;18;100.0;100.0;100;89;G4;1689;0.0;0.0
15824;1063XM;1063XM;16;100.0;100.0;100;100;G4;1141;0.0;6.25
15826;1063XN;1063XN;24;100.0;100.0;100;100;G4;1024;0.0;29.17
15828;1063XP;1063XP;16;100.0;100.0;100;100;G4;1050;0.0;0.0
15830;1063XR;1063XR;16;100.0;100.0;100;100;G4;754;0.0;0.0
15832;1063XS;1063XS;24;100.0;100.0;100;100;G4;718;0.0;0.0
15834;1063XT;1063XT;16;100.0;100.0;100;100;G4;995;0.0;0.0
15836;1063XV;1063XV;16;100.0;100.0;100;100;G4;779;0.0;50.0
15838;1063XW;1063XW;24;100.0;100.0;100;100;G4;1188;0.0;0.0
15840;1063XX;1063XX;16;100.0;100.0;100;100;G4;1129;0.0;6.25
15842;1063XZ;1063XZ;16;100.0;100.0;100;100;G4;1005;0.0;0.0
15844;1063ZA;1063ZA;24;100.0;100.0;100;100;G4;948;0.0;0.0
15846;1063ZB;1063ZB;16;100.0;100.0;100;100;G4;1059;0.0;0.0
15848;1063ZC;1063ZC;16;100.0;100.0;100;100;G4;1026;0.0;0.0
15850;1063ZD;1063ZD;24;100.0;100.0;100;100;G4;890;0.0;0.0
15852;1063ZE;1063ZE;16;100.0;100.0;100;100;G4;1087;0.0;0.0
15854;1063ZG;1063ZG;20;100.0;20.0;100;100;G4;1278;0.0;0.0
15856;1063ZH;1063ZH;30;100.0;20.0;100;97;G4;896;0.0;0.0
15858;1063ZJ;1063ZJ;47;100.0;65.96;100;100;G4;910;0.0;0.0
15860;1063ZK;1063ZK;16;100.0;100.0;100;100;G4;1210;0.0;0.0
15862;1063ZL;1063ZL;24;100.0;100.0;100;100;G4;1037;0.0;0.0
15864;1063ZM;1063ZM;16;100.0;100.0;100;100;G4;975;0.0;6.25
15866;1063ZN;1063ZN;16;100.0;100.0;100;100;G4;1189;0.0;0.0
15868;1063ZP;1063ZP;24;100.0;100.0;100;100;G4;1181;0.0;0.0
15870;1063ZR;1063ZR;16;100.0;100.0;100;100;G4;1117;0.0;6.25
15872;1063ZS;1063ZS;16;100.0;100.0;100;100;G4;974;0.0;0.0
15874;1063ZT;1063ZT;24;100.0;100.0;100;96;G4;897;0.0;0.0
15876;1063ZV;1063ZV;16;100.0;100.0;100;94;G4;1099;0.0;0.0
15878;1063ZW;1063ZW;16;100.0;100.0;100;94;G4;1208;0.0;0.0
15880;1063ZX;1063ZX;24;100.0;100.0;100;100;G4;1276;0.0;0.0
15882;1063ZZ;1063ZZ;16;100.0;100.0;100;100;G4;950;0.0;0.0
15884;1064AA;1064AA;20;100.0;100.0;100;75;G4;1874;0.0;10.0
15886;1064AB;1064AB;11;100.0;100.0;100;55;G6;3279;0.0;0.0
15888;1064AC;1064AD;30;100.0;96.67;100;97;G4;223;0.0;3.33
15891;1064AE;1064AE;22;100.0;95.45;100;95;G4;93;0.0;9.09
15893;1064AG;1064AG;22;100.0;100.0;100;95;G4;220;0.0;9.09
15895;1064AH;1064AH;10;100.0;100.0;100;80;G4;186;0.0;0.0
15897;1064AJ;1064AJ;21;100.0;100.0;100;95;G4;267;0.0;4.76
15899;1064AK;1064AK;22;100.0;95.45;100;91;G4;260;0.0;0.0
15901;1064AL;1064AL;21;100.0;100.0;100;95;G4;188;0.0;0.0
15902;1064AM;1064AM;15;100.0;100.0;100;93;G4;202;0.0;0.0
15905;1064AN;1064AN;23;100.0;100.0;100;100;G4;1429;0.0;8.7
15907;1064AP;1064AP;22;100.0;100.0;100;100;G4;1202;0.0;9.09
15909;1064AR;1064AR;23;100.0;100.0;100;91;G4;1555;0.0;100.0
15911;1064AS;1064AS;29;100.0;100.0;100;100;G4;1025;0.0;75.86
15913;1064AT;1064AT;18;100.0;100.0;100;100;G4;1081;0.0;66.67
15915;1064AV;1064AV;18;100.0;100.0;100;100;G4;1090;0.0;100.0
15917;1064AW;1064AW;18;100.0;100.0;100;100;G4;1195;0.0;66.67
15919;1064AX;1064AX;18;100.0;100.0;100;100;G4;1030;0.0;88.89
15921;1064AZ;1064AZ;18;100.0;100.0;100;94;G4;1037;0.0;33.33
15923;1064BA;1064BA;10;100.0;100.0;100;90;G4;1039;0.0;100.0
15924;1064BB;1064BB;18;100.0;100.0;100;83;G4;761;0.0;0.0
15926;1064BC;1064BC;19;100.0;100.0;100;100;G4;886;0.0;5.26
15929;1064BD;1064BD;16;100.0;100.0;100;100;G4;801;0.0;0.0
15931;1064BE;1064BE;20;100.0;100.0;100;100;G4;731;0.0;0.0
15933;1064BG;1064BG;10;100.0;100.0;100;90;G4;685;0.0;0.0
15935;1064BH;1064BH;14;100.0;92.86;100;93;G4;703;0.0;0.0
15937;1064BJ;1064BJ;25;100.0;100.0;100;96;G4;220;0.0;0.0
15939;1064BK;1064BK;15;100.0;100.0;100;93;G4;523;0.0;0.0
15941;1064BL;1064BL;10;100.0;100.0;100;100;G4;1456;0.0;10.0
15943;1064BM;1064BM;12;100.0;100.0;100;100;G4;113;0.0;58.33
15945;1064BN;1064BN;21;100.0;100.0;100;100;G4;170;0.0;0.0
15947;1064BP;1064BP;15;100.0;100.0;100;93;G4;2140;0.0;0.0
15949;1064BR;1064BR;15;100.0;100.0;100;100;G4;1245;0.0;66.67
15951;1064BS;1064BS;12;100.0;100.0;100;100;G4;1369;0.0;75.0
15953;1064BT;1064BT;19;100.0;100.0;100;95;G4;1423;0.0;94.74
15955;1064BV;1064BV;11;100.0;100.0;100;91;G4;1046;0.0;100.0
15957;1064BW;1064BW;10;100.0;100.0;100;100;G4;1640;0.0;0.0
15959;1064BX;1064BZ;31;100.0;96.77;100;97;G4;1144;0.0;22.58
15961;1064CA;1064CA;24;100.0;100.0;100;96;G4;1017;0.0;4.17
15963;1064CB;1064CB;17;100.0;100.0;100;94;G4;758;0.0;0.0
15965;1064CC;1064CC;25;100.0;100.0;100;92;G4;826;0.0;0.0
15967;1064CD;1064CD;17;100.0;100.0;100;100;G4;652;0.0;0.0
15969;1064CE;1064CE;21;100.0;100.0;100;90;G4;3547;0.0;0.0
15971;1064CG;1064CG;16;100.0;93.75;100;100;G4;1288;0.0;87.5
15973;1064CH;1064CH;16;100.0;100.0;100;94;G4;1741;0.0;93.75
15975;1064CJ;1064CK;31;100.0;96.77;100;100;G4;618;0.0;3.23
15978;1064CL;1064CL;26;100.0;100.0;100;100;G4;18;0.0;0.0
15980;1064CM;1064CM;24;100.0;100.0;100;100;G4;29;0.0;0.0
15982;1064CN;1064CN;21;100.0;90.48;100;100;G4;16;0.0;4.76
15984;1064CP;1064CP;25;100.0;96.0;100;100;G4;26;0.0;4.0
15986;1064CR;1064CR;23;100.0;95.65;100;100;G4;19;0.0;0.0
15988;1064CS;1064CS;13;100.0;100.0;100;100;G4;20;0.0;0.0
15990;1064CT;1064CT;26;100.0;96.15;100;100;G4;26;0.0;0.0
15992;1064CV;1064CV;26;100.0;96.15;100;100;G4;27;0.0;0.0
15994;1064CW;1064CW;25;100.0;88.0;100;100;G4;31;0.0;0.0
15996;1064CX;1064CX;25;100.0;100.0;100;100;G4;19;0.0;0.0
15998;1064CZ;1064CZ;23;100.0;95.65;100;100;G4;118;0.0;0.0
16000;1064DA;1064DA;16;100.0;100.0;100;100;G4;1391;0.0;6.25
16002;1064DB;1064DB;28;100.0;100.0;100;100;G4;1335;0.0;7.14
16004;1064DC;1064DC;48;100.0;100.0;100;100;G4;1211;0.0;6.25
16006;1064DD;1064DD;23;100.0;100.0;100;100;G4;1269;0.0;8.7
16008;1064DE;1064DE;39;100.0;100.0;100;100;G4;1339;0.0;10.26
16010;1064DG;1064DG;27;100.0;100.0;100;93;G4;1946;0.0;11.11
16012;1064EA;1064EA;26;100.0;92.31;100;100;G4;30;0.0;0.0
16014;1064EB;1064EB;12;100.0;83.33;100;100;G4;13;0.0;0.0
16015;1064EC;1064EC;23;100.0;91.3;100;100;G4;97;0.0;4.35
16018;1064ED;1064ED;25;100.0;92.0;100;96;G4;39;0.0;0.0
16020;1064EE;1064EE;25;100.0;88.0;100;100;G4;24;0.0;0.0
16022;1064EG;1064EG;26;100.0;96.15;100;100;G4;15;0.0;3.85
16024;1064EH;1064EH;23;100.0;95.65;100;96;G4;18;0.0;8.7
16026;1064EJ;1064EJ;25;100.0;92.0;100;96;G4;27;0.0;0.0
16027;1064EK;1064EK;11;100.0;90.91;100;100;G4;184;0.0;0.0
16029;1064EL;1064EM;26;100.0;100.0;100;96;G4;1504;0.0;0.0
16032;1064EN;1064EN;18;100.0;100.0;100;94;G4;982;0.0;0.0
16034;1064EP;1064EP;15;100.0;100.0;100;93;G4;983;0.0;0.0
16036;1064ER;1064ER;16;100.0;100.0;100;81;G4;1864;0.0;0.0
16038;1064ES;1064ES;16;100.0;100.0;100;100;G4;830;0.0;0.0
16040;1064ET;1064ET;22;100.0;100.0;100;100;G4;776;0.0;0.0
16042;1064EV;1064EV;16;100.0;100.0;100;100;G4;947;0.0;0.0
16044;1064EW;1064EW;19;100.0;100.0;100;95;G4;897;0.0;0.0
16046;1064EX;1064EX;22;100.0;100.0;100;95;G4;791;0.0;0.0
16048;1064EZ;1064EZ;14;100.0;100.0;100;100;G4;714;0.0;7.14
16050;1064GA;1064GA;18;100.0;100.0;100;100;G4;988;0.0;0.0
16052;1064GB;1064GB;18;100.0;100.0;100;100;G4;1644;0.0;0.0
16054;1064GC;1064GC;19;100.0;100.0;100;100;G4;1469;0.0;0.0
16056;1064GD;1064GD;16;100.0;100.0;100;100;G4;1298;0.0;0.0
16058;1064GE;1064GE;20;100.0;100.0;100;100;G4;1386;0.0;0.0
16060;1064GG;1064GG;20;100.0;100.0;100;90;G4;1334;0.0;0.0
16062;1064GH;1064GH;20;100.0;100.0;100;100;G4;1226;0.0;0.0
16064;1064GJ;1064GJ;16;100.0;100.0;100;100;G4;1341;0.0;0.0
16066;1064GK;1064GK;16;100.0;100.0;100;100;G4;1256;0.0;0.0
16068;1064GL;1064GL;20;100.0;100.0;100;100;G4;1445;0.0;0.0
16070;1064GM;1064GM;20;100.0;100.0;100;100;G4;1254;0.0;0.0
16072;1064GN;1064GN;20;100.0;100.0;100;100;G4;1281;0.0;0.0
16074;1064GP;1064GP;16;100.0;100.0;100;100;G4;1396;0.0;0.0
16076;1064GR;1064GR;16;100.0;100.0;100;100;G4;1236;0.0;0.0
16078;1064GS;1064GS;20;100.0;100.0;100;95;G4;1401;0.0;0.0
16080;1064GV;1064GV;16;100.0;100.0;100;88;G4;1960;0.0;0.0
16083;1064GZ;1064GZ;21;100.0;100.0;100;95;G4;1252;0.0;0.0
16085;1064HA;1064HA;15;100.0;73.33;100;87;G4;2942;0.0;0.0
16087;1064HB;1064HB;31;100.0;100.0;100;100;G4;1235;0.0;0.0
16089;1064HC;1064HC;18;100.0;100.0;100;94;G4;855;0.0;83.33
16091;1064HD;1064HD;15;100.0;100.0;100;100;G4;881;0.0;100.0
16093;1064HE;1064HE;24;100.0;100.0;100;96;G4;977;0.0;0.0
16095;1064HG;1064HG;24;100.0;100.0;100;100;G4;1015;0.0;0.0
16100;1064HL;1064HL;19;100.0;100.0;100;79;G4;3767;0.0;0.0
16102;1064HM;1064HM;25;100.0;100.0;100;92;G4;1903;0.0;16.0
16104;1064HN;1064HR;36;100.0;97.22;100;94;G4;2030;0.0;2.78
16107;1064HS;1064HS;27;100.0;92.59;100;100;G4;1623;0.0;3.7
16109;1064HT;1064HT;15;100.0;100.0;100;100;G4;1493;0.0;0.0
16111;1064HV;1064HV;14;100.0;100.0;100;93;G4;1325;0.0;0.0
16113;1064HW;1064HW;15;100.0;100.0;100;100;G4;1160;0.0;6.67
16115;1064HX;1064HX;14;100.0;100.0;100;100;G4;1302;0.0;0.0
16117;1064HZ;1064HZ;12;100.0;100.0;100;92;G4;1454;0.0;0.0
16119;1064JA;1064JA;15;100.0;100.0;100;87;G4;1300;0.0;0.0
16121;1064JB;1064JB;15;100.0;100.0;100;100;G4;1346;0.0;6.67
16123;1064JC;1064JC;23;100.0;100.0;100;96;G4;1333;0.0;4.35
16125;1064JD;1064JD;14;100.0;100.0;100;100;G4;1683;0.0;0.0
16127;1064JE;1064JE;60;100.0;100.0;100;100;G4;1175;0.0;1.67
16129;1064JG;1064JG;27;100.0;100.0;100;93;G4;1838;0.0;0.0
16131;1064JH;1064JH;15;100.0;100.0;100;100;G4;1488;0.0;6.67
16133;1064JJ;1064JJ;20;100.0;100.0;100;100;G4;750;0.0;0.0
16135;1064JK;1064JK;24;100.0;100.0;100;100;G4;652;0.0;4.17
16137;1064JL;1064JL;16;100.0;100.0;100;88;G4;821;0.0;0.0
16139;1064JM;1064JM;20;100.0;100.0;100;90;G4;1154;0.0;0.0
16141;1064JN;1064JN;16;100.0;100.0;100;94;G4;1180;0.0;0.0
16143;1064JP;1064JP;12;100.0;91.67;100;100;G4;1037;0.0;0.0
16145;1064JR;1064JR;23;100.0;100.0;100;96;G4;1210;0.0;0.0
16147;1064JS;1064JS;24;100.0;100.0;100;92;G4;1436;0.0;0.0
16149;1064JT;1064JT;20;100.0;100.0;100;100;G4;1350;0.0;0.0
16151;1064JV;1064JV;20;100.0;100.0;100;100;G4;1294;0.0;0.0
16153;1064JW;1064JW;20;100.0;95.0;100;90;G4;1434;0.0;0.0
16155;1064JX;1064JX;20;100.0;100.0;100;100;G4;1170;0.0;0.0
16157;1064JZ;1064KD;38;100.0;94.74;100;87;G4;1042;0.0;2.63
16161;1064KE;1064KE;24;100.0;100.0;100;96;G4;861;0.0;0.0
16163;1064KG;1064KG;24;100.0;100.0;100;96;G4;975;0.0;0.0
16165;1064KH;1064KH;24;100.0;100.0;100;100;G4;833;0.0;0.0
16167;1064KJ;1064KJ;20;100.0;100.0;100;100;G4;1798;0.0;0.0
16169;1064KK;1064KK;20;100.0;90.0;100;95;G4;1212;0.0;0.0
16171;1064KL;1064KL;20;100.0;100.0;100;95;G4;1773;0.0;5.0
16173;1064KM;1064KM;19;100.0;100.0;100;95;G4;1690;0.0;10.53
16175;1064KN;1064KN;20;100.0;100.0;100;100;G4;1010;0.0;0.0
16177;1064KP;1064KP;20;100.0;100.0;100;95;G4;887;0.0;0.0
16179;1064KR;1064KR;24;100.0;100.0;100;96;G4;1029;0.0;0.0
16181;1064KS;1064KS;19;100.0;89.47;100;89;G4;1366;0.0;42.11
16183;1064KT;1064KT;20;100.0;100.0;100;100;G4;1030;0.0;0.0
16185;1064KV;1064KV;10;100.0;100.0;100;100;G4;1015;0.0;0.0
16187;1064KW;1064KW;20;100.0;100.0;100;100;G4;1051;0.0;5.0
16189;1064KX;1064KX;20;100.0;100.0;100;100;G4;1070;0.0;0.0
16191;1064KZ;1064KZ;20;100.0;100.0;100;100;G4;1010;0.0;0.0
16193;1064LA;1064LA;20;100.0;100.0;100;100;G4;899;0.0;0.0
16195;1064LB;1064LB;20;100.0;100.0;100;95;G4;956;0.0;0.0
16197;1064LC;1064LC;20;100.0;100.0;100;100;G4;883;0.0;0.0
16199;1064LD;1064LD;15;100.0;100.0;100;80;G6;2552;0.0;0.0
16201;1064LE;1064LE;24;100.0;100.0;100;58;G4;1893;0.0;37.5
16203;1064LG;1064LH;20;100.0;100.0;100;90;G4;1854;0.0;0.0
16206;1064LJ;1064LJ;15;100.0;100.0;100;93;G4;1312;0.0;0.0
16208;1064LK;1064LK;24;100.0;100.0;100;96;G4;1086;0.0;0.0
16210;1064LL;1064LL;26;100.0;96.15;100;100;G4;1067;0.0;0.0
16212;1064LM;1064LM;19;100.0;100.0;100;100;G4;1256;0.0;0.0
16214;1064LN;1064LN;14;100.0;100.0;100;100;G4;1249;0.0;100.0
16216;1064LP;1064LP;14;100.0;100.0;100;100;G4;1275;0.0;0.0
16218;1064LR;1064LR;14;100.0;100.0;100;100;G4;1184;0.0;0.0
16220;1064LS;1064LS;14;100.0;100.0;100;100;G4;1179;0.0;50.0
16222;1064LT;1064LT;23;100.0;100.0;100;61;G4;2324;0.0;0.0
16224;1064LV;1064LV;17;100.0;100.0;100;88;G4;1381;0.0;0.0
16226;1064LW;1064LW;14;100.0;100.0;100;100;G4;1283;0.0;0.0
16228;1064LX;1064LX;15;100.0;100.0;100;100;G4;1418;0.0;0.0
16230;1064LZ;1064LZ;14;100.0;100.0;100;100;G4;1257;0.0;78.57
16233;1064MB;1064MB;29;100.0;100.0;100;100;G4;959;0.0;0.0
16235;1064MC;1064MC;20;100.0;100.0;100;95;G4;1710;0.0;0.0
16237;1064MD;1064MD;20;100.0;100.0;100;100;G4;878;0.0;0.0
16239;1064ME;1064ME;30;100.0;100.0;100;100;G4;755;0.0;0.0
16241;1064MG;1064MG;29;100.0;100.0;100;100;G4;880;0.0;3.45
16243;1064MH;1064MH;22;100.0;100.0;100;100;G4;1438;0.0;4.55
16245;1064MJ;1064MN;28;100.0;100.0;100;100;G4;1482;0.0;7.14
16247;1064MP;1064MR;22;100.0;100.0;100;100;G4;1393;0.0;4.55
16249;1064MS;1064MV;50;100.0;100.0;100;100;G4;1071;0.0;2.0
16251;1064NA;1064NA;15;100.0;100.0;100;80;G4;1539;0.0;0.0
16253;1064NB;1064NC;34;100.0;100.0;100;100;G4;1450;0.0;0.0
16256;1064NE;1064NE;21;100.0;95.24;100;90;G4;1070;0.0;0.0
16258;1064NG;1064NG;15;100.0;100.0;100;100;G4;1284;0.0;0.0
16260;1064NH;1064NH;20;100.0;100.0;100;95;G4;965;0.0;0.0
16262;1064NJ;1064NJ;17;100.0;100.0;100;88;G4;951;0.0;0.0
16264;1064NK;1064NK;15;100.0;100.0;100;100;G4;1234;0.0;6.67
16266;1064NL;1064NL;20;100.0;95.0;100;95;G4;986;0.0;0.0
16268;1064NM;1064NM;17;100.0;100.0;100;100;G4;1030;0.0;41.18
16270;1064NN;1064NN;15;100.0;100.0;100;100;G4;1163;0.0;0.0
16272;1064NP;1064NP;12;100.0;100.0;100;50;G6;1464;0.0;0.0
16274;1064NR;1064NR;16;100.0;100.0;100;56;G6;1902;0.0;0.0
16276;1064NS;1064NS;93;100.0;100.0;100;100;G4;1255;0.0;1.08
16278;1064NT;1064NT;15;100.0;100.0;100;100;G4;1930;0.0;20.0
16280;1064NV;1064NV;11;100.0;100.0;100;100;G4;1404;0.0;18.18
16282;1064NW;1064NW;36;100.0;100.0;100;100;G4;1452;0.0;2.78
16284;1064NX;1064NX;31;100.0;100.0;100;100;G4;1533;0.0;3.23
16286;1064NZ;1064NZ;37;100.0;100.0;100;100;G4;1624;0.0;8.11
16288;1064PA;1064PA;23;100.0;100.0;100;100;G4;958;0.0;100.0
16289;1064PB;1064PB;20;100.0;100.0;100;100;G4;862;0.0;100.0
16291;1064PC;1064PC;20;100.0;100.0;100;100;G4;876;0.0;100.0
16294;1064PE;1064PE;30;100.0;100.0;100;100;G4;966;0.0;0.0
16296;1064PG;1064PG;22;100.0;100.0;100;100;G4;853;0.0;0.0
16298;1064PH;1064PJ;20;100.0;100.0;100;100;G4;1176;0.0;0.0
16300;1064PK;1064PK;44;100.0;100.0;100;100;G4;1067;0.0;2.27
16302;1064PL;1064PL;44;100.0;100.0;100;100;G4;1279;0.0;4.55
16304;1064PM;1064PM;57;100.0;100.0;100;100;G4;1202;0.0;1.75
16306;1064PN;1064PN;18;100.0;100.0;100;100;G4;1514;0.0;5.56
16308;1064PP;1064PP;28;100.0;100.0;100;100;G4;1134;0.0;0.0
16310;1064PR;1064PR;61;100.0;96.72;100;98;G4;1102;0.0;6.56
16312;1064PX;1064PX;24;100.0;100.0;100;100;G4;1098;0.0;0.0
16314;1064PZ;1064PZ;24;100.0;100.0;100;100;G4;1050;0.0;0.0
16316;1064RA;1064RA;24;100.0;100.0;100;96;G4;1108;0.0;4.17
16318;1064RB;1064RB;24;100.0;100.0;100;88;G4;1111;0.0;0.0
16320;1064RC;1064RC;22;100.0;100.0;100;100;G4;862;0.0;0.0
16322;1064RD;1064RD;16;100.0;100.0;100;100;G4;837;0.0;0.0
16324;1064RE;1064RE;19;100.0;100.0;100;100;G4;768;0.0;0.0
16326;1064RG;1064RG;22;100.0;100.0;100;100;G4;807;0.0;4.55
16328;1064RH;1064RH;19;100.0;100.0;100;95;G4;807;0.0;0.0
16330;1064RJ;1064RJ;22;100.0;100.0;100;91;G4;710;0.0;0.0
16332;1064RK;1064RK;14;100.0;100.0;100;100;G4;795;0.0;0.0
16334;1064RL;1064RL;20;100.0;100.0;100;90;G4;940;0.0;0.0
16336;1064RM;1064RM;14;100.0;100.0;100;100;G4;941;0.0;0.0
16338;1064RN;1064RN;18;100.0;100.0;100;100;G4;679;0.0;0.0
16340;1064RP;1064RP;20;100.0;100.0;100;100;G4;683;0.0;0.0
16342;1064RR;1064RR;14;100.0;100.0;100;100;G4;882;0.0;0.0
16344;1064RS;1064RS;16;100.0;100.0;100;100;G4;1057;0.0;12.5
16346;1064RT;1064RT;20;100.0;95.0;100;100;G4;819;0.0;15.0
16348;1064RV;1064RV;16;100.0;100.0;100;100;G4;584;0.0;0.0
16350;1064RW;1064RW;13;100.0;92.31;100;92;G4;516;0.0;0.0
16352;1064RX;1064RX;14;100.0;100.0;100;100;G4;1457;0.0;0.0
16354;1064RZ;1064RZ;18;100.0;100.0;100;100;G4;885;0.0;0.0
16356;1064SB;1064SB;10;100.0;100.0;100;100;G4;952;0.0;0.0
16358;1064SC;1064SC;21;100.0;100.0;100;81;G4;1476;0.0;0.0
16360;1064SE;1064SE;16;100.0;100.0;100;100;G4;721;0.0;93.75
16362;1064SG;1064SG;16;100.0;100.0;100;100;G4;718;0.0;25.0
16364;1064SH;1064SH;18;100.0;100.0;100;100;G4;806;0.0;100.0
16366;1064SJ;1064SJ;16;100.0;100.0;100;100;G4;669;0.0;50.0
16368;1064SK;1064SK;16;100.0;100.0;100;100;G4;790;0.0;43.75
16370;1064SL;1064SL;16;100.0;100.0;100;100;G4;708;0.0;50.0
16372;1064SM;1064SM;18;100.0;100.0;100;100;G4;1231;0.0;94.44
16374;1064SN;1064SN;16;100.0;100.0;100;100;G4;583;0.0;93.75
16376;1064SP;1064SP;16;100.0;100.0;100;100;G4;723;0.0;81.25
16378;1064SR;1064SR;16;100.0;100.0;100;100;G4;697;0.0;75.0
16380;1064ST;1064ST;21;100.0;100.0;100;95;G4;1305;0.0;100.0
16382;1064SV;1064SV;21;100.0;100.0;100;100;G4;913;0.0;80.95
16384;1064SX;1064SX;90;100.0;98.89;100;100;G4;921;0.0;22.22
16386;1064SZ;1064TA;22;100.0;100.0;100;100;G4;904;0.0;81.82
16388;1064TB;1064TB;18;100.0;100.0;100;100;G4;621;0.0;100.0
16390;1064TC;1064TC;19;100.0;100.0;100;95;G4;883;0.0;78.95
16392;1064TD;1064TD;21;100.0;100.0;100;100;G4;1231;0.0;100.0
16394;1064TE;1064TE;21;100.0;100.0;100;100;G4;1339;0.0;95.24
16396;1064TG;1064TG;21;100.0;100.0;100;100;G4;1556;0.0;100.0
16398;1064TH;1064TH;14;100.0;100.0;100;100;G4;1467;0.0;100.0
16400;1064TJ;1064TJ;14;100.0;100.0;100;100;G4;1398;0.0;85.71
16402;1064TK;1064TK;16;100.0;93.75;100;100;G4;803;0.0;37.5
16404;1064TL;1064TL;14;100.0;100.0;100;93;G4;817;0.0;57.14
16406;1064TM;1064TM;16;100.0;100.0;100;100;G4;695;0.0;50.0
16408;1064TN;1064TN;14;100.0;100.0;100;100;G4;759;0.0;85.71
16410;1064TP;1064TP;16;100.0;100.0;100;100;G4;741;0.0;100.0
16412;1064TR;1064TR;14;100.0;100.0;100;100;G4;657;0.0;100.0
16414;1064TS;1064TS;17;100.0;100.0;100;100;G4;689;0.0;88.24
16416;1064TT;1064TT;16;100.0;100.0;100;100;G4;745;0.0;0.0
16418;1064TV;1064TV;16;100.0;100.0;100;100;G4;742;0.0;100.0
16420;1064TW;1064TW;20;100.0;100.0;100;90;G4;1124;0.0;0.0
16422;1064TX;1064TX;16;100.0;100.0;100;94;G4;1307;0.0;0.0
16424;1064TZ;1064TZ;16;100.0;100.0;100;100;G4;1226;0.0;0.0
16426;1064VA;1064VA;24;100.0;95.83;100;96;G4;1016;0.0;4.17
16428;1064VB;1064VB;24;100.0;100.0;100;100;G4;1049;0.0;0.0
16430;1064VC;1064VC;20;100.0;100.0;100;95;G4;971;0.0;0.0
16432;1064VD;1064VD;16;100.0;100.0;100;100;G4;1093;0.0;0.0
16434;1064VE;1064VE;16;100.0;100.0;100;94;G4;1259;0.0;0.0
16436;1064VG;1064VG;24;100.0;100.0;100;100;G4;961;0.0;0.0
16438;1064VH;1064VH;24;100.0;100.0;100;100;G4;1020;0.0;0.0
16440;1064VJ;1064VJ;20;100.0;100.0;100;95;G4;1211;0.0;0.0
16442;1064VK;1064VK;16;100.0;100.0;100;100;G4;1127;0.0;0.0
16444;1064VL;1064VL;16;100.0;100.0;100;94;G4;1024;0.0;0.0
16446;1064VM;1064VM;20;100.0;100.0;100;100;G4;671;0.0;0.0
16448;1064VN;1064VN;16;100.0;100.0;100;94;G4;774;0.0;6.25
16450;1064VP;1064VP;24;100.0;95.83;100;100;G4;664;0.0;4.17
16452;1064VR;1064VR;21;100.0;76.19;100;95;G4;1458;0.0;4.76
16454;1064VS;1064VS;18;100.0;100.0;100;94;G4;1400;0.0;0.0
16456;1064VT;1064VT;18;100.0;66.67;100;100;G4;1200;0.0;0.0
16458;1064VV;1064VV;58;100.0;100.0;100;100;G4;1043;0.0;68.97
16460;1064VW;1064VW;21;100.0;71.43;100;100;G4;1100;0.0;0.0
16462;1064VX;1064VX;18;100.0;100.0;100;94;G4;1760;0.0;5.56
16464;1064VZ;1064VZ;31;100.0;100.0;100;94;G4;1492;0.0;0.0
16466;1064WB;1064WB;34;100.0;100.0;100;100;G4;1056;0.0;5.88
16468;1064WC;1064WC;50;100.0;100.0;100;100;G4;1064;0.0;2.0
16470;1064WD;1064WD;58;100.0;100.0;100;100;G4;1045;0.0;0.0
16472;1064WE;1064WE;68;100.0;100.0;100;100;G4;1131;0.0;1.47
16474;1064WG;1064WG;32;100.0;100.0;100;100;G4;1156;0.0;3.13
16476;1064WH;1064WH;10;100.0;100.0;100;100;G4;1146;0.0;0.0
16478;1064WJ;1064WJ;24;100.0;100.0;100;100;G4;1312;0.0;4.17
16480;1064WN;1064WN;29;100.0;100.0;100;100;G4;1179;0.0;3.45
16482;1064WP;1064WP;71;100.0;100.0;100;100;G4;1322;0.0;2.82
16484;1064WR;1064WR;36;100.0;100.0;100;100;G4;1614;0.0;0.0
16486;1064WS;1064WS;43;100.0;100.0;100;100;G4;1408;0.0;2.33
16488;1064WT;1064WT;56;100.0;100.0;100;100;G4;1107;0.0;0.0
16490;1064WV;1064WV;58;100.0;100.0;100;100;G4;1187;0.0;6.9
16492;1064WX;1064WX;30;100.0;100.0;100;100;G4;940;0.0;0.0
16494;1064WZ;1064WZ;14;100.0;100.0;100;100;G4;1813;0.0;7.14
16496;1064XB;1064XB;18;100.0;100.0;100;94;G4;1340;0.0;0.0
16498;1064XC;1064XC;21;100.0;100.0;100;100;G4;1506;0.0;0.0
16500;1064XD;1064XD;18;100.0;100.0;100;100;G4;1293;0.0;0.0
16502;1064XE;1064XE;18;100.0;100.0;100;100;G4;1814;0.0;0.0
16504;1064XG;1064XG;18;100.0;100.0;100;89;G4;2765;0.0;0.0
16506;1064XH;1064XH;10;100.0;90.0;100;90;G4;1275;0.0;0.0
16508;1064XJ;1064XJ;24;100.0;100.0;100;100;G4;1762;0.0;0.0
16510;1064XK;1064XL;24;100.0;0.0;100;100;G4;698;0.0;0.0
16512;1064XM;1064XM;16;100.0;0.0;100;94;G4;192;0.0;0.0
16514;1064XN;1064XN;20;100.0;0.0;100;100;G4;886;0.0;0.0
16516;1064XP;1064XP;19;100.0;0.0;100;95;G4;790;0.0;0.0
16518;1064XR;1064XR;24;100.0;0.0;100;92;G4;718;0.0;0.0
16520;1064XS;1064XS;24;100.0;0.0;100;100;G4;793;0.0;0.0
16522;1064XT;1064XT;20;100.0;0.0;100;100;G4;1126;0.0;0.0
16524;1064XV;1064XV;20;100.0;5.0;100;100;G4;4419;0.0;0.0
16528;1064ZB;1064ZG;33;100.0;96.97;100;94;G4;1378;0.0;0.0
16531;1064ZH;1064ZH;21;100.0;76.19;100;95;G4;999;0.0;0.0
16533;1064ZJ;1064ZJ;32;100.0;100.0;100;97;G4;1593;0.0;0.0
16535;1064ZK;1064ZK;18;100.0;100.0;100;100;G4;711;0.0;0.0
16537;1064ZL;1064ZL;22;100.0;100.0;100;86;G4;1183;0.0;40.91
16539;1064ZM;1064ZM;12;100.0;100.0;100;92;G4;1318;0.0;0.0
16541;1064ZN;1064ZN;23;100.0;95.65;100;100;G4;1184;0.0;0.0
16543;1064ZP;1064ZP;15;100.0;100.0;100;100;G4;1160;0.0;0.0
16545;1064ZR;1064ZR;22;100.0;100.0;100;100;G4;1266;0.0;0.0
16547;1064ZS;1064ZS;20;100.0;100.0;100;100;G4;1086;0.0;0.0
16549;1064ZT;1064ZT;24;100.0;100.0;100;100;G4;1246;0.0;0.0
16551;1064ZV;1064ZV;20;100.0;95.0;100;100;G4;1026;0.0;0.0
16553;1064ZW;1064ZW;18;100.0;100.0;100;100;G4;1197;0.0;5.56
16555;1064ZX;1064ZX;16;100.0;100.0;100;100;G4;1131;0.0;0.0
16557;1064ZZ;1064ZZ;22;100.0;100.0;100;100;G4;917;0.0;100.0
16559;1065AA;1065AA;18;100.0;100.0;100;83;G6;2057;0.0;0.0
16561;1065AB;1065AB;17;100.0;94.12;100;71;G6;1902;0.0;5.88
16563;1065AC;1065AC;18;100.0;100.0;100;100;G4;1681;0.0;100.0
16565;1065AD;1065AE;27;100.0;100.0;100;81;G4;1541;0.0;100.0
16568;1065AG;1065AH;26;100.0;100.0;100;77;G4;1749;0.0;100.0
16571;1065AJ;1065AJ;17;100.0;100.0;100;82;G4;1712;0.0;11.76
16573;1065AK;1065AK;16;100.0;100.0;100;88;G4;1448;0.0;100.0
16575;1065AL;1065AL;17;100.0;100.0;100;65;G4;1522;0.0;82.35
16577;1065AM;1065AM;17;100.0;100.0;100;76;G4;1425;0.0;100.0
16579;1065AN;1065AN;16;100.0;100.0;100;100;G4;1386;0.0;93.75
16581;1065AP;1065AP;17;100.0;100.0;100;82;G4;1695;0.0;100.0
16583;1065AR;1065AR;17;100.0;100.0;100;88;G4;1623;0.0;70.59
16585;1065AT;1065AT;22;100.0;100.0;100;100;G4;1039;0.0;72.73
16587;1065AV;1065AV;21;100.0;100.0;100;100;G4;1145;0.0;76.19
16589;1065AW;1065AW;24;100.0;100.0;100;100;G4;1079;0.0;29.17
16591;1065AX;1065AX;51;100.0;100.0;100;100;G4;1072;0.0;31.37
16593;1065AZ;1065AZ;12;100.0;100.0;100;58;G6;1634;0.0;0.0
16595;1065BA;1065BA;12;100.0;100.0;100;67;G6;2069;0.0;8.33
16597;1065BB;1065BB;12;100.0;100.0;100;92;G6;2004;0.0;8.33
16599;1065BC;1065BC;12;100.0;100.0;100;58;G6;2191;0.0;0.0
16601;1065BD;1065BD;13;100.0;100.0;100;69;G6;2082;0.0;7.69
16603;1065BE;1065BG;22;100.0;90.91;100;77;G6;3745;0.0;59.09
16606;1065BH;1065BH;38;100.0;100.0;100;97;G4;853;0.0;28.95
16608;1065BJ;1065BJ;32;100.0;100.0;100;100;G4;155;0.0;31.25
16610;1065BK;1065BK;25;100.0;100.0;100;100;G4;129;0.0;32.0
16612;1065BL;1065BL;24;100.0;100.0;100;100;G4;158;0.0;100.0
16614;1065BM;1065BM;25;100.0;100.0;100;100;G4;235;0.0;32.0
16616;1065BN;1065BN;24;100.0;100.0;100;100;G4;150;0.0;100.0
16618;1065BP;1065BP;25;100.0;100.0;100;100;G4;354;0.0;64.0
16620;1065BR;1065BR;25;100.0;100.0;100;100;G4;162;0.0;32.0
16622;1065BS;1065BS;16;100.0;100.0;100;100;G4;298;0.0;0.0
16624;1065BT;1065BT;32;100.0;100.0;100;100;G4;151;0.0;12.5
16626;1065BV;1065BV;32;100.0;100.0;100;100;G4;172;0.0;18.75
16628;1065BW;1065BW;25;100.0;100.0;100;100;G4;236;0.0;32.0
16630;1065BX;1065BX;20;100.0;70.0;100;80;G4;1568;0.0;5.0
16632;1065BZ;1065BZ;24;100.0;100.0;100;100;G4;98;0.0;0.0
16634;1065CA;1065CA;25;100.0;100.0;100;100;G4;164;0.0;20.0
16636;1065CB;1065CB;32;100.0;100.0;100;100;G4;175;0.0;31.25
16638;1065CC;1065CC;24;100.0;100.0;100;100;G4;152;0.0;20.83
16640;1065CD;1065CD;24;100.0;100.0;100;100;G4;195;0.0;33.33
16642;1065CE;1065CE;25;100.0;100.0;100;100;G4;178;0.0;0.0
16644;1065CG;1065CG;25;100.0;96.0;100;100;G4;218;0.0;0.0
16646;1065CH;1065CH;25;100.0;100.0;100;100;G4;195;0.0;0.0
16648;1065CJ;1065CJ;28;100.0;100.0;100;93;G4;425;0.0;0.0
16650;1065CK;1065CK;25;100.0;100.0;100;96;G4;1427;0.0;92.0
16652;1065CL;1065CL;24;100.0;100.0;100;100;G4;1385;0.0;100.0
16654;1065CM;1065CM;24;100.0;100.0;100;100;G4;1589;0.0;91.67
16656;1065CN;1065CN;24;100.0;100.0;100;100;G4;1865;0.0;79.17
16658;1065CP;1065CP;20;100.0;100.0;100;100;G4;1371;0.0;0.0
16660;1065CR;1065CR;20;100.0;100.0;100;100;G4;1440;0.0;0.0
16662;1065CS;1065CS;34;100.0;100.0;100;100;G4;1073;0.0;0.0
16664;1065CT;1065CT;12;100.0;100.0;100;100;G4;1495;0.0;0.0
16666;1065CV;1065CV;24;100.0;100.0;100;100;G4;1164;0.0;0.0
16668;1065CW;1065CW;21;100.0;100.0;100;100;G4;1221;0.0;0.0
16670;1065CX;1065CX;17;100.0;100.0;100;100;G4;1418;0.0;0.0
16672;1065CZ;1065CZ;12;100.0;100.0;100;100;G4;1224;0.0;100.0
16674;1065DA;1065DB;82;100.0;100.0;100;96;G4;1139;0.0;8.54
16676;1065DC;1065DC;84;100.0;100.0;100;99;G4;1132;0.0;5.95
16678;1065DZ;1065EA;33;100.0;84.85;100;100;G4;1398;0.0;81.82
16680;1065EB;1065EB;16;100.0;100.0;100;100;G4;2336;0.0;0.0
16682;1065EC;1065EC;17;100.0;100.0;100;100;G4;1127;0.0;0.0
16684;1065ED;1065ED;18;100.0;100.0;100;100;G4;324;0.0;0.0
16686;1065EE;1065EE;11;100.0;100.0;100;100;G4;275;0.0;0.0
16688;1065EG;1065EG;51;100.0;98.04;100;100;G4;936;0.0;1.96
16690;1065EH;1065EH;21;100.0;100.0;100;95;G4;1101;0.0;0.0
16692;1065EJ;1065EJ;21;100.0;90.48;100;95;G4;1038;0.0;0.0
16694;1065EK;1065EK;21;100.0;100.0;100;95;G4;1192;0.0;0.0
16696;1065EL;1065EL;20;100.0;100.0;100;100;G4;1146;0.0;0.0
16698;1065EM;1065EM;21;100.0;100.0;100;100;G4;1361;0.0;0.0
16700;1065EN;1065EN;20;100.0;100.0;100;100;G4;1035;0.0;0.0
16702;1065EP;1065EP;20;100.0;100.0;100;100;G4;1515;0.0;100.0
16704;1065ER;1065ER;24;100.0;100.0;100;100;G4;1586;0.0;100.0
16706;1065ES;1065ES;24;100.0;100.0;100;100;G4;1581;0.0;100.0
16708;1065ET;1065ET;24;100.0;100.0;100;100;G4;1592;0.0;100.0
16710;1065EV;1065EV;16;100.0;100.0;100;100;G4;1365;0.0;50.0
16712;1065EW;1065EW;12;100.0;100.0;100;100;G4;304;0.0;50.0
16714;1065EX;1065EX;17;100.0;100.0;100;100;G4;227;0.0;0.0
16716;1065EZ;1065EZ;28;100.0;100.0;100;100;G4;1482;0.0;100.0
16718;1065GA;1065GA;24;100.0;100.0;100;100;G4;1342;0.0;100.0
16720;1065GB;1065GB;20;100.0;100.0;100;100;G4;1302;0.0;100.0
16722;1065GC;1065GC;24;100.0;100.0;100;100;G4;1476;0.0;91.67
16724;1065GD;1065GD;20;100.0;100.0;100;100;G4;1289;0.0;95.0
16726;1065GE;1065GE;17;100.0;100.0;100;100;G4;1494;0.0;94.12
16728;1065GG;1065GG;12;100.0;100.0;100;100;G4;1189;0.0;100.0
16730;1065GH;1065GH;28;100.0;100.0;100;100;G4;1366;0.0;92.86
16732;1065GJ;1065GN;20;100.0;100.0;100;90;G4;2259;0.0;0.0
16734;1065GP;1065GP;18;100.0;100.0;100;89;G4;1106;0.0;0.0
16736;1065GR;1065GR;18;100.0;100.0;100;100;G4;1411;0.0;0.0
16738;1065GS;1065GS;18;100.0;100.0;100;94;G4;1462;0.0;0.0
16740;1065GT;1065GT;18;100.0;100.0;100;94;G4;1303;0.0;0.0
16742;1065GV;1065GV;10;100.0;100.0;100;90;G4;2413;0.0;0.0
16744;1065GW;1065GW;18;100.0;100.0;100;94;G4;1295;0.0;0.0
16746;1065GX;1065GX;18;100.0;100.0;100;100;G4;1565;0.0;100.0
16748;1065GZ;1065GZ;18;100.0;100.0;100;100;G4;1537;0.0;0.0
16750;1065HA;1065HA;18;100.0;100.0;100;100;G4;1329;0.0;0.0
16752;1065HB;1065HB;12;100.0;100.0;100;100;G4;1413;0.0;0.0
16754;1065HC;1065HC;18;100.0;100.0;100;100;G4;1374;0.0;0.0
16756;1065HD;1065HD;18;100.0;100.0;100;94;G4;1482;0.0;0.0
16758;1065HE;1065HE;12;100.0;100.0;100;92;G4;901;0.0;100.0
16760;1065HG;1065HG;12;100.0;100.0;100;100;G4;1251;0.0;100.0
16762;1065HH;1065HH;16;100.0;100.0;100;94;G4;1052;0.0;75.0
16764;1065HJ;1065HJ;18;100.0;100.0;100;100;G4;1483;0.0;0.0
16766;1065HK;1065HK;14;100.0;100.0;100;79;G4;1268;0.0;0.0
16768;1065HL;1065HL;17;100.0;100.0;100;100;G4;1264;0.0;0.0
16770;1065HM;1065HM;12;100.0;100.0;100;100;G4;1264;0.0;100.0
16772;1065HN;1065HN;20;100.0;95.0;100;70;G6;2810;0.0;35.0
16774;1065HP;1065HP;18;100.0;100.0;100;56;G6;1770;0.0;83.33
16776;1065HR;1065HR;18;100.0;100.0;100;89;G6;1953;0.0;5.56
16778;1065HS;1065HT;27;100.0;100.0;100;81;G4;2204;0.0;22.22
16780;1065HV;1065HV;18;100.0;100.0;100;94;G4;1323;0.0;0.0
16782;1065HW;1065HX;24;100.0;100.0;100;100;G4;552;0.0;8.33
16784;1065HZ;1065HZ;20;100.0;100.0;100;95;G4;452;0.0;0.0
16786;1065JA;1065JB;19;100.0;94.74;100;95;G4;909;0.0;0.0
16789;1065JC;1065JC;18;100.0;100.0;100;100;G4;1254;0.0;0.0
16791;1065JD;1065JE;24;100.0;100.0;100;58;G4;4338;0.0;0.0
16794;1065JG;1065JG;25;100.0;96.0;100;96;G4;856;0.0;32.0
16796;1065JH;1065JH;20;100.0;95.0;100;100;G4;160;0.0;0.0
16798;1065JJ;1065JM;23;100.0;100.0;100;83;G4;1782;0.0;0.0
16801;1065JN;1065JN;25;100.0;100.0;100;88;G4;1880;0.0;0.0
16803;1065JP;1065JP;21;100.0;100.0;100;95;G4;1277;0.0;0.0
16805;1065JR;1065JR;24;100.0;100.0;100;100;G4;1185;0.0;0.0
16807;1065JS;1065JS;24;100.0;95.83;100;100;G4;1308;0.0;33.33
16809;1065JT;1065JT;24;100.0;100.0;100;100;G4;1146;0.0;33.33
16811;1065JV;1065JV;16;100.0;100.0;100;100;G4;1290;0.0;50.0
16813;1065JW;1065JW;22;100.0;100.0;100;91;G4;1281;0.0;36.36
16815;1065JX;1065JX;15;100.0;93.33;100;80;G4;1681;0.0;0.0
16817;1065JZ;1065JZ;20;100.0;95.0;100;100;G4;104;0.0;0.0
16819;1065KA;1065KA;16;100.0;100.0;100;100;G4;129;0.0;0.0
16821;1065KB;1065KB;51;100.0;100.0;100;69;G4;1310;0.0;45.1
16823;1065KC;1065KC;16;100.0;100.0;100;69;G6;1738;0.0;100.0
16825;1065KD;1065KD;19;100.0;100.0;100;100;G4;1418;0.0;26.32
16827;1065KE;1065KE;22;100.0;100.0;100;95;G4;1746;0.0;90.91
16829;1065KG;1065KJ;34;100.0;97.06;100;85;G4;1884;0.0;0.0
16832;1065KK;1065KK;13;100.0;92.31;100;54;G4;8902;0.0;0.0
16834;1065KL;1065KL;25;100.0;100.0;100;96;G4;1513;0.0;92.0
16836;1065KM;1065KM;24;100.0;100.0;100;100;G4;1458;0.0;0.0
16838;1065KN;1065KN;24;100.0;100.0;100;100;G4;1520;0.0;100.0
16840;1065KP;1065KP;24;100.0;100.0;100;100;G4;1326;0.0;95.83
16842;1065KR;1065KR;24;100.0;100.0;100;100;G4;1648;0.0;100.0
16844;1065KS;1065KS;24;100.0;100.0;100;100;G4;1691;0.0;100.0
16846;1065KT;1065KT;16;100.0;100.0;100;100;G4;1443;0.0;100.0
16848;1065KV;1065KV;16;100.0;100.0;100;100;G4;1459;0.0;100.0
16850;1065KW;1065KW;18;100.0;100.0;100;83;G4;1254;0.0;83.33
16852;1065KX;1065KX;11;100.0;100.0;100;82;G4;3371;0.0;9.09
16854;1065KZ;1065KZ;20;100.0;100.0;100;100;G4;770;0.0;0.0
16856;1065LA;1065LA;20;100.0;100.0;100;100;G4;899;0.0;0.0
16858;1065LB;1065LB;20;100.0;100.0;100;100;G4;800;0.0;50.0
16860;1065LC;1065LC;20;100.0;100.0;100;100;G4;1139;0.0;100.0
16862;1065LD;1065LD;20;100.0;100.0;100;100;G4;1151;0.0;100.0
16864;1065LE;1065LE;20;100.0;100.0;100;100;G4;1161;0.0;95.0
16866;1065LG;1065LG;11;100.0;100.0;100;91;G4;2144;0.0;100.0
16868;1065LH;1065LH;19;100.0;100.0;100;100;G4;1367;0.0;94.74
16870;1065LK;1065LK;26;100.0;100.0;100;100;G4;622;0.0;0.0
16872;1065LL;1065LL;26;100.0;100.0;100;100;G4;546;0.0;0.0
16874;1065LM;1065LM;28;100.0;89.29;100;100;G4;534;0.0;0.0
16876;1065LN;1065LN;30;100.0;93.33;100;93;G4;566;0.0;0.0
16878;1065LP;1065LP;18;100.0;100.0;100;100;G4;1083;0.0;0.0
16880;1065LR;1065LR;18;100.0;100.0;100;100;G4;1058;0.0;0.0
16882;1065LS;1065LS;19;100.0;100.0;100;100;G4;1064;0.0;5.26
16884;1065LT;1065LT;19;100.0;100.0;100;100;G4;826;0.0;0.0
16886;1065LV;1065LV;19;100.0;100.0;100;100;G4;981;0.0;0.0
16888;1065LW;1065LW;19;100.0;100.0;100;100;G4;960;0.0;0.0
16890;1065LX;1065LX;19;100.0;100.0;100;100;G4;928;0.0;47.37
16892;1065LZ;1065LZ;19;100.0;100.0;100;100;G4;870;0.0;0.0
16894;1065MB;1065MB;16;100.0;100.0;100;100;G4;1274;0.0;6.25
16895;1065NS;1065SH;18;100.0;94.44;100;94;G4;1172;0.0;88.89
16898;1065SJ;1065SJ;17;100.0;100.0;100;100;G4;899;0.0;94.12
16900;1065SK;1065SK;13;100.0;100.0;100;100;G4;1031;0.0;100.0
16902;1065SL;1065SL;17;100.0;100.0;100;100;G4;995;0.0;100.0
16904;1065SM;1065SM;12;100.0;100.0;100;100;G4;1220;0.0;0.0
16906;1065SN;1065SN;20;100.0;100.0;100;100;G4;1175;0.0;0.0
16908;1065SP;1065SP;13;100.0;92.31;100;100;G4;1010;0.0;0.0
16910;1065SR;1065SR;20;100.0;100.0;100;95;G4;1189;0.0;0.0
16912;1065ST;1065ST;12;100.0;100.0;100;100;G4;1204;0.0;0.0
16914;1065SV;1065SV;20;100.0;100.0;100;100;G4;976;0.0;0.0
16916;1065SW;1065SW;16;100.0;100.0;100;100;G4;1087;0.0;100.0
16918;1065SX;1065SX;15;100.0;100.0;100;100;G4;1169;0.0;100.0
16920;1065SZ;1065SZ;16;100.0;100.0;100;100;G4;966;0.0;100.0
16922;1065TA;1065TA;24;100.0;100.0;100;100;G4;999;0.0;0.0
16924;1065TB;1065TB;18;100.0;100.0;100;100;G4;1000;0.0;100.0
16926;1065TC;1065TC;18;100.0;100.0;100;100;G4;1174;0.0;100.0
16928;1065TD;1065TD;16;100.0;100.0;100;100;G4;1188;0.0;100.0
16930;1065TE;1065TE;17;100.0;100.0;100;100;G4;1135;0.0;100.0
16932;1065TG;1065TG;13;100.0;100.0;100;92;G4;979;0.0;84.62
16934;1065TH;1065TH;17;100.0;100.0;100;100;G4;939;0.0;82.35
16936;1065TJ;1065TJ;24;100.0;100.0;100;96;G4;1051;0.0;0.0
16938;1065TK;1065TK;18;100.0;100.0;100;100;G4;1026;0.0;100.0
16940;1065TL;1065TL;18;100.0;100.0;100;100;G4;1115;0.0;100.0
16942;1065TM;1065TM;13;100.0;92.31;100;92;G4;1111;0.0;84.62
16944;1065TN;1065TN;17;100.0;100.0;100;100;G4;1015;0.0;100.0
16946;1065TP;1065TP;24;100.0;95.83;100;100;G4;952;0.0;0.0
16948;1065TR;1065TR;24;100.0;100.0;100;100;G4;1251;0.0;100.0
16950;1065TV;1065TV;20;100.0;100.0;100;100;G4;1382;0.0;45.0
16952;1065TW;1065TW;21;100.0;100.0;100;100;G4;1509;0.0;71.43
16954;1065TX;1065TX;21;100.0;100.0;100;100;G4;1394;0.0;42.86
16956;1065TZ;1065TZ;20;100.0;100.0;100;100;G4;1255;0.0;50.0
16958;1065VA;1065VA;21;100.0;100.0;100;100;G4;1500;0.0;0.0
16960;1065VB;1065VB;21;100.0;100.0;100;100;G4;1502;0.0;100.0
16962;1065VC;1065VC;22;100.0;100.0;100;100;G4;1488;0.0;77.27
16964;1065VD;1065VD;11;100.0;100.0;100;100;G4;1405;0.0;54.55
16966;1065VE;1065VG;25;100.0;96.0;100;96;G4;1427;0.0;40.0
16968;1065VH;1065VH;12;100.0;100.0;100;100;G4;1298;0.0;91.67
16970;1065VJ;1065VJ;21;100.0;100.0;100;100;G4;1439;0.0;76.19
16972;1065VK;1065VK;21;100.0;100.0;100;95;G4;1403;0.0;71.43
16974;1065VL;1065VL;17;100.0;100.0;100;94;G4;1332;0.0;47.06
16976;1065VM;1065VM;24;100.0;100.0;100;100;G4;1272;0.0;66.67
16978;1065VN;1065VN;18;100.0;100.0;100;100;G4;1166;0.0;0.0
16980;1065VP;1065VP;24;100.0;100.0;100;100;G4;1050;0.0;66.67
16982;1065VR;1065VR;25;100.0;100.0;100;100;G4;1217;0.0;0.0
16984;1065VS;1065VS;24;100.0;100.0;100;100;G4;1336;0.0;0.0
16986;1065VT;1065VW;39;100.0;100.0;100;87;G4;3338;0.0;58.97
16988;1065VX;1065VX;24;100.0;100.0;100;100;G4;1302;0.0;37.5
16990;1065VZ;1065VZ;24;100.0;100.0;100;100;G4;1155;0.0;33.33
16992;1065XA;1065XB;32;100.0;100.0;100;100;G4;1181;0.0;37.5
16994;1065XC;1065XC;16;100.0;100.0;100;94;G4;1431;0.0;0.0
16996;1065XD;1065XD;24;100.0;95.83;100;100;G4;1493;0.0;66.67
16998;1065XE;1065XG;28;100.0;100.0;100;100;G4;1140;0.0;78.57
17000;1065XH;1065XH;20;100.0;95.0;100;100;G4;1110;0.0;0.0
17002;1065XJ;1065XJ;22;100.0;100.0;100;100;G4;1090;0.0;27.27
17004;1065XK;1065XK;20;100.0;100.0;100;100;G4;1075;0.0;60.0
17006;1065XL;1065XL;22;100.0;100.0;100;100;G4;1058;0.0;100.0
17008;1065XM;1065XM;20;100.0;100.0;100;100;G4;1068;0.0;15.0
17010;1065XN;1065XN;22;100.0;100.0;100;100;G4;1169;0.0;72.73
17012;1065XP;1065XP;20;100.0;100.0;100;100;G4;1588;0.0;60.0
17014;1065XR;1065XR;20;100.0;100.0;100;100;G4;1145;0.0;40.0
17016;1065XS;1065XS;16;100.0;100.0;100;100;G4;1112;0.0;100.0
17018;1065XT;1065XT;25;100.0;100.0;100;92;G4;1202;0.0;0.0
17020;1065XV;1065XV;24;100.0;100.0;100;100;G4;1266;0.0;0.0
17022;1065XW;1065XW;24;100.0;100.0;100;100;G4;1153;0.0;0.0
17024;1065XX;1065XX;24;100.0;100.0;100;100;G4;1139;0.0;0.0
17026;1065XZ;1065XZ;24;100.0;100.0;100;100;G4;1206;0.0;0.0
17028;1066AA;1066AA;13;100.0;92.31;100;92;G4;2131;0.0;0.0
17030;1066AB;1066AB;16;100.0;100.0;100;100;G4;1292;0.0;0.0
17032;1066AC;1066AC;21;100.0;100.0;100;100;G4;1173;0.0;42.86
17034;1066AD;1066AD;16;100.0;100.0;100;100;G4;1396;0.0;0.0
17036;1066AE;1066AE;25;100.0;100.0;100;96;G4;1806;0.0;0.0
17038;1066AG;1066AG;11;100.0;100.0;100;100;G4;959;0.0;18.18
17040;1066AH;1066AJ;31;100.0;96.77;100;97;G4;2111;0.0;0.0
17043;1066AK;1066AK;16;100.0;100.0;100;100;G4;1548;0.0;0.0
17045;1066AL;1066AL;24;100.0;100.0;100;100;G4;1630;0.0;0.0
17047;1066AM;1066AM;16;100.0;100.0;100;100;G4;1307;0.0;0.0
17049;1066AN;1066AP;22;100.0;100.0;100;100;G4;931;0.0;0.0
17051;1066AR;1066AR;17;100.0;100.0;100;100;G4;1145;0.0;0.0
17053;1066AS;1066AS;17;100.0;100.0;100;100;G4;1312;0.0;5.88
17055;1066AT;1066AT;17;100.0;100.0;100;100;G4;1375;0.0;0.0
17057;1066AV;1066AV;17;100.0;100.0;100;100;G4;1448;0.0;0.0
17059;1066AW;1066AW;17;100.0;100.0;100;94;G4;1617;0.0;0.0
17062;1066AZ;1066AZ;17;100.0;100.0;100;94;G4;1840;0.0;94.12
17064;1066BA;1066BA;16;100.0;100.0;100;100;G4;1309;0.0;0.0
17066;1066BB;1066BB;16;100.0;100.0;100;100;G4;1371;0.0;0.0
17068;1066BC;1066BC;21;100.0;100.0;100;100;G4;1061;0.0;0.0
17070;1066BD;1066BD;24;100.0;100.0;100;100;G4;1378;0.0;0.0
17072;1066BE;1066BE;24;100.0;100.0;100;100;G4;1530;0.0;0.0
17074;1066BG;1066BG;24;100.0;95.83;100;100;G4;1711;0.0;0.0
17076;1066BH;1066BH;16;100.0;100.0;100;94;G4;1230;0.0;0.0
17078;1066BJ;1066BJ;21;100.0;100.0;100;100;G4;1203;0.0;0.0
17080;1066BK;1066BK;16;100.0;100.0;100;100;G4;1285;0.0;0.0
17082;1066BL;1066BL;21;100.0;100.0;100;100;G4;1060;0.0;0.0
17083;1066BM;1066BM;16;100.0;100.0;100;100;G4;1381;0.0;0.0
17086;1066BN;1066BN;21;100.0;100.0;100;100;G4;1805;0.0;0.0
17088;1066BP;1066CD;37;100.0;97.3;100;49;G4;5110;0.0;8.11
17094;1066CE;1066CE;22;100.0;100.0;100;91;G4;2701;0.0;0.0
17096;1066CG;1066CG;14;100.0;100.0;100;93;G4;1928;0.0;7.14
17098;1066CH;1066CH;21;100.0;95.24;100;81;G4;1887;0.0;4.76
17100;1066CJ;1066CJ;18;100.0;94.44;100;83;G4;1773;0.0;0.0
17102;1066CK;1066CK;11;100.0;100.0;100;82;G4;3660;0.0;0.0
17104;1066CL;1066CL;13;100.0;100.0;100;85;G4;2208;0.0;0.0
17106;1066CM;1066CN;24;100.0;100.0;100;83;G4;3239;0.0;0.0
17109;1066CP;1066CP;11;100.0;100.0;100;55;G4;2619;0.0;0.0
17111;1066CR;1066CS;13;100.0;100.0;100;69;G4;5358;0.0;7.69
17113;1066CT;1066CT;14;100.0;100.0;100;50;G4;2569;0.0;7.14
17115;1066CV;1066CV;17;100.0;100.0;100;53;G4;3962;0.0;11.76
17117;1066CW;1066CW;12;100.0;100.0;100;92;G4;2104;0.0;25.0
17119;1066CX;1066CX;20;100.0;80.0;100;60;G4;4077;0.0;5.0
17121;1066CZ;1066DA;17;100.0;100.0;100;100;G4;1388;0.0;0.0
17125;1066DE;1066DE;13;100.0;100.0;100;92;G4;2474;0.0;0.0
17127;1066DG;1066DG;33;100.0;100.0;100;100;G4;1083;0.0;0.0
17129;1066DH;1066DH;32;100.0;96.88;100;100;G4;1517;0.0;6.25
17131;1066DJ;1066DZ;79;100.0;98.73;100;100;G4;677;0.0;0.0
17142;1066EA;1066EG;26;100.0;100.0;100;69;G4;3456;0.0;50.0
17145;1066EH;1066EH;12;100.0;100.0;100;92;G4;2356;0.0;16.67
17147;1066EJ;1066EJ;14;100.0;100.0;100;100;G4;1378;0.0;92.86
17149;1066EK;1066EK;22;100.0;100.0;100;100;G4;1197;0.0;77.27
17151;1066EL;1066EL;17;100.0;100.0;100;82;G4;2381;0.0;11.76
17153;1066EM;1066EM;17;100.0;94.12;100;88;G4;1701;0.0;0.0
17155;1066EN;1066EN;11;100.0;100.0;100;73;G4;2432;0.0;72.73
17157;1066ER;1066EV;29;100.0;96.55;100;55;G4;3814;0.0;6.9
17159;1066EW;1066EW;13;100.0;84.62;100;38;G16;3795;0.0;23.08
17161;1066EZ;1066GE;72;100.0;100.0;100;94;G4;1557;0.0;2.78
17164;1066GG;1066GG;39;100.0;100.0;100;100;G4;979;0.0;2.56
17166;1066GH;1066GH;18;100.0;100.0;100;100;G4;1470;0.0;0.0
17168;1066GJ;1066GJ;71;100.0;100.0;100;100;G4;1281;0.0;0.0
17170;1066GK;1066GK;28;100.0;100.0;100;100;G4;1327;0.0;3.57
17172;1066GL;1066GL;14;100.0;100.0;100;100;G4;1214;0.0;0.0
17174;1066GM;1066GM;14;100.0;100.0;100;100;G4;1296;0.0;0.0
17176;1066GN;1066GN;14;100.0;100.0;100;100;G4;1298;0.0;0.0
17178;1066GP;1066GP;14;100.0;100.0;100;100;G4;1277;0.0;0.0
17180;1066GR;1066GR;14;100.0;100.0;100;100;G4;1497;0.0;0.0
17182;1066GS;1066GS;17;100.0;100.0;100;100;G4;1438;0.0;0.0
17184;1066GT;1066GT;13;100.0;100.0;100;100;G4;1587;0.0;0.0
17186;1066GV;1066GV;13;100.0;100.0;100;100;G4;1672;0.0;0.0
17188;1066GW;1066GW;13;100.0;100.0;100;100;G4;1156;0.0;0.0
17190;1066GX;1066GX;15;100.0;100.0;100;100;G4;1480;0.0;6.67
17192;1066GZ;1066GZ;13;100.0;100.0;100;100;G4;1343;0.0;7.69
17194;1066HA;1066HA;23;100.0;100.0;100;100;G4;1506;0.0;4.35
17196;1066HB;1066HB;15;100.0;100.0;100;100;G4;1336;0.0;0.0
17198;1066HC;1066HC;48;100.0;100.0;100;100;G4;1013;0.0;0.0
17200;1066HD;1066HD;33;100.0;100.0;100;100;G4;1030;0.0;0.0
17202;1066HE;1066HE;10;100.0;100.0;100;100;G4;1332;0.0;10.0
17204;1066HG;1066HG;50;100.0;100.0;100;100;G4;1290;0.0;0.0
17206;1066HH;1066HH;32;100.0;96.88;100;97;G4;1285;0.0;3.13
17208;1066HJ;1066HJ;16;100.0;100.0;100;100;G4;930;0.0;0.0
17210;1066HK;1066HP;51;100.0;96.08;100;86;G4;3377;0.0;1.96
17212;1066HR;1066HR;38;100.0;100.0;100;100;G4;1347;0.0;5.26
17214;1066HS;1066HS;30;100.0;100.0;100;100;G4;1132;0.0;0.0
17216;1066HT;1066HT;36;100.0;100.0;100;100;G4;1025;0.0;0.0
17218;1066HV;1066HV;18;100.0;100.0;100;100;G4;965;0.0;0.0
17220;1066HW;1066HW;21;100.0;100.0;100;100;G4;1122;0.0;4.76
17222;1066HX;1066HX;37;100.0;100.0;100;100;G4;1174;0.0;0.0
17224;1066HZ;1066HZ;46;100.0;100.0;100;100;G4;1184;0.0;0.0
17226;1066JA;1066JA;21;100.0;100.0;100;100;G4;966;0.0;0.0
17228;1066JB;1066JB;40;100.0;97.5;100;100;G4;1185;0.0;0.0
17230;1066JC;1066JC;30;100.0;100.0;100;100;G4;1232;0.0;0.0
17232;1066JD;1066JD;29;100.0;100.0;100;100;G4;1373;0.0;3.45
17234;1066JE;1066JE;30;100.0;100.0;100;100;G4;1297;0.0;0.0
17236;1066JG;1066JG;53;100.0;98.11;100;100;G4;1402;0.0;0.0
17238;1066JH;1066JH;47;100.0;100.0;100;100;G4;1051;0.0;0.0
17240;1066JJ;1066JJ;26;100.0;100.0;100;96;G4;907;0.0;3.85
17242;1066JK;1066JK;24;100.0;100.0;100;100;G4;914;0.0;4.17
17244;1066JL;1066JL;31;100.0;100.0;100;100;G4;1128;0.0;3.23
17246;1066JM;1066JN;25;100.0;96.0;100;96;G4;2421;0.0;0.0
17249;1066JP;1066JP;26;100.0;96.15;100;96;G4;1037;0.0;3.85
17251;1066JS;1066JT;28;100.0;100.0;100;96;G4;1398;0.0;3.57
17253;1066JV;1066JV;18;100.0;100.0;100;100;G4;1321;0.0;0.0
17255;1066JW;1066JW;30;100.0;100.0;100;100;G4;1463;0.0;6.67
17257;1066JX;1066JX;22;100.0;100.0;100;100;G4;1224;0.0;13.64
17259;1066JZ;1066JZ;22;100.0;100.0;100;100;G4;1094;0.0;0.0
17261;1066KA;1066KA;26;100.0;100.0;100;100;G4;1400;0.0;7.69
17263;1066KB;1066KB;23;100.0;100.0;100;100;G4;1232;0.0;0.0
17265;1066KC;1066KC;26;100.0;100.0;100;100;G4;1247;0.0;3.85
17267;1066KD;1066KD;16;100.0;100.0;100;100;G4;2430;0.0;6.25
17269;1066KE;1066KE;26;100.0;100.0;100;100;G4;1080;0.0;0.0
17271;1066KG;1066KG;16;100.0;100.0;100;100;G4;1274;0.0;6.25
17273;1066KH;1066KH;16;100.0;100.0;100;100;G4;1134;0.0;0.0
17275;1066KJ;1066KJ;12;100.0;100.0;100;100;G4;1251;0.0;0.0
17277;1066KK;1066KK;25;100.0;100.0;100;96;G4;1769;0.0;0.0
17279;1066KL;1066KL;32;100.0;100.0;100;97;G4;1197;0.0;6.25
17281;1066KM;1066KM;25;100.0;100.0;100;100;G4;877;0.0;4.0
17283;1066KR;1066KR;28;100.0;96.43;100;100;G4;1281;0.0;0.0
17285;1066KS;1066KS;35;100.0;100.0;100;100;G4;1167;0.0;2.86
17287;1066KT;1066KT;37;100.0;100.0;100;100;G4;1229;0.0;0.0
17289;1066KV;1066KV;39;100.0;100.0;100;100;G4;1070;0.0;0.0
17291;1066KW;1066KW;26;100.0;100.0;100;100;G4;1034;0.0;0.0
17293;1066KX;1066KX;26;100.0;100.0;100;100;G4;1066;0.0;0.0
17295;1066KZ;1066KZ;23;100.0;100.0;100;100;G4;1248;0.0;4.35
17297;1066LA;1066LA;23;100.0;100.0;100;100;G4;1250;0.0;0.0
17299;1066LB;1066LB;36;100.0;100.0;100;100;G4;1304;0.0;2.78
17301;1066LC;1066LC;36;100.0;100.0;100;100;G4;2665;0.0;8.33
17303;1066LD;1066LD;20;100.0;100.0;100;100;G4;1161;0.0;5.0
17305;1066LE;1066LE;23;100.0;100.0;100;100;G4;1297;0.0;0.0
17307;1066LG;1066LG;19;100.0;100.0;100;100;G4;1706;0.0;0.0
17309;1066LK;1066LK;41;100.0;97.56;100;100;G4;1633;0.0;2.44
17311;1066LL;1066LL;24;100.0;100.0;100;100;G4;1381;0.0;4.17
17313;1066LN;1066LN;38;100.0;100.0;100;100;G4;1027;0.0;5.26
17315;1066LP;1066LP;27;100.0;100.0;100;100;G4;1089;0.0;0.0
17317;1066LS;1066LS;22;100.0;100.0;100;100;G4;1187;0.0;0.0
17319;1066LT;1066LT;23;100.0;100.0;100;100;G4;1272;0.0;4.35
17321;1066LV;1066LV;20;100.0;100.0;100;100;G4;1143;0.0;0.0
17323;1066LW;1066LW;17;100.0;100.0;100;100;G4;1159;0.0;0.0
17325;1066LX;1066LX;28;100.0;100.0;100;100;G4;1378;0.0;3.57
17327;1066LZ;1066LZ;22;100.0;100.0;100;100;G4;1259;0.0;4.55
17329;1066MA;1066MA;21;100.0;100.0;100;100;G4;1154;0.0;0.0
17331;1066MB;1066MC;20;100.0;100.0;100;100;G4;1225;0.0;5.0
17333;1066MD;1066MD;16;100.0;100.0;100;100;G4;1166;0.0;0.0
17335;1066ME;1066MG;30;100.0;100.0;100;100;G4;1472;0.0;3.33
17337;1066MH;1066MH;68;100.0;100.0;100;100;G4;1384;0.0;1.47
17339;1066MJ;1066MJ;65;100.0;100.0;100;98;G4;897;0.0;0.0
17341;1066MK;1066MK;16;100.0;100.0;100;100;G4;1240;0.0;0.0
17343;1066ML;1066ML;27;100.0;100.0;100;100;G4;916;0.0;0.0
17345;1066MN;1066MN;41;100.0;100.0;100;100;G4;1134;0.0;0.0
17347;1066MP;1066MP;30;100.0;100.0;100;97;G4;1450;0.0;0.0
17349;1066MR;1066MR;52;100.0;100.0;100;98;G4;833;0.0;0.0
17351;1066MS;1066MS;56;100.0;100.0;100;100;G4;692;0.0;0.0
17353;1066MT;1066MT;59;100.0;100.0;100;100;G4;732;0.0;0.0
17355;1066MV;1066MV;32;100.0;100.0;100;100;G4;863;0.0;0.0
17357;1066MX;1066MX;18;100.0;100.0;100;100;G4;1404;0.0;0.0
17359;1066MZ;1066MZ;28;100.0;100.0;100;100;G4;1232;0.0;0.0
17361;1066NA;1066NA;14;100.0;100.0;100;100;G4;1633;0.0;0.0
17363;1066NB;1066NB;24;100.0;100.0;100;100;G4;1210;0.0;0.0
17365;1066NC;1066NC;30;100.0;100.0;100;100;G4;900;0.0;3.33
17367;1066ND;1066ND;30;100.0;100.0;100;100;G4;937;0.0;0.0
17369;1066NE;1066NE;30;100.0;100.0;100;100;G4;942;0.0;0.0
17371;1066NG;1066NG;30;100.0;100.0;100;100;G4;923;0.0;0.0
17373;1066NH;1066NH;30;100.0;100.0;100;100;G4;990;0.0;0.0
17375;1066NJ;1066NJ;30;100.0;100.0;100;100;G4;929;0.0;0.0
17377;1066NK;1066NK;23;100.0;100.0;100;100;G4;1756;0.0;4.35
17379;1066NL;1066NL;22;100.0;100.0;100;100;G4;1333;0.0;0.0
17381;1066NM;1066NM;22;100.0;100.0;100;100;G4;1245;0.0;0.0
17383;1066NN;1066NN;29;100.0;100.0;100;100;G4;1095;0.0;0.0
17385;1066NP;1066NP;16;100.0;100.0;100;100;G4;1657;0.0;0.0
17387;1066NR;1066NR;15;100.0;100.0;100;100;G4;1524;0.0;0.0
17389;1066NS;1066NS;24;100.0;100.0;100;100;G4;1446;0.0;0.0
17391;1066NT;1066NT;26;100.0;100.0;100;100;G4;1197;0.0;0.0
17393;1066NV;1066NV;26;100.0;100.0;100;100;G4;1135;0.0;0.0
17395;1066NW;1066NW;22;100.0;100.0;100;100;G4;1425;0.0;0.0
17397;1066NX;1066NX;22;100.0;100.0;100;100;G4;1258;0.0;0.0
17399;1066NZ;1066PA;25;100.0;100.0;100;100;G4;1328;0.0;0.0
17401;1066PB;1066PB;22;100.0;100.0;100;100;G4;1070;0.0;4.55
17403;1066PC;1066PC;31;100.0;96.77;100;100;G4;1160;0.0;0.0
17405;1066PD;1066PD;22;100.0;100.0;100;100;G4;1094;0.0;0.0
17407;1066PE;1066PJ;39;100.0;97.44;100;100;G4;952;0.0;0.0
17409;1066PK;1066PK;34;100.0;100.0;100;100;G4;911;0.0;0.0
17411;1066PL;1066PL;34;100.0;100.0;100;100;G4;909;0.0;0.0
17413;1066PM;1066PM;39;100.0;100.0;100;100;G4;879;0.0;0.0
17415;1066PN;1066PN;25;100.0;100.0;100;100;G4;1013;0.0;0.0
17417;1066PP;1066PR;27;100.0;100.0;100;96;G4;1586;0.0;0.0
17419;1066PS;1066PS;20;100.0;100.0;100;100;G4;1137;0.0;0.0
17421;1066PT;1066PT;13;100.0;100.0;100;100;G4;1174;0.0;7.69
17423;1066PV;1066PV;14;100.0;100.0;100;100;G4;889;0.0;0.0
17425;1066PW;1066PW;20;100.0;100.0;100;100;G4;1376;0.0;0.0
17427;1066PX;1066PX;40;100.0;100.0;100;100;G4;1202;0.0;2.5
17429;1066PZ;1066PZ;21;100.0;100.0;100;95;G4;1569;0.0;0.0
17431;1066RA;1066RA;37;100.0;100.0;100;100;G4;1247;0.0;0.0
17433;1066RB;1066RB;44;100.0;100.0;100;100;G4;1051;0.0;2.27
17435;1066RC;1066RC;51;100.0;100.0;100;100;G4;986;0.0;0.0
17437;1066RD;1066SB;22;100.0;95.45;100;82;G4;2882;0.0;18.18
17439;1066SC;1066SC;51;100.0;98.04;100;98;G4;1587;0.0;1.96
17441;1066SE;1066SE;45;100.0;100.0;100;100;G4;1189;0.0;0.0
17443;1066SG;1066SG;30;100.0;100.0;100;100;G4;1211;0.0;0.0
17445;1066SH;1066SH;30;100.0;100.0;100;100;G4;1212;0.0;3.33
17447;1066SJ;1066SJ;37;100.0;100.0;100;100;G4;1457;0.0;2.7
17449;1066SK;1066SK;36;100.0;100.0;100;100;G4;1283;0.0;0.0
17451;1066SL;1066SL;43;100.0;100.0;100;100;G4;1363;0.0;0.0
17453;1066SM;1066SN;47;100.0;100.0;100;100;G4;1313;0.0;4.26
17455;1066SP;1066SP;39;100.0;100.0;100;100;G4;1272;0.0;2.56
17457;1066SR;1066SR;24;100.0;100.0;100;100;G4;945;0.0;0.0
17459;1066ST;1066ST;28;100.0;100.0;100;100;G4;1176;0.0;0.0
17461;1066SV;1066SW;39;100.0;100.0;100;100;G4;1075;0.0;2.56
17463;1066SX;1066SX;35;100.0;100.0;100;100;G4;1098;0.0;2.86
17465;1066SZ;1066TA;48;100.0;100.0;100;100;G4;1156;0.0;2.08
17467;1066TB;1066TB;48;100.0;100.0;100;100;G4;977;0.0;6.25
17469;1066TC;1066TC;44;100.0;100.0;100;100;G4;1872;0.0;4.55
17471;1066TE;1066TE;13;100.0;100.0;100;100;G4;1516;0.0;7.69
17473;1066TG;1066TH;30;100.0;100.0;100;100;G4;1101;0.0;3.33
17475;1066TJ;1066TJ;26;100.0;100.0;100;100;G4;1062;0.0;0.0
17477;1066TK;1066TK;43;100.0;97.67;100;100;G4;1241;0.0;2.33
17479;1066TL;1066TL;21;100.0;100.0;100;100;G4;1079;0.0;0.0
17481;1066TM;1066TM;36;100.0;100.0;100;100;G4;1066;0.0;0.0
17483;1066TW;1066TW;38;100.0;100.0;100;100;G4;1163;0.0;0.0
17485;1066TX;1066TX;38;100.0;100.0;100;100;G4;1112;0.0;0.0
17487;1066TZ;1066TZ;38;100.0;100.0;100;100;G4;1098;0.0;0.0
17489;1066VA;1066VA;24;100.0;0.0;100;100;G4;1768;0.0;0.0
17491;1066VB;1066VB;21;100.0;0.0;100;100;G4;1573;0.0;0.0
17493;1066VC;1066VC;19;100.0;100.0;100;100;G4;1610;0.0;0.0
17495;1066VE;1066VE;24;100.0;100.0;100;100;G4;1549;0.0;0.0
17497;1066VH;1066VZ;42;100.0;40.48;100;95;G4;1765;0.0;0.0
17500;1066WB;1066WB;32;100.0;96.88;100;97;G4;1049;0.0;3.13
17502;1066WC;1066WC;17;100.0;100.0;100;100;G4;1104;0.0;5.88
17504;1066WD;1066WD;59;100.0;100.0;100;100;G4;1093;0.0;5.08
17506;1066WE;1066WE;37;100.0;100.0;100;97;G4;1451;0.0;5.41
17508;1066WH;1066WH;36;100.0;100.0;100;100;G4;1299;0.0;0.0
17510;1066WJ;1066WJ;29;100.0;100.0;100;100;G4;1309;0.0;0.0
17512;1066WK;1066WK;84;100.0;100.0;100;100;G4;1303;0.0;2.38
17514;1066WL;1066WL;20;100.0;100.0;100;100;G4;1185;0.0;0.0
17516;1066WN;1066WN;20;100.0;100.0;100;100;G4;1226;0.0;0.0
17518;1066WP;1066WP;54;100.0;100.0;100;100;G4;1349;0.0;0.0
17520;1066WR;1066WR;16;100.0;100.0;100;100;G4;1353;0.0;0.0
17522;1066WS;1066WS;24;100.0;100.0;100;100;G4;1062;0.0;4.17
17524;1066WT;1066WT;24;100.0;100.0;100;100;G4;1363;0.0;0.0
17526;1066WV;1066WV;16;100.0;100.0;100;100;G4;1398;0.0;6.25
17528;1066WX;1066WX;44;100.0;100.0;100;100;G4;1295;0.0;9.09
17530;1066WZ;1066XA;30;100.0;30.0;100;100;G4;1664;0.0;0.0
17532;1066XB;1066XB;24;100.0;0.0;100;100;G4;1402;0.0;0.0
17534;1066XC;1066XC;17;100.0;5.88;100;100;G4;1549;0.0;0.0
17536;1066XD;1066XD;24;100.0;0.0;100;100;G4;1348;0.0;0.0
17538;1066XE;1066XE;22;100.0;0.0;100;100;G4;1879;0.0;0.0
17540;1066XG;1066XG;24;100.0;0.0;100;100;G4;1369;0.0;0.0
17542;1066XH;1066XH;18;100.0;0.0;100;100;G4;1046;0.0;0.0
17544;1066XJ;1066XJ;24;100.0;0.0;100;71;G4;1358;0.0;0.0
17546;1066XK;1066XK;17;100.0;5.88;100;100;G4;1313;0.0;0.0
17548;1066XL;1066XL;20;100.0;100.0;100;95;G4;1323;0.0;45.0
17550;1066XM;1066XM;18;100.0;100.0;100;100;G4;1185;0.0;50.0
17552;1066XN;1066XN;18;100.0;100.0;100;100;G4;1394;0.0;100.0
17554;1066XP;1066XP;18;100.0;100.0;100;100;G4;1406;0.0;94.44
17556;1066XR;1066XR;18;100.0;100.0;100;100;G4;1306;0.0;66.67
17558;1066XS;1066XS;18;100.0;100.0;100;100;G4;1192;0.0;66.67
17560;1066XT;1066XV;28;100.0;85.71;100;93;G4;8213;0.0;64.29
17563;1066XW;1066XW;25;100.0;100.0;100;100;G4;875;0.0;64.0
17565;1066XX;1066XX;24;100.0;100.0;100;100;G4;1108;0.0;83.33
17567;1066XZ;1066XZ;25;100.0;100.0;100;100;G4;806;0.0;88.0
17569;1067AA;1067AA;18;100.0;100.0;100;100;G4;1156;0.0;100.0
17571;1067AB;1067AB;23;100.0;100.0;100;100;G4;1204;0.0;95.65
17573;1067AC;1067AC;18;100.0;100.0;100;100;G4;1266;0.0;0.0
17575;1067AD;1067AD;14;100.0;100.0;100;100;G4;1310;0.0;7.14
17577;1067AE;1067AE;16;100.0;100.0;100;94;G4;1485;0.0;0.0
17579;1067AG;1067AG;18;100.0;100.0;100;100;G4;1228;0.0;5.56
17581;1067AH;1067AH;14;100.0;100.0;100;100;G4;1367;0.0;28.57
17583;1067AJ;1067AJ;13;100.0;100.0;100;100;G4;1494;0.0;7.69
17585;1067AK;1067AK;15;100.0;100.0;100;93;G4;1287;0.0;0.0
17587;1067AL;1067AL;16;100.0;100.0;100;100;G4;1222;0.0;0.0
17589;1067AM;1067AM;19;100.0;94.74;100;95;G4;1135;0.0;0.0
17591;1067AN;1067AN;17;100.0;94.12;100;100;G4;1655;0.0;41.18
17593;1067AP;1067AP;16;100.0;100.0;100;100;G4;1272;0.0;50.0
17595;1067AR;1067AR;22;100.0;100.0;100;100;G4;1206;0.0;0.0
17597;1067AS;1067AS;16;100.0;100.0;100;100;G4;2374;0.0;0.0
17599;1067AT;1067AT;19;100.0;100.0;100;100;G4;1349;0.0;0.0
17601;1067AV;1067AV;16;100.0;100.0;100;100;G4;1152;0.0;6.25
17603;1067AW;1067AW;15;100.0;100.0;100;100;G4;1353;0.0;0.0
17605;1067AX;1067AX;18;100.0;100.0;100;100;G4;1174;0.0;83.33
17607;1067AZ;1067AZ;16;100.0;100.0;100;100;G4;1159;0.0;50.0
17609;1067BA;1067BA;15;100.0;100.0;100;100;G4;1228;0.0;73.33
17611;1067BC;1067BC;18;100.0;100.0;100;100;G4;1148;0.0;72.22
17613;1067BD;1067BD;16;100.0;100.0;100;100;G4;1340;0.0;87.5
17615;1067BE;1067BE;14;100.0;100.0;100;100;G4;1208;0.0;78.57
17617;1067BG;1067BG;18;100.0;100.0;100;100;G4;1321;0.0;77.78
17619;1067BH;1067BH;16;100.0;100.0;100;100;G4;1230;0.0;68.75
17621;1067BJ;1067BJ;14;100.0;100.0;100;93;G4;1250;0.0;71.43
17623;1067BK;1067BL;26;100.0;100.0;100;96;G4;868;0.0;0.0
17626;1067BM;1067BM;20;100.0;100.0;100;100;G4;966;0.0;0.0
17628;1067BN;1067BN;19;100.0;100.0;100;100;G4;1025;0.0;0.0
17630;1067BP;1067BP;27;100.0;100.0;100;100;G4;1001;0.0;3.7
17632;1067BR;1067BR;16;100.0;100.0;100;100;G4;962;0.0;93.75
17634;1067BS;1067BS;13;100.0;100.0;100;100;G4;950;0.0;46.15
17636;1067BT;1067BT;16;100.0;100.0;100;100;G4;1018;0.0;0.0
17638;1067BV;1067BV;13;100.0;100.0;100;100;G4;965;0.0;0.0
17640;1067BW;1067BW;16;100.0;100.0;100;100;G4;1151;0.0;6.25
17642;1067BX;1067BX;13;100.0;100.0;100;100;G4;940;0.0;7.69
17644;1067BZ;1067BZ;11;100.0;100.0;100;82;G4;2500;0.0;0.0
17646;1067CA;1067CA;20;100.0;100.0;100;100;G4;966;0.0;0.0
17648;1067CB;1067CB;20;100.0;100.0;100;100;G4;869;0.0;0.0
17650;1067CC;1067CC;16;100.0;50.0;100;100;G4;1098;0.0;0.0
17652;1067CD;1067CD;45;100.0;48.89;100;98;G4;1224;0.0;0.0
17654;1067CE;1067CE;133;100.0;81.95;100;100;G4;1000;0.0;0.0
17656;1067CH;1067CH;15;100.0;93.33;100;87;G4;4490;0.0;20.0
17663;1067CP;1067CT;18;100.0;5.56;100;100;G4;754;0.0;0.0
17666;1067CV;1067CV;16;100.0;0.0;100;100;G4;684;0.0;0.0
17668;1067CW;1067CW;16;100.0;0.0;100;100;G4;306;0.0;0.0
17670;1067CX;1067CX;17;100.0;0.0;100;88;G4;492;0.0;0.0
17672;1067CZ;1067CZ;16;100.0;0.0;100;100;G4;730;0.0;0.0
17674;1067DB;1067DB;40;100.0;100.0;100;100;G4;1062;0.0;0.0
17676;1067DC;1067DC;47;100.0;100.0;100;100;G4;1002;0.0;0.0
17677;1067DD;1067DE;52;100.0;100.0;100;98;G4;1465;0.0;3.85
17680;1067DG;1067DG;66;100.0;98.48;100;98;G4;968;0.0;0.0
17682;1067DH;1067DH;16;100.0;100.0;100;100;G4;1296;0.0;0.0
17684;1067DJ;1067DJ;22;100.0;100.0;100;100;G4;1166;0.0;0.0
17687;1067DX;1067DX;19;100.0;100.0;100;100;G4;1063;0.0;0.0
17689;1067DZ;1067DZ;28;100.0;100.0;100;100;G4;1081;0.0;0.0
17691;1067EA;1067EA;18;100.0;16.67;100;100;G4;967;0.0;0.0
17693;1067EB;1067EB;24;100.0;0.0;100;100;G4;1009;0.0;0.0
17695;1067EC;1067EC;24;100.0;0.0;100;100;G4;625;0.0;0.0
17697;1067ED;1067ED;31;100.0;22.58;100;100;G4;769;0.0;0.0
17699;1067EE;1067EE;25;100.0;0.0;100;92;G4;850;0.0;0.0
17701;1067EG;1067EG;25;100.0;0.0;100;96;G4;768;0.0;0.0
17703;1067EH;1067EH;92;100.0;73.91;100;100;G4;871;0.0;1.09
17705;1067EK;1067EK;17;100.0;0.0;100;94;G4;921;0.0;0.0
17707;1067EL;1067EL;16;100.0;12.5;100;100;G4;618;0.0;0.0
17709;1067EM;1067EM;74;100.0;77.03;100;99;G4;745;0.0;0.0
17712;1067EP;1067EP;48;100.0;100.0;100;100;G4;941;0.0;2.08
17714;1067ER;1067ER;16;100.0;93.75;100;100;G4;1124;0.0;0.0
17716;1067ES;1067ES;24;100.0;100.0;100;100;G4;1724;0.0;0.0
17718;1067ET;1067ET;25;100.0;100.0;100;100;G4;1097;0.0;4.0
17720;1067EV;1067EV;16;100.0;100.0;100;100;G4;1173;0.0;0.0
17722;1067EW;1067EW;24;100.0;100.0;100;100;G4;1123;0.0;0.0
17724;1067EX;1067EX;25;100.0;100.0;100;100;G4;966;0.0;8.0
17726;1067EZ;1067GB;41;100.0;53.66;100;100;G4;1336;0.0;0.0
17729;1067GC;1067GC;18;100.0;0.0;100;94;G4;1134;0.0;0.0
17731;1067GD;1067GD;10;100.0;0.0;100;100;G4;788;0.0;0.0
17733;1067GE;1067GE;24;100.0;100.0;100;100;G4;379;0.0;0.0
17735;1067GG;1067GG;14;100.0;0.0;100;100;G4;1027;0.0;0.0
17737;1067GH;1067GH;14;100.0;0.0;100;93;G4;751;0.0;0.0
17739;1067GJ;1067GJ;14;100.0;0.0;100;100;G4;1094;0.0;0.0
17741;1067GK;1067GK;14;100.0;0.0;100;100;G4;1175;0.0;0.0
17743;1067GL;1067GL;14;100.0;0.0;100;86;G6;1176;0.0;0.0
17745;1067GM;1067GM;17;100.0;17.65;100;65;G6;5809;0.0;0.0
17747;1067GN;1067GN;17;100.0;100.0;100;94;G4;1341;0.0;11.76
17749;1067GP;1067GP;25;100.0;96.0;100;100;G4;1161;0.0;0.0
17751;1067GR;1067GR;25;100.0;100.0;100;96;G4;1393;0.0;0.0
17753;1067GS;1067GS;16;100.0;100.0;100;100;G4;961;0.0;0.0
17755;1067GT;1067GT;12;100.0;100.0;100;100;G4;821;0.0;8.33
17757;1067GV;1067GV;16;100.0;100.0;100;100;G4;922;0.0;0.0
17759;1067GW;1067GW;13;100.0;100.0;100;92;G4;1169;0.0;0.0
17761;1067GX;1067GX;16;100.0;100.0;100;100;G4;1021;0.0;0.0
17763;1067GZ;1067GZ;12;100.0;100.0;100;100;G4;1056;0.0;0.0
17765;1067HA;1067HA;15;100.0;100.0;100;100;G4;1653;0.0;0.0
17767;1067HB;1067HB;13;100.0;100.0;100;100;G4;1337;0.0;0.0
17769;1067HC;1067HC;24;100.0;100.0;100;100;G4;781;0.0;0.0
17771;1067HD;1067HD;24;100.0;100.0;100;100;G4;811;0.0;4.17
17773;1067HE;1067HE;19;100.0;100.0;100;100;G4;776;0.0;0.0
17775;1067HG;1067HG;114;100.0;100.0;100;99;G4;988;0.0;1.75
17777;1067HH;1067HH;16;100.0;100.0;100;100;G4;1419;0.0;0.0
17779;1067HJ;1067HJ;12;100.0;100.0;100;100;G4;1312;0.0;0.0
17781;1067HK;1067HK;16;100.0;100.0;100;100;G4;1013;0.0;0.0
17783;1067HL;1067HL;12;100.0;91.67;100;100;G4;1046;0.0;0.0
17785;1067HM;1067HM;16;100.0;100.0;100;100;G4;1041;0.0;0.0
17787;1067HN;1067HN;13;100.0;100.0;100;100;G4;1180;0.0;0.0
17790;1067HW;1067HW;16;100.0;0.0;100;69;G6;1025;0.0;0.0
17792;1067HX;1067HX;16;100.0;0.0;100;69;G6;1260;0.0;0.0
17794;1067HZ;1067HZ;25;100.0;0.0;100;96;G6;4419;0.0;0.0
17796;1067JA;1067JA;36;100.0;25.0;100;67;G4;3136;0.0;0.0
17798;1067JB;1067JB;40;100.0;50.0;100;53;G4;902;0.0;0.0
17800;1067JC;1067JC;40;100.0;50.0;100;53;G4;1087;0.0;0.0
17802;1067JD;1067JD;40;100.0;50.0;100;65;G4;1198;0.0;0.0
17804;1067JE;1067JE;40;100.0;50.0;100;53;G4;1144;0.0;0.0
17806;1067JG;1067JG;86;100.0;70.93;100;76;G4;899;0.0;1.16
17808;1067JH;1067JH;14;100.0;0.0;100;86;G6;1333;0.0;0.0
17810;1067JJ;1067JJ;14;100.0;0.0;100;93;G6;1618;0.0;0.0
17812;1067JK;1067JK;24;100.0;0.0;100;96;G6;1364;0.0;0.0
17814;1067JL;1067JL;20;100.0;100.0;100;100;G4;1491;0.0;0.0
17816;1067JM;1067JM;24;100.0;0.0;100;67;G6;1274;0.0;0.0
17818;1067JN;1067JN;24;100.0;0.0;100;96;G6;1386;0.0;0.0
17820;1067JP;1067JR;59;100.0;98.31;100;85;G4;1803;0.0;1.69
17822;1067JS;1067JS;65;100.0;98.46;100;94;G4;1549;0.0;0.0
17824;1067JT;1067JT;16;100.0;100.0;100;100;G4;1567;0.0;0.0
17826;1067JV;1067JV;25;100.0;100.0;100;100;G4;1357;0.0;0.0
17828;1067JW;1067JW;12;100.0;100.0;100;100;G4;224;0.0;0.0
17830;1067JX;1067JX;12;100.0;100.0;100;100;G4;274;0.0;0.0
17832;1067JZ;1067JZ;12;100.0;100.0;100;100;G4;219;0.0;0.0
17834;1067KA;1067KA;19;100.0;100.0;100;100;G4;1129;0.0;0.0
17836;1067KB;1067KB;16;100.0;100.0;100;100;G4;1083;0.0;0.0
17838;1067KC;1067KC;16;100.0;100.0;100;100;G4;905;0.0;0.0
17840;1067KD;1067KD;19;100.0;94.74;100;95;G4;538;0.0;0.0
17842;1067KE;1067KE;16;100.0;100.0;100;100;G4;950;0.0;0.0
17844;1067KG;1067KG;16;100.0;100.0;100;94;G4;1037;0.0;0.0
17846;1067KH;1067KH;18;100.0;100.0;100;94;G4;1348;0.0;0.0
17848;1067KJ;1067KJ;15;100.0;100.0;100;93;G4;871;0.0;6.67
17850;1067KK;1067KK;16;100.0;100.0;100;94;G4;1301;0.0;0.0
17852;1067KL;1067KL;24;100.0;100.0;100;88;G4;1371;0.0;4.17
17854;1067KM;1067KM;24;100.0;100.0;100;100;G4;1165;0.0;0.0
17856;1067KN;1067KN;24;100.0;100.0;100;100;G4;1460;0.0;0.0
17858;1067KP;1067KP;13;100.0;100.0;100;92;G4;2349;0.0;0.0
17860;1067KR;1067KR;24;100.0;0.0;100;100;G4;1105;0.0;0.0
17862;1067KS;1067KS;14;100.0;0.0;100;100;G4;1064;0.0;0.0
17864;1067KT;1067KT;14;100.0;0.0;100;100;G4;1048;0.0;0.0
17866;1067KV;1067KV;25;100.0;0.0;100;100;G4;1229;0.0;0.0
17868;1067KW;1067KW;24;100.0;0.0;100;100;G4;1134;0.0;0.0
17870;1067KX;1067KX;14;100.0;0.0;100;100;G4;1098;0.0;0.0
17872;1067KZ;1067KZ;14;100.0;0.0;100;86;G4;878;0.0;0.0
17874;1067LA;1067LA;25;100.0;0.0;100;100;G4;919;0.0;0.0
17876;1067LB;1067LB;20;100.0;95.0;100;100;G4;1441;0.0;0.0
17878;1067LC;1067LC;15;100.0;100.0;100;93;G4;1724;0.0;6.67
17880;1067LD;1067LD;20;100.0;100.0;100;100;G4;1664;0.0;0.0
17882;1067LE;1067LE;16;100.0;100.0;100;100;G4;1740;0.0;0.0
17884;1067LG;1067LG;26;100.0;100.0;100;96;G4;1502;0.0;0.0
17886;1067LH;1067LH;15;100.0;100.0;100;93;G4;1782;0.0;0.0
17888;1067LJ;1067LJ;17;100.0;100.0;100;100;G4;1125;0.0;5.88
17890;1067LK;1067LL;21;100.0;100.0;100;95;G4;1627;0.0;0.0
17893;1067LM;1067LN;20;100.0;95.0;100;95;G4;1140;0.0;0.0
17896;1067LP;1067LP;17;100.0;100.0;100;100;G4;278;0.0;0.0
17898;1067LR;1067LR;17;100.0;100.0;100;100;G4;200;0.0;0.0
17900;1067LS;1067LS;17;100.0;100.0;100;100;G4;220;0.0;0.0
17902;1067LT;1067LV;23;100.0;100.0;100;100;G4;1042;0.0;0.0
17905;1067LW;1067LX;26;100.0;100.0;100;96;G4;1584;0.0;0.0
17907;1067LZ;1067LZ;15;100.0;100.0;100;100;G4;1712;0.0;0.0
17909;1067MB;1067MB;18;100.0;100.0;100;100;G4;984;0.0;0.0
17911;1067MD;1067ME;21;100.0;90.48;100;86;G4;3239;0.0;9.52
17913;1067MG;1067MG;20;100.0;100.0;100;100;G4;1273;0.0;15.0
17915;1067MH;1067MH;24;100.0;100.0;100;100;G4;1121;0.0;0.0
17917;1067MJ;1067MJ;24;100.0;100.0;100;100;G4;1059;0.0;4.17
17919;1067MK;1067MK;24;100.0;95.83;100;100;G4;1039;0.0;0.0
17923;1067MP;1067MT;117;100.0;97.44;100;97;G4;1148;0.0;1.71
17925;1067MV;1067MX;63;100.0;98.41;100;98;G4;919;0.0;1.59
17927;1067MZ;1067MZ;11;100.0;100.0;100;100;G4;1322;0.0;100.0
17929;1067NA;1067NA;22;100.0;100.0;100;100;G4;1338;0.0;0.0
17931;1067NB;1067NB;16;100.0;93.75;100;100;G4;1478;0.0;6.25
17933;1067NC;1067NC;16;100.0;100.0;100;50;G4;1378;0.0;0.0
17935;1067ND;1067ND;24;100.0;100.0;100;63;G6;1640;0.0;0.0
17937;1067NE;1067NE;16;100.0;100.0;100;100;G6;1420;0.0;0.0
17939;1067NG;1067NG;24;100.0;100.0;100;67;G6;1489;0.0;0.0
17941;1067NH;1067NH;107;100.0;100.0;100;97;G4;1000;0.0;7.48
17943;1067NJ;1067NK;22;100.0;95.45;100;100;G4;1151;0.0;0.0
17945;1067NL;1067NL;15;100.0;100.0;100;100;G4;1220;0.0;0.0
17947;1067NM;1067NM;19;100.0;100.0;100;100;G4;1318;0.0;42.11
17949;1067NN;1067NN;26;100.0;100.0;100;100;G4;994;0.0;0.0
17951;1067NP;1067NP;24;100.0;100.0;100;100;G4;1276;0.0;4.17
17953;1067NR;1067NR;14;100.0;100.0;100;100;G4;1536;0.0;92.86
17955;1067NS;1067NS;21;100.0;100.0;100;100;G4;1498;0.0;0.0
17957;1067NT;1067NT;18;100.0;94.44;100;94;G4;997;0.0;94.44
17959;1067NV;1067NV;21;100.0;100.0;100;100;G4;1500;0.0;0.0
17961;1067NW;1067NW;20;100.0;100.0;100;80;G6;1851;0.0;0.0
17963;1067NX;1067NX;17;100.0;0.0;100;88;G6;1394;0.0;0.0
17965;1067NZ;1067NZ;17;100.0;0.0;100;76;G6;1069;0.0;0.0
17967;1067PA;1067PA;18;100.0;0.0;100;100;G4;972;0.0;0.0
17969;1067PB;1067PC;24;100.0;100.0;100;88;G4;1559;0.0;0.0
17971;1067PD;1067PD;21;100.0;95.24;100;100;G4;1192;0.0;0.0
17973;1067PE;1067PE;12;100.0;100.0;100;100;G4;715;0.0;0.0
17975;1067PG;1067PG;24;100.0;100.0;100;100;G4;879;0.0;0.0
17977;1067PH;1067PH;24;100.0;100.0;100;100;G4;883;0.0;0.0
17979;1067PJ;1067PJ;29;100.0;100.0;100;100;G4;1596;0.0;3.45
17981;1067PK;1067PK;19;100.0;100.0;100;100;G4;1281;0.0;0.0
17983;1067PL;1067PL;23;100.0;100.0;100;100;G4;1228;0.0;0.0
17985;1067PM;1067PM;19;100.0;100.0;100;100;G4;1261;0.0;0.0
17987;1067PN;1067PN;22;100.0;100.0;100;95;G4;1284;0.0;0.0
17989;1067PP;1067PP;25;100.0;100.0;100;100;G4;1274;0.0;0.0
17991;1067PR;1067PS;33;100.0;27.27;100;73;G6;1184;0.0;0.0
17993;1067PT;1067PT;16;100.0;0.0;100;100;G6;1418;0.0;0.0
17995;1067PV;1067PV;17;100.0;0.0;100;100;G6;1125;0.0;0.0
17998;1067PW;1067PW;25;100.0;0.0;100;84;G6;1116;0.0;0.0
18000;1067PX;1067PX;17;100.0;0.0;100;82;G6;1128;0.0;0.0
18002;1067PZ;1067PZ;24;100.0;0.0;100;100;G6;1146;0.0;0.0
18004;1067RA;1067RA;17;100.0;0.0;100;88;G6;687;0.0;0.0
18006;1067RB;1067RC;27;100.0;74.07;100;100;G4;1230;0.0;0.0
18008;1067RD;1067RD;10;100.0;0.0;100;100;G4;525;0.0;0.0
18010;1067RE;1067RE;26;100.0;0.0;100;100;G4;755;0.0;0.0
18012;1067RG;1067RG;20;100.0;100.0;100;100;G4;1329;0.0;0.0
18014;1067RH;1067RH;21;100.0;100.0;100;95;G4;1210;0.0;4.76
18016;1067RJ;1067RJ;15;100.0;93.33;100;100;G4;1131;0.0;0.0
18018;1067RK;1067RK;18;100.0;11.11;100;56;G4;698;0.0;5.56
18020;1067RL;1067RL;12;100.0;100.0;100;92;G4;1574;0.0;0.0
18022;1067RM;1067RM;26;100.0;11.54;100;100;G4;973;0.0;0.0
18024;1067RN;1067RN;16;100.0;0.0;100;94;G6;1046;0.0;0.0
18026;1067RP;1067RP;17;100.0;0.0;100;100;G6;1124;0.0;0.0
18028;1067RR;1067RR;26;100.0;3.85;100;100;G4;800;0.0;0.0
18030;1067RS;1067RS;17;100.0;0.0;100;100;G4;977;0.0;0.0
18032;1067RT;1067RT;17;100.0;0.0;100;100;G4;939;0.0;0.0
18034;1067RV;1067RV;21;100.0;47.62;100;100;G4;861;0.0;0.0
18036;1067RW;1067RW;14;100.0;100.0;100;100;G4;1523;0.0;0.0
18038;1067RX;1067RX;16;100.0;100.0;100;100;G4;1417;0.0;12.5
18040;1067RZ;1067RZ;10;100.0;100.0;100;100;G4;1179;0.0;0.0
18042;1067SB;1067SB;14;100.0;100.0;100;100;G4;1360;0.0;14.29
18044;1067SC;1067SC;16;100.0;100.0;100;100;G4;1384;0.0;0.0
18046;1067SE;1067SE;10;100.0;100.0;100;100;G4;1260;0.0;0.0
18048;1067SG;1067SG;14;100.0;100.0;100;100;G4;1522;0.0;0.0
18050;1067SH;1067SH;16;100.0;100.0;100;100;G4;1291;0.0;0.0
18052;1067SJ;1067SR;63;100.0;88.89;100;54;G4;2738;0.0;6.35
18056;1067ST;1067ST;13;100.0;100.0;100;77;G4;3612;0.0;0.0
18058;1067SV;1067SV;21;100.0;95.24;100;81;G4;3017;0.0;9.52
18060;1067SW;1067SW;29;100.0;89.66;100;79;G4;2930;0.0;0.0
18062;1067SX;1067SX;70;100.0;85.71;100;94;G4;2503;0.0;1.43
18064;1067SZ;1067SZ;20;100.0;100.0;100;90;G4;2986;0.0;10.0
18066;1067TA;1067TA;21;100.0;90.48;100;100;G4;2339;0.0;0.0
18068;1067TB;1067TB;21;100.0;95.24;100;95;G4;1749;0.0;4.76
18070;1067TC;1067TC;18;100.0;94.44;100;100;G4;2178;0.0;11.11
18072;1067TD;1067TD;33;100.0;100.0;100;100;G4;2180;0.0;12.12
18074;1067TE;1067TE;20;100.0;100.0;100;95;G4;1775;0.0;5.0
18076;1067TH;1067TH;32;100.0;90.63;100;88;G4;2910;0.0;6.25
18078;1067TJ;1067TP;55;100.0;98.18;100;91;G4;1920;0.0;5.45
18083;1067TR;1067TR;14;100.0;100.0;100;100;G4;1131;0.0;0.0
18085;1067TS;1067TT;18;100.0;100.0;100;100;G4;1206;0.0;0.0
18087;1067TV;1067TV;14;100.0;100.0;100;100;G4;1205;0.0;0.0
18089;1067TW;1067TW;15;100.0;100.0;100;100;G4;1147;0.0;0.0
18091;1067TX;1067TX;24;100.0;100.0;100;100;G4;1241;0.0;8.33
18093;1067TZ;1067TZ;12;100.0;100.0;100;100;G4;1428;0.0;0.0
18095;1067VA;1067VA;16;100.0;100.0;100;100;G4;1668;0.0;0.0
18097;1067VB;1067VB;22;100.0;100.0;100;100;G4;1153;0.0;0.0
18099;1067VC;1067VC;22;100.0;100.0;100;100;G4;881;0.0;0.0
18101;1067VD;1067VD;18;100.0;100.0;100;100;G4;1167;0.0;0.0
18103;1067VE;1067VE;18;100.0;100.0;100;100;G4;1098;0.0;0.0
18105;1067VG;1067VG;19;100.0;100.0;100;100;G4;1160;0.0;5.26
18107;1067VH;1067VH;18;100.0;100.0;100;100;G4;1212;0.0;5.56
18109;1067VJ;1067VJ;18;100.0;100.0;100;100;G4;1278;0.0;5.56
18111;1067VK;1067VK;19;100.0;100.0;100;100;G4;1246;0.0;0.0
18113;1067VL;1067VL;30;100.0;100.0;100;100;G4;1164;0.0;0.0
18115;1067VM;1067VM;10;100.0;100.0;100;100;G4;1101;0.0;0.0
18117;1067VN;1067VN;20;100.0;100.0;100;100;G4;1147;0.0;5.0
18119;1067VP;1067VP;10;100.0;100.0;100;100;G4;1094;0.0;0.0
18121;1067VR;1067VR;30;100.0;100.0;100;100;G4;1251;0.0;3.33
18123;1067VS;1067VS;14;100.0;100.0;100;100;G4;1354;0.0;14.29
18125;1067VT;1067VT;14;100.0;100.0;100;100;G4;1105;0.0;0.0
18127;1067VV;1067VV;15;100.0;100.0;100;100;G4;1328;0.0;0.0
18129;1067VW;1067VW;30;100.0;93.33;100;100;G4;905;0.0;0.0
18131;1067VX;1067VX;14;100.0;100.0;100;100;G4;2069;0.0;0.0
18133;1067VZ;1067VZ;32;100.0;100.0;100;100;G4;941;0.0;0.0
18135;1067WB;1067WB;30;100.0;100.0;100;100;G4;940;0.0;0.0
18137;1067WC;1067WC;29;100.0;100.0;100;100;G4;917;0.0;0.0
18139;1067WD;1067WD;19;100.0;94.74;100;100;G4;791;0.0;0.0
18141;1067WE;1067WE;22;100.0;100.0;100;100;G4;2042;0.0;0.0
18143;1067WG;1067WG;32;100.0;100.0;100;100;G4;1141;0.0;0.0
18145;1067WH;1067WH;34;100.0;100.0;100;100;G4;1442;0.0;2.94
18147;1067WJ;1067WJ;20;100.0;100.0;100;100;G4;1548;0.0;5.0
18149;1067WK;1067WK;30;100.0;100.0;100;100;G4;1197;0.0;6.67
18151;1067WL;1067WL;34;100.0;100.0;100;100;G4;1288;0.0;5.88
18153;1067WN;1067WN;16;100.0;100.0;100;100;G4;1398;0.0;6.25
18155;1067WP;1067WP;22;100.0;100.0;100;100;G4;1315;0.0;0.0
18157;1067WR;1067WR;28;100.0;100.0;100;100;G4;1671;0.0;0.0
18159;1067WS;1067WS;36;100.0;97.22;100;100;G4;847;0.0;5.56
18161;1067WT;1067WT;36;100.0;100.0;100;100;G4;946;0.0;2.78
18163;1067WV;1067WV;36;100.0;100.0;100;100;G4;978;0.0;0.0
18165;1067WZ;1067WZ;33;100.0;87.88;100;100;G4;3009;0.0;0.0
18167;1067XA;1067XA;26;100.0;100.0;100;100;G4;936;0.0;0.0
18169;1067XB;1067XB;16;100.0;100.0;100;100;G4;1452;0.0;0.0
18171;1067XC;1067XC;16;100.0;100.0;100;100;G4;1657;0.0;6.25
18173;1067XD;1067XD;16;100.0;100.0;100;100;G4;1538;0.0;6.25
18175;1067XE;1067XE;16;100.0;100.0;100;100;G4;1722;0.0;0.0
18177;1067XG;1067XG;14;100.0;100.0;100;93;G4;1301;0.0;0.0
18179;1067XH;1067XH;16;100.0;100.0;100;94;G4;601;0.0;0.0
18181;1067XJ;1067XJ;16;100.0;100.0;100;100;G4;885;0.0;0.0
18183;1067XK;1067XK;16;100.0;100.0;100;100;G4;877;0.0;0.0
18185;1067XL;1067XL;16;100.0;100.0;100;100;G4;978;0.0;0.0
18187;1067XM;1067XM;17;100.0;94.12;100;94;G4;1151;0.0;0.0
18189;1067XN;1067XN;16;100.0;100.0;100;100;G4;778;0.0;0.0
18191;1067XP;1067XP;15;100.0;100.0;100;93;G4;790;0.0;0.0
18193;1067XR;1067XR;52;100.0;100.0;100;100;G4;907;0.0;1.92
18195;1067XS;1067XS;20;100.0;100.0;100;100;G4;712;0.0;0.0
18197;1067XT;1067XT;20;100.0;95.0;100;95;G4;807;0.0;0.0
18199;1067XV;1067XV;20;100.0;100.0;100;95;G4;888;0.0;0.0
18201;1067XW;1067XW;61;100.0;100.0;100;98;G4;967;0.0;0.0
18203;1067XX;1067XX;52;100.0;100.0;100;98;G4;804;0.0;0.0
18205;1067XZ;1067XZ;18;100.0;100.0;100;100;G4;814;0.0;22.22
18207;1067ZA;1067ZA;18;100.0;100.0;100;100;G4;715;0.0;22.22
18209;1067ZB;1067ZB;15;100.0;100.0;100;100;G4;966;0.0;0.0
18211;1067ZC;1067ZC;17;100.0;100.0;100;100;G4;834;0.0;47.06
18213;1067ZD;1067ZD;16;100.0;100.0;100;94;G4;1148;0.0;0.0
18215;1067ZE;1067ZE;15;100.0;100.0;100;100;G4;878;0.0;0.0
18217;1067ZG;1067ZG;16;100.0;100.0;100;100;G4;1249;0.0;0.0
18219;1067ZH;1067ZH;16;100.0;100.0;100;100;G4;1281;0.0;0.0
18221;1067ZJ;1067ZJ;16;100.0;100.0;100;100;G4;1131;0.0;6.25
18223;1067ZK;1067ZK;15;100.0;100.0;100;100;G4;1265;0.0;0.0
18225;1067ZL;1067ZL;16;100.0;100.0;100;100;G4;1446;0.0;0.0
18227;1067ZM;1067ZM;16;100.0;100.0;100;100;G4;1656;0.0;0.0
18229;1067ZN;1067ZP;30;100.0;93.33;100;100;G4;1459;0.0;0.0
18232;1067ZR;1067ZR;16;100.0;100.0;100;100;G4;1463;0.0;0.0
18234;1067ZS;1067ZS;24;100.0;100.0;100;100;G4;1422;0.0;0.0
18236;1067ZT;1067ZT;16;100.0;100.0;100;100;G4;3871;0.0;0.0
18238;1067ZV;1067ZV;24;100.0;100.0;100;100;G4;1459;0.0;0.0
18240;1067ZW;1067ZW;16;100.0;100.0;100;100;G4;1289;0.0;0.0
18242;1067ZX;1067ZX;24;100.0;100.0;100;100;G4;1304;0.0;0.0
18244;1067ZZ;1067ZZ;16;100.0;100.0;100;100;G4;1415;0.0;0.0
18246;1068AA;1068AA;16;100.0;100.0;100;100;G4;1247;0.0;0.0
18248;1068AB;1068AB;24;100.0;100.0;100;100;G4;1156;0.0;0.0
18250;1068AC;1068AC;16;100.0;100.0;100;100;G4;1392;0.0;0.0
18252;1068AD;1068AD;16;100.0;100.0;100;100;G4;1180;0.0;0.0
18254;1068AE;1068AE;24;100.0;100.0;100;100;G4;1327;0.0;0.0
18256;1068AG;1068AG;16;100.0;100.0;100;100;G4;1233;0.0;0.0
18258;1068AH;1068AH;16;100.0;100.0;100;100;G4;1364;0.0;0.0
18260;1068AJ;1068AJ;24;100.0;100.0;100;100;G4;1259;0.0;0.0
18262;1068AK;1068AK;16;100.0;100.0;100;100;G4;1434;0.0;6.25
18264;1068AL;1068AL;21;100.0;95.24;100;95;G4;38;0.0;0.0
18266;1068AM;1068AM;20;100.0;100.0;100;100;G4;28;0.0;5.0
18268;1068AN;1068AN;20;100.0;95.0;100;95;G4;29;0.0;0.0
18270;1068AP;1068AP;20;100.0;100.0;100;100;G4;26;0.0;0.0
18272;1068AR;1068AR;20;100.0;100.0;100;100;G4;29;0.0;0.0
18274;1068AS;1068AS;20;100.0;100.0;100;100;G4;26;0.0;0.0
18276;1068AT;1068AT;20;100.0;100.0;100;100;G4;23;0.0;0.0
18278;1068AV;1068AV;20;100.0;100.0;100;100;G4;20;0.0;0.0
18280;1068AW;1068AW;20;100.0;100.0;100;100;G4;26;0.0;0.0
18282;1068AX;1068AX;25;100.0;100.0;100;96;G4;1968;0.0;0.0
18284;1068AZ;1068AZ;24;100.0;100.0;100;100;G4;1335;0.0;0.0
18286;1068BA;1068BA;24;100.0;100.0;100;100;G4;1227;0.0;0.0
18288;1068BB;1068BB;24;100.0;95.83;100;100;G4;1301;0.0;0.0
18290;1068BC;1068BC;24;100.0;100.0;100;100;G4;1200;0.0;0.0
18292;1068BD;1068BE;25;100.0;96.0;100;96;G4;1505;0.0;32.0
18294;1068BG;1068BG;16;100.0;100.0;100;100;G4;2537;0.0;0.0
18296;1068BH;1068BH;16;100.0;100.0;100;100;G4;1425;0.0;0.0
18298;1068BJ;1068BJ;16;100.0;100.0;100;100;G4;1215;0.0;43.75
18300;1068BK;1068BK;16;100.0;100.0;100;100;G4;1232;0.0;0.0
18302;1068BL;1068BL;24;100.0;100.0;100;100;G4;1265;0.0;0.0
18304;1068BM;1068BM;24;100.0;100.0;100;100;G4;1325;0.0;0.0
18306;1068BN;1068BN;24;100.0;95.83;100;100;G4;1197;0.0;0.0
18308;1068BP;1068BP;24;100.0;100.0;100;96;G4;1144;0.0;33.33
18310;1068BR;1068BR;24;100.0;100.0;100;100;G4;1256;0.0;0.0
18312;1068BS;1068BS;24;100.0;100.0;100;100;G4;1148;0.0;0.0
18314;1068BT;1068BT;24;100.0;100.0;100;100;G4;1330;0.0;0.0
18316;1068BV;1068BV;24;100.0;100.0;100;100;G4;1150;0.0;0.0
18318;1068BW;1068BW;16;100.0;100.0;100;100;G4;1285;0.0;0.0
18320;1068BX;1068BX;16;100.0;100.0;100;94;G4;1477;0.0;0.0
18322;1068BZ;1068CA;17;100.0;100.0;100;88;G4;3174;0.0;0.0
18325;1068CB;1068CB;16;100.0;100.0;100;100;G4;1483;0.0;6.25
18327;1068CC;1068CC;19;100.0;100.0;100;68;G4;1507;0.0;0.0
18329;1068CD;1068CD;22;100.0;100.0;100;100;G4;77;0.0;45.45
18331;1068CE;1068CE;24;100.0;95.83;100;96;G4;36;0.0;29.17
18333;1068CG;1068CG;24;100.0;91.67;100;100;G4;43;0.0;33.33
18335;1068CH;1068CH;15;100.0;80.0;100;100;G4;17;0.0;26.67
18337;1068CJ;1068CJ;16;100.0;100.0;100;100;G4;22;0.0;56.25
18339;1068CK;1068CK;19;100.0;100.0;100;100;G4;15;0.0;36.84
18341;1068CL;1068CP;43;100.0;72.09;100;88;G4;202;0.0;39.53
18346;1068CR;1068CR;18;100.0;94.44;100;100;G4;28;0.0;50.0
18348;1068CS;1068CS;20;100.0;100.0;100;100;G4;64;0.0;65.0
18350;1068CT;1068CT;23;100.0;95.65;100;96;G4;96;0.0;30.43
18352;1068CV;1068CV;21;100.0;95.24;100;95;G4;53;0.0;52.38
18354;1068CW;1068CW;21;100.0;76.19;100;95;G4;79;0.0;23.81
18356;1068CX;1068CX;17;100.0;76.47;100;94;G4;13;0.0;23.53
18358;1068CZ;1068CZ;18;100.0;100.0;100;100;G4;25;0.0;44.44
18360;1068DA;1068DA;14;100.0;100.0;100;100;G4;28;0.0;21.43
18362;1068DB;1068DB;16;100.0;100.0;100;100;G4;1140;0.0;0.0
18364;1068DC;1068DC;16;100.0;100.0;100;100;G4;1102;0.0;0.0
18366;1068DD;1068DD;24;100.0;100.0;100;96;G4;1255;0.0;0.0
18368;1068DE;1068DE;16;100.0;100.0;100;100;G4;1372;0.0;0.0
18370;1068DG;1068DG;16;100.0;100.0;100;100;G4;1216;0.0;0.0
18372;1068DH;1068DH;23;100.0;100.0;100;100;G4;1153;0.0;4.35
18374;1068DJ;1068DJ;16;100.0;100.0;100;100;G4;1177;0.0;0.0
18376;1068DK;1068DK;24;100.0;100.0;100;100;G4;1177;0.0;8.33
18378;1068DL;1068DL;16;100.0;93.75;100;100;G4;1407;0.0;0.0
18380;1068DM;1068DM;16;100.0;100.0;100;100;G4;1186;0.0;6.25
18382;1068DN;1068DN;24;100.0;95.83;100;100;G4;2015;0.0;0.0
18384;1068DP;1068DP;16;100.0;100.0;100;100;G4;1123;0.0;12.5
18386;1068DR;1068DR;18;100.0;100.0;100;100;G4;1363;0.0;0.0
18388;1068DS;1068DS;19;100.0;100.0;100;100;G4;1399;0.0;5.26
18390;1068DT;1068DT;16;100.0;100.0;100;100;G4;1307;0.0;0.0
18392;1068DV;1068DV;16;100.0;100.0;100;100;G4;1149;0.0;0.0
18394;1068DW;1068DW;24;100.0;100.0;100;100;G4;1383;0.0;0.0
18396;1068DX;1068DX;24;100.0;100.0;100;100;G4;1490;0.0;4.17
18398;1068DZ;1068DZ;24;100.0;100.0;100;100;G4;1426;0.0;4.17
18400;1068EB;1068EB;17;100.0;100.0;100;94;G4;1768;0.0;0.0
18402;1068EC;1068EC;16;100.0;100.0;100;100;G4;1329;0.0;0.0
18404;1068ED;1068ED;16;100.0;100.0;100;100;G4;1363;0.0;0.0
18406;1068EE;1068EE;16;100.0;93.75;100;100;G4;1776;0.0;0.0
18408;1068EG;1068EG;16;100.0;100.0;100;100;G4;1451;0.0;0.0
18410;1068EH;1068EH;16;100.0;100.0;100;100;G4;1720;0.0;0.0
18412;1068EJ;1068EJ;20;100.0;100.0;100;100;G4;1222;0.0;0.0
18414;1068EK;1068EK;17;100.0;100.0;100;100;G4;1155;0.0;0.0
18416;1068EM;1068EM;19;100.0;100.0;100;100;G4;900;0.0;10.53
18418;1068EN;1068EN;16;100.0;100.0;100;88;G4;1924;0.0;0.0
18420;1068EP;1068EP;28;100.0;100.0;100;100;G4;777;0.0;3.57
18422;1068ER;1068ER;14;100.0;100.0;100;100;G4;849;0.0;14.29
18424;1068ES;1068ES;35;100.0;100.0;100;100;G4;48;0.0;100.0
18426;1068ET;1068ET;35;100.0;97.14;100;100;G4;51;0.0;97.14
18428;1068EV;1068EV;36;100.0;100.0;100;92;G4;1689;0.0;33.33
18429;1068EW;1068EX;25;100.0;92.0;100;88;G4;501;0.0;0.0
18432;1068EZ;1068EZ;17;100.0;94.12;100;71;G4;3010;0.0;0.0
18434;1068GA;1068GA;23;100.0;100.0;100;100;G4;1693;0.0;0.0
18436;1068GB;1068GB;24;100.0;100.0;100;100;G4;1106;0.0;0.0
18438;1068GC;1068GC;15;100.0;100.0;100;93;G4;1992;0.0;6.67
18440;1068GD;1068GD;18;100.0;100.0;100;100;G4;203;0.0;5.56
18442;1068GE;1068GE;18;100.0;100.0;100;100;G4;185;0.0;0.0
18444;1068GG;1068GG;18;100.0;100.0;100;100;G4;225;0.0;0.0
18446;1068GH;1068GH;18;100.0;100.0;100;100;G4;192;0.0;0.0
18448;1068GJ;1068GJ;17;100.0;100.0;100;100;G4;175;0.0;0.0
18450;1068GK;1068GK;24;100.0;100.0;100;100;G4;990;0.0;0.0
18452;1068GL;1068GL;89;100.0;100.0;100;100;G4;1183;0.0;2.25
18454;1068GM;1068GM;24;100.0;100.0;100;100;G4;1185;0.0;0.0
18456;1068GN;1068GN;24;100.0;95.83;100;100;G4;1301;0.0;0.0
18458;1068GP;1068GP;24;100.0;100.0;100;100;G4;1128;0.0;0.0
18460;1068GR;1068GV;80;100.0;98.75;100;100;G4;995;0.0;3.75
18464;1068GW;1068GW;24;100.0;100.0;100;100;G4;1207;0.0;0.0
18466;1068GX;1068GX;24;100.0;100.0;100;100;G4;1091;0.0;0.0
18468;1068GZ;1068GZ;24;100.0;100.0;100;100;G4;1118;0.0;0.0
18470;1068HA;1068HA;17;100.0;100.0;100;94;G4;1012;0.0;0.0
18472;1068HB;1068HB;24;100.0;100.0;100;100;G4;996;0.0;0.0
18474;1068HC;1068HC;16;100.0;100.0;100;100;G4;1039;0.0;0.0
18476;1068HD;1068HD;16;100.0;100.0;100;100;G4;1207;0.0;0.0
18478;1068HE;1068HE;24;100.0;100.0;100;100;G4;897;0.0;0.0
18480;1068HG;1068HG;24;100.0;100.0;100;100;G4;1037;0.0;4.17
18482;1068HH;1068HH;25;100.0;100.0;100;100;G4;1187;0.0;0.0
18484;1068HJ;1068HJ;16;100.0;100.0;100;100;G4;1222;0.0;0.0
18496;1068HX;1068HX;24;100.0;100.0;100;100;G4;680;0.0;0.0
18498;1068HZ;1068HZ;29;100.0;100.0;100;100;G4;117;0.0;100.0
18500;1068JA;1068JA;29;100.0;93.1;100;97;G4;207;0.0;93.1
18502;1068JB;1068JC;35;100.0;100.0;100;97;G4;903;0.0;97.14
18505;1068JD;1068JD;30;100.0;86.67;100;93;G4;1577;0.0;80.0
18507;1068JE;1068JE;32;100.0;93.75;100;94;G4;1320;0.0;87.5
18509;1068JG;1068JG;29;100.0;96.55;100;93;G4;1323;0.0;89.66
18511;1068JH;1068JH;30;100.0;100.0;100;90;G4;2133;0.0;90.0
18513;1068JJ;1068JJ;25;100.0;100.0;100;100;G4;762;0.0;4.0
18515;1068JL;1068JL;19;100.0;100.0;100;100;G4;341;0.0;94.74
18517;1068JM;1068JM;25;100.0;96.0;100;100;G4;142;0.0;96.0
18519;1068JN;1068JN;21;100.0;100.0;100;100;G4;183;0.0;100.0
18521;1068JP;1068JP;17;100.0;94.12;100;100;G4;308;0.0;88.24
18523;1068JR;1068JR;22;100.0;100.0;100;100;G4;129;0.0;95.45
18525;1068JS;1068JS;19;100.0;94.74;100;100;G4;181;0.0;89.47
18527;1068JT;1068JT;24;100.0;100.0;100;92;G4;892;0.0;83.33
18529;1068JV;1068JV;14;100.0;100.0;100;100;G4;1312;0.0;100.0
18531;1068JW;1068JW;24;100.0;100.0;100;100;G4;729;0.0;100.0
18533;1068JX;1068KA;31;100.0;96.77;100;77;G6;3457;0.0;29.03
18535;1068KB;1068KC;41;100.0;95.12;100;95;G4;1867;0.0;80.49
18537;1068KD;1068KD;23;100.0;95.65;100;96;G4;1952;0.0;95.65
18539;1068KE;1068KE;22;100.0;100.0;100;100;G4;1468;0.0;100.0
18541;1068KG;1068KG;21;100.0;100.0;100;100;G4;1539;0.0;80.95
18543;1068KH;1068KH;21;100.0;100.0;100;100;G4;1401;0.0;90.48
18545;1068KJ;1068KJ;21;100.0;100.0;100;100;G4;1435;0.0;95.24
18547;1068KK;1068KK;21;100.0;100.0;100;81;G6;4066;0.0;52.38
18549;1068KL;1068KL;14;100.0;92.86;100;57;G4;2919;0.0;78.57
18551;1068KM;1068KM;17;100.0;94.12;100;59;G4;3013;0.0;52.94
18553;1068KN;1068KN;13;100.0;100.0;100;92;G6;1892;0.0;84.62
18555;1068KP;1068KP;12;100.0;100.0;100;100;G6;2277;0.0;100.0
18557;1068KR;1068KR;11;100.0;100.0;100;82;G6;2794;0.0;100.0
18559;1068KS;1068KS;12;100.0;100.0;100;92;G6;2200;0.0;100.0
18561;1068KT;1068KT;25;100.0;100.0;100;100;G4;1428;0.0;100.0
18563;1068KV;1068KW;21;100.0;95.24;100;90;G4;2478;0.0;0.0
18565;1068KX;1068KX;16;100.0;100.0;100;100;G4;15;0.0;0.0
18567;1068KZ;1068KZ;25;100.0;96.0;100;100;G4;22;0.0;0.0
18569;1068LA;1068LJ;30;100.0;100.0;100;83;G4;2085;0.0;0.0
18571;1068LK;1068LK;16;100.0;100.0;100;100;G4;1313;0.0;0.0
18573;1068LL;1068LL;18;100.0;100.0;100;94;G4;3194;0.0;0.0
18575;1068LM;1068LM;16;100.0;100.0;100;100;G4;1162;0.0;0.0
18577;1068LN;1068LN;24;100.0;100.0;100;100;G4;1170;0.0;4.17
18579;1068LP;1068LP;16;100.0;100.0;100;100;G4;1165;0.0;0.0
18581;1068LR;1068LR;20;100.0;100.0;100;100;G4;22;0.0;0.0
18583;1068LS;1068LS;20;100.0;100.0;100;100;G4;547;0.0;0.0
18585;1068LT;1068LT;20;100.0;95.0;100;100;G4;21;0.0;0.0
18587;1068LV;1068LV;20;100.0;95.0;100;95;G4;24;0.0;0.0
18589;1068LW;1068LW;20;100.0;95.0;100;100;G4;29;0.0;0.0
18591;1068LX;1068LX;20;100.0;100.0;100;100;G4;31;0.0;0.0
18593;1068LZ;1068LZ;20;100.0;100.0;100;100;G4;24;0.0;0.0
18595;1068MA;1068MA;20;100.0;95.0;100;100;G4;34;0.0;0.0
18597;1068MB;1068MB;20;100.0;95.0;100;100;G4;578;0.0;0.0
18599;1068MC;1068MC;46;100.0;97.83;100;98;G4;1104;0.0;0.0
18601;1068MD;1068MD;24;100.0;100.0;100;96;G4;1258;0.0;0.0
18603;1068ME;1068ME;24;100.0;100.0;100;100;G4;1238;0.0;0.0
18605;1068MG;1068MG;20;100.0;100.0;100;100;G4;800;0.0;0.0
18607;1068MH;1068MJ;24;100.0;100.0;100;63;G4;5643;0.0;0.0
18610;1068MK;1068MK;49;100.0;95.92;100;94;G4;833;0.0;2.04
18612;1068ML;1068ML;11;100.0;100.0;100;91;G4;1074;0.0;9.09
18614;1068MN;1068MN;24;100.0;100.0;100;96;G4;1138;0.0;0.0
18616;1068MP;1068MP;21;100.0;100.0;100;100;G4;1138;0.0;0.0
18618;1068MR;1068MS;75;100.0;100.0;100;99;G4;1405;0.0;1.33
18620;1068MT;1068MT;25;100.0;92.0;100;96;G4;1056;0.0;0.0
18622;1068MV;1068MZ;31;100.0;96.77;100;81;G4;2329;0.0;6.45
18624;1068NA;1068NA;13;100.0;100.0;100;62;G6;3523;0.0;84.62
18626;1068NB;1068NB;20;100.0;100.0;100;100;G4;1531;0.0;100.0
18628;1068NC;1068NC;20;100.0;100.0;100;100;G4;1549;0.0;95.0
18630;1068ND;1068ND;13;100.0;100.0;100;100;G4;194;0.0;7.69
18632;1068NE;1068NE;14;100.0;100.0;100;100;G4;210;0.0;7.14
18634;1068NG;1068NG;14;100.0;100.0;100;100;G4;179;0.0;7.14
18636;1068NH;1068NJ;22;100.0;95.45;100;91;G4;955;0.0;9.09
18639;1068NK;1068NK;13;100.0;100.0;100;100;G4;237;0.0;0.0
18641;1068NL;1068NL;14;100.0;100.0;100;100;G4;235;0.0;7.14
18643;1068NM;1068NM;18;100.0;100.0;100;100;G6;1872;0.0;66.67
18645;1068NN;1068NN;18;100.0;100.0;100;100;G6;2154;0.0;88.89
18647;1068NP;1068NP;10;100.0;80.0;100;80;G4;2516;0.0;0.0
18649;1068NR;1068NR;10;100.0;90.0;100;80;G4;2171;0.0;0.0
18651;1068NT;1068NV;16;100.0;87.5;100;88;G4;2070;0.0;87.5
18653;1068NW;1068NW;22;100.0;100.0;100;100;G4;1348;0.0;90.91
18655;1068NX;1068NX;16;100.0;93.75;100;100;G4;929;0.0;93.75
18657;1068NZ;1068NZ;16;100.0;100.0;100;81;G4;997;0.0;100.0
18659;1068PA;1068PA;22;100.0;100.0;100;100;G4;1443;0.0;86.36
18661;1068PB;1068PB;22;100.0;100.0;100;100;G4;1205;0.0;68.18
18663;1068PC;1068PC;11;100.0;100.0;100;100;G4;1713;0.0;100.0
18665;1068PD;1068PD;22;100.0;100.0;100;100;G4;1391;0.0;100.0
18667;1068PH;1068PH;54;100.0;100.0;100;100;G4;759;0.0;0.0
18669;1068PJ;1068PJ;76;100.0;100.0;100;99;G4;1365;0.0;0.0
18671;1068PK;1068PK;34;100.0;100.0;100;100;G4;968;0.0;0.0
18673;1068PL;1068PL;39;100.0;100.0;100;100;G4;989;0.0;2.56
18675;1068PM;1068PM;169;100.0;99.41;100;99;G4;775;0.0;2.96
18677;1068PN;1068PN;26;100.0;100.0;100;100;G4;845;0.0;0.0
18679;1068PP;1068PP;15;100.0;100.0;100;100;G4;1204;0.0;0.0
18681;1068PR;1068RA;15;100.0;100.0;100;93;G4;1162;0.0;0.0
18683;1068RB;1068RB;14;100.0;100.0;100;100;G4;1449;0.0;0.0
18685;1068RC;1068RC;21;100.0;100.0;100;100;G4;973;0.0;0.0
18687;1068RD;1068RD;21;100.0;100.0;100;100;G4;843;0.0;0.0
18689;1068RE;1068RE;24;100.0;100.0;100;100;G4;812;0.0;0.0
18691;1068RG;1068RG;21;100.0;100.0;100;100;G4;833;0.0;0.0
18693;1068RH;1068RH;31;100.0;96.77;100;100;G4;679;0.0;0.0
18695;1068RJ;1068RJ;25;100.0;100.0;100;100;G4;808;0.0;0.0
18697;1068RK;1068RK;42;100.0;100.0;100;100;G4;783;0.0;7.14
18699;1068RL;1068RL;43;100.0;100.0;100;100;G4;723;0.0;13.95
18701;1068RM;1068RM;43;100.0;100.0;100;98;G4;939;0.0;0.0
18703;1068RN;1068RN;35;100.0;100.0;100;100;G4;1108;0.0;0.0
18705;1068RP;1068RP;34;100.0;100.0;100;100;G4;1046;0.0;0.0
18707;1068RR;1068RR;14;100.0;100.0;100;100;G4;1443;0.0;0.0
18709;1068RS;1068RS;21;100.0;95.24;100;100;G4;799;0.0;0.0
18711;1068RT;1068RV;27;100.0;100.0;100;100;G4;799;0.0;0.0
18713;1068RW;1068RW;24;100.0;100.0;100;100;G4;912;0.0;0.0
18715;1068RX;1068RX;23;100.0;95.65;100;100;G4;706;0.0;0.0
18717;1068RZ;1068RZ;21;100.0;100.0;100;100;G4;790;0.0;0.0
18719;1068SB;1068SB;37;100.0;100.0;100;100;G4;941;0.0;0.0
18721;1068SC;1068SC;25;100.0;96.0;100;100;G4;700;0.0;0.0
18723;1068SE;1068SE;18;100.0;100.0;100;100;G4;848;0.0;94.44
18725;1068SG;1068SG;19;100.0;100.0;100;100;G4;1017;0.0;100.0
18727;1068SH;1068SH;33;100.0;100.0;100;100;G4;742;0.0;100.0
18729;1068SJ;1068SJ;36;100.0;100.0;100;94;G4;1279;0.0;97.22
18731;1068SK;1068SK;27;100.0;100.0;100;100;G4;777;0.0;88.89
18733;1068SL;1068SL;33;100.0;100.0;100;100;G4;914;0.0;3.03
18735;1068SM;1068SM;33;100.0;100.0;100;100;G4;960;0.0;0.0
18737;1068SN;1068SN;30;100.0;100.0;100;100;G4;870;0.0;93.33
18739;1068SP;1068SP;16;100.0;100.0;100;88;G4;1774;0.0;6.25
18741;1068SR;1068SR;11;100.0;100.0;100;100;G4;1439;0.0;9.09
18743;1068ST;1068ST;19;100.0;100.0;100;100;G4;771;0.0;5.26
18745;1068SV;1068SW;15;100.0;100.0;100;100;G4;994;0.0;0.0
18747;1068SX;1068SX;16;100.0;100.0;100;100;G4;877;0.0;0.0
18749;1068SZ;1068SZ;35;100.0;100.0;100;97;G4;2267;0.0;2.86
18751;1068TA;1068TB;69;100.0;100.0;100;97;G4;914;0.0;2.9
18753;1068TC;1068TC;45;100.0;95.56;100;91;G4;1729;0.0;4.44
18755;1068TD;1068TD;64;100.0;100.0;100;89;G4;763;0.0;1.56
18757;1068VM;1068VM;130;100.0;100.0;100;100;G4;924;0.0;1.54
18759;1068VN;1068VN;151;100.0;100.0;100;99;G4;905;0.0;1.32
18761;1068VP;1068VP;21;100.0;100.0;100;100;G4;1401;0.0;100.0
18763;1068VR;1068VR;21;100.0;100.0;100;100;G4;1385;0.0;95.24
18765;1068VS;1068VS;21;100.0;100.0;100;100;G4;1320;0.0;95.24
18767;1068VT;1068VT;21;100.0;100.0;100;100;G4;1320;0.0;90.48
18769;1068VV;1068VV;22;100.0;100.0;100;100;G4;1391;0.0;90.91
18771;1068VW;1068VW;24;100.0;100.0;100;100;G4;1510;0.0;91.67
18773;1068VX;1068VX;24;100.0;100.0;100;100;G4;1601;0.0;100.0
18775;1068VZ;1068VZ;22;100.0;100.0;100;95;G4;1335;0.0;81.82
18777;1068WB;1068WB;22;100.0;100.0;100;100;G4;1472;0.0;86.36
18779;1068WC;1068WC;22;100.0;100.0;100;100;G4;1632;0.0;77.27
18781;1068WD;1068WD;22;100.0;100.0;100;100;G4;1706;0.0;100.0
18783;1068WE;1068WE;24;100.0;100.0;100;100;G4;1307;0.0;100.0
18785;1068WG;1068WG;24;100.0;100.0;100;100;G4;1283;0.0;100.0
18787;1068WH;1068WH;22;100.0;100.0;100;100;G4;1336;0.0;100.0
18789;1068WJ;1068WJ;22;100.0;100.0;100;100;G4;1296;0.0;100.0
18791;1068WK;1068WK;23;100.0;95.65;100;100;G4;1264;0.0;95.65
18793;1068WL;1068WL;13;100.0;92.31;100;100;G4;142;0.0;0.0
18795;1068WN;1068WN;17;100.0;94.12;100;100;G4;176;0.0;5.88
18797;1068WP;1068WP;15;100.0;93.33;100;100;G4;164;0.0;0.0
18799;1068WR;1068WR;15;100.0;100.0;100;100;G4;71;0.0;0.0
18801;1068WS;1068WS;14;100.0;85.71;100;93;G4;388;0.0;0.0
18803;1068WT;1068WT;16;100.0;100.0;100;100;G4;58;0.0;0.0
18805;1068WV;1068WV;17;100.0;94.12;100;94;G4;153;0.0;0.0
18807;1068WX;1068WX;14;100.0;100.0;100;100;G4;149;0.0;0.0
18809;1068WZ;1068WZ;16;100.0;100.0;100;100;G4;681;0.0;0.0
18811;1068XA;1068XA;11;100.0;81.82;100;91;G4;56;0.0;0.0
18813;1068XB;1068XB;21;100.0;100.0;100;95;G4;190;0.0;9.52
18815;1068XC;1068XC;20;100.0;100.0;100;100;G4;616;0.0;5.0
18817;1068XD;1068XD;20;100.0;100.0;100;100;G4;42;0.0;5.0
18819;1068XE;1068XE;20;100.0;100.0;100;100;G4;30;0.0;5.0
18821;1068XG;1068XG;20;100.0;100.0;100;100;G4;53;0.0;5.0
18823;1068XH;1068XH;20;100.0;100.0;100;100;G4;37;0.0;5.0
18825;1068XJ;1068XJ;20;100.0;95.0;100;100;G4;76;0.0;5.0
18827;1068XK;1068XK;20;100.0;100.0;100;100;G4;26;0.0;0.0
18829;1068XL;1068XL;18;100.0;100.0;100;100;G4;21;0.0;5.56
18831;1068XM;1068XM;21;100.0;100.0;100;100;G4;35;0.0;4.76
18833;1068XN;1068XN;20;100.0;95.0;100;100;G4;17;0.0;0.0
18835;1068XP;1068XP;22;100.0;81.82;100;100;G4;163;0.0;0.0
18837;1068XR;1068XR;20;100.0;100.0;100;100;G4;19;0.0;0.0
18839;1068XS;1068XS;19;100.0;100.0;100;100;G4;24;0.0;0.0
18841;1068XT;1068XT;20;100.0;100.0;100;100;G4;26;0.0;0.0
18843;1068XV;1068XV;18;100.0;100.0;100;100;G4;29;0.0;0.0
18845;1068XW;1068XW;20;100.0;100.0;100;100;G4;20;0.0;0.0
18847;1068XX;1068XX;20;100.0;100.0;100;100;G4;25;0.0;0.0
18849;1068XZ;1068XZ;20;100.0;95.0;100;100;G4;66;0.0;0.0
18851;1068ZA;1068ZA;20;100.0;100.0;100;100;G4;39;0.0;0.0
18853;1068ZB;1068ZB;20;100.0;95.0;100;100;G4;23;0.0;5.0
18855;1068ZC;1068ZC;20;100.0;100.0;100;100;G4;30;0.0;0.0
18857;1068ZD;1068ZD;20;100.0;100.0;100;100;G4;65;0.0;0.0
18859;1068ZE;1068ZE;20;100.0;95.0;100;100;G4;30;0.0;0.0
18861;1068ZG;1068ZG;20;100.0;95.0;100;100;G4;38;0.0;0.0
18863;1068ZH;1068ZH;20;100.0;100.0;100;100;G4;26;0.0;0.0
18865;1068ZJ;1068ZJ;20;100.0;90.0;100;100;G4;29;0.0;0.0
18868;1068ZL;1069AA;29;100.0;3.45;100;93;G4;2702;0.0;0.0
18881;1069AB;1069AB;28;100.0;64.29;100;100;G4;1070;0.0;0.0
18883;1069AC;1069AC;27;100.0;100.0;100;100;G4;977;0.0;0.0
18885;1069AD;1069AD;27;100.0;100.0;100;100;G4;920;0.0;0.0
18887;1069AE;1069AE;167;100.0;100.0;100;99;G4;979;0.0;0.0
18889;1069AG;1069AG;18;100.0;100.0;100;100;G4;1005;0.0;0.0
18891;1069AH;1069AH;20;100.0;0.0;100;95;G4;1350;0.0;0.0
18893;1069AJ;1069AJ;20;100.0;10.0;100;95;G4;1347;0.0;0.0
18895;1069AK;1069AK;27;100.0;0.0;100;100;G4;549;0.0;0.0
18897;1069AL;1069AL;28;100.0;0.0;100;68;G4;558;0.0;0.0
18899;1069AM;1069AM;27;100.0;0.0;100;96;G6;310;0.0;0.0
18901;1069AR;1069AR;27;100.0;0.0;100;100;G4;470;0.0;0.0
18903;1069AS;1069AS;27;100.0;0.0;100;70;G4;434;0.0;0.0
18905;1069AT;1069AT;180;100.0;20.0;100;84;G4;745;0.0;0.0
18907;1069BB;1069BB;18;100.0;100.0;100;100;G4;928;0.0;5.56
18909;1069BC;1069BC;18;100.0;100.0;100;100;G4;877;0.0;0.0
18911;1069BD;1069BD;27;100.0;96.3;100;100;G4;646;0.0;0.0
18913;1069BE;1069BE;27;100.0;96.3;100;100;G4;780;0.0;3.7
18915;1069BG;1069BG;27;100.0;100.0;100;100;G4;705;0.0;0.0
18917;1069BH;1069BH;18;100.0;100.0;100;100;G4;1001;0.0;0.0
18919;1069BJ;1069BJ;18;100.0;100.0;100;100;G4;1110;0.0;0.0
18921;1069BK;1069BK;27;100.0;100.0;100;100;G4;884;0.0;0.0
18923;1069BL;1069BL;27;100.0;100.0;100;100;G4;946;0.0;0.0
18925;1069BM;1069BM;27;100.0;100.0;100;100;G4;755;0.0;0.0
18927;1069BN;1069BN;18;100.0;100.0;100;100;G4;940;0.0;0.0
18929;1069BP;1069BP;18;100.0;100.0;100;100;G4;1816;0.0;0.0
18931;1069BR;1069BR;27;100.0;100.0;100;100;G4;880;0.0;0.0
18933;1069BS;1069BS;27;100.0;100.0;100;100;G4;892;0.0;0.0
18935;1069BT;1069BT;27;100.0;100.0;100;100;G4;776;0.0;0.0
18937;1069BV;1069BV;27;100.0;100.0;100;100;G4;764;0.0;0.0
18939;1069BW;1069BX;111;100.0;100.0;100;99;G4;1037;0.0;0.0
18941;1069BZ;1069CC;44;100.0;90.91;100;64;G4;3531;0.0;4.55
18943;1069CD;1069CD;31;100.0;80.65;100;74;G4;3145;0.0;0.0
18945;1069CE;1069CE;12;100.0;100.0;100;83;G4;2855;0.0;0.0
18947;1069CG;1069CG;11;100.0;36.36;100;45;G4;6346;0.0;0.0
18950;1069CJ;1069CW;51;100.0;94.12;100;94;G4;792;0.0;0.0
18955;1069CX;1069CX;24;100.0;100.0;100;100;G4;1362;0.0;100.0
18957;1069CZ;1069CZ;24;100.0;100.0;100;100;G4;1306;0.0;100.0
18959;1069DA;1069DA;19;100.0;100.0;100;100;G4;1174;0.0;0.0
18961;1069DG;1069DG;35;100.0;100.0;100;100;G4;944;0.0;28.57
18963;1069DH;1069DH;30;100.0;93.33;100;97;G4;935;0.0;3.33
18965;1069DJ;1069DJ;28;100.0;92.86;100;96;G4;938;0.0;0.0
18967;1069DK;1069DK;22;100.0;100.0;100;100;G4;995;0.0;0.0
18969;1069DL;1069DL;22;100.0;100.0;100;100;G4;896;0.0;0.0
18971;1069DM;1069DM;40;100.0;100.0;100;98;G4;707;0.0;0.0
18973;1069DN;1069DN;12;100.0;91.67;100;75;G4;2157;0.0;8.33
18975;1069DP;1069DP;40;100.0;100.0;100;100;G4;774;0.0;0.0
18977;1069DR;1069DR;30;100.0;96.67;100;87;G4;1237;0.0;0.0
18979;1069DS;1069DS;14;100.0;64.29;100;71;G4;2609;0.0;0.0
18981;1069DT;1069DT;22;100.0;100.0;100;100;G4;109;0.0;0.0
18983;1069DV;1069DV;22;100.0;100.0;100;100;G4;108;0.0;0.0
18985;1069DW;1069DW;22;100.0;100.0;100;100;G4;87;0.0;0.0
18987;1069DX;1069DX;22;100.0;90.91;100;95;G4;361;0.0;0.0
18989;1069EA;1069EB;16;100.0;93.75;100;94;G4;2022;0.0;12.5
18991;1069EC;1069EC;112;100.0;95.54;100;97;G4;171;0.0;91.96
18993;1069ED;1069ED;114;100.0;99.12;100;100;G4;215;0.0;89.47
18995;1069EE;1069EE;108;100.0;94.44;100;99;G4;137;0.0;80.56
18997;1069EG;1069EG;108;100.0;94.44;100;98;G4;355;0.0;89.81
18999;1069EH;1069EH;111;100.0;97.3;100;99;G4;140;0.0;91.89
19001;1069EJ;1069EJ;11;100.0;100.0;100;91;G4;1172;0.0;54.55
19003;1069EK;1069EK;22;100.0;100.0;100;100;G4;42;0.0;0.0
19005;1069EL;1069EL;23;100.0;100.0;100;100;G4;31;0.0;0.0
19007;1069EM;1069EM;22;100.0;95.45;100;100;G4;36;0.0;0.0
19009;1069EN;1069EN;20;100.0;100.0;100;100;G4;757;0.0;0.0
19011;1069EP;1069ER;30;100.0;100.0;100;100;G4;171;0.0;6.67
19013;1069ES;1069ES;22;100.0;86.36;100;95;G4;272;0.0;4.55
19015;1069ET;1069ET;23;100.0;95.65;100;100;G4;38;0.0;4.35
19017;1069EV;1069EV;23;100.0;91.3;100;100;G4;25;0.0;0.0
19019;1069EW;1069EW;25;100.0;92.0;100;88;G4;2019;0.0;0.0
19021;1069EX;1069EX;14;100.0;100.0;100;100;G4;1769;0.0;92.86
19023;1069EZ;1069GA;427;100.0;99.77;100;100;G4;859;0.0;2.34
19026;1069GB;1069GB;17;100.0;94.12;100;100;G4;54;0.0;0.0
19028;1069GC;1069GC;20;100.0;100.0;100;100;G4;120;0.0;10.0
19030;1069GD;1069GD;15;100.0;100.0;100;100;G4;52;0.0;0.0
19032;1069GE;1069GE;51;100.0;100.0;100;100;G4;817;0.0;5.88
19034;1069GG;1069GG;83;100.0;97.59;100;76;G4;400;0.0;2.41
19036;1069GH;1069GH;14;100.0;100.0;100;100;G4;1612;0.0;0.0
19038;1069GJ;1069GK;21;100.0;100.0;100;100;G4;1885;0.0;4.76
19040;1069GL;1069GL;13;100.0;100.0;100;100;G4;1548;0.0;0.0
19046;1069GS;1069GS;19;100.0;100.0;100;100;G4;1617;0.0;0.0
19048;1069GT;1069GT;19;100.0;100.0;100;100;G4;1462;0.0;0.0
19050;1069GV;1069GV;45;100.0;82.22;100;82;G4;516;0.0;2.22
19052;1069GZ;1069GZ;77;100.0;89.61;100;90;G4;808;0.0;0.0
19054;1069HB;1069HB;32;100.0;96.88;100;100;G4;995;0.0;0.0
19056;1069HD;1069HD;100;100.0;98.0;100;98;G4;1519;0.0;2.0
19058;1069HK;1069HK;52;100.0;96.15;100;98;G4;74;0.0;0.0
19060;1069HM;1069HM;62;100.0;100.0;100;100;G4;989;0.0;1.61
19062;1069HN;1069HN;67;100.0;100.0;100;99;G4;1340;0.0;0.0
19064;1069HP;1069HP;39;100.0;100.0;100;100;G4;842;0.0;0.0
19065;1069HR;1069HT;43;100.0;97.67;100;95;G4;1116;0.0;4.65
19068;1069HV;1069HV;58;100.0;100.0;100;100;G4;806;0.0;0.0
19070;1069HX;1069HX;27;100.0;100.0;100;100;G4;1524;0.0;0.0
19072;1069HZ;1069HZ;27;100.0;92.59;100;100;G4;1406;0.0;3.7
19074;1069JA;1069JA;19;100.0;94.74;100;100;G4;1700;0.0;0.0
19076;1069JC;1069JC;30;100.0;100.0;100;97;G4;919;0.0;0.0
19086;1069JR;1069JR;28;100.0;100.0;100;93;G4;2198;0.0;0.0
19089;1069JT;1069JT;21;100.0;100.0;100;100;G4;648;0.0;0.0
19095;1069KA;1069KA;66;100.0;86.36;100;86;G4;1079;0.0;0.0
19096;1069KB;1069KB;29;100.0;96.55;100;100;G4;1280;0.0;0.0
19100;1069KD;1069KD;169;100.0;95.86;100;96;G4;932;0.0;1.78
19102;1069KE;1069KE;172;100.0;96.51;100;96;G4;864;0.0;1.74
19104;1069KG;1069KG;38;100.0;94.74;100;97;G4;1218;0.0;2.63
19106;1069KH;1069KJ;52;100.0;100.0;100;100;G4;1014;0.0;1.92
19115;1069KS;1069KS;50;100.0;100.0;100;100;G4;1075;0.0;0.0
19118;1069KV;1069KV;68;100.0;97.06;100;100;G4;704;0.0;0.0
19119;1069KW;1069KW;86;100.0;100.0;100;99;G4;928;0.0;2.33
19124;1069LA;1069LA;133;100.0;98.5;100;96;G4;1119;0.0;0.75
19126;1069LB;1069LB;14;100.0;100.0;100;100;G4;33;0.0;0.0
19128;1069LC;1069LC;16;100.0;100.0;100;100;G4;26;0.0;0.0
19130;1069LD;1069LD;18;100.0;100.0;100;100;G4;25;0.0;0.0
19132;1069LE;1069LE;17;100.0;94.12;100;94;G4;25;0.0;0.0
19134;1069LG;1069LG;16;100.0;100.0;100;100;G4;32;0.0;0.0
19136;1069LH;1069LH;21;100.0;100.0;100;95;G4;1726;0.0;0.0
19138;1069LK;1069LK;114;100.0;100.0;100;100;G4;892;0.0;1.75
19140;1069LL;1069LN;42;100.0;95.24;100;86;G4;3193;0.0;7.14
19143;1069LR;1069LW;72;100.0;97.22;100;85;G4;2180;0.0;1.39
19146;1069MC;1069MC;13;100.0;100.0;100;100;G4;2261;0.0;15.38
19148;1069MD;1069MD;12;100.0;91.67;100;50;G4;2131;0.0;25.0
19150;1069ME;1069ME;16;100.0;100.0;100;81;G4;2193;0.0;0.0
19152;1069MG;1069MG;11;100.0;100.0;100;100;G4;2641;0.0;0.0
19154;1069MH;1069MH;12;100.0;91.67;100;75;G4;2309;0.0;0.0
19156;1069MJ;1069MK;22;100.0;100.0;100;73;G4;2623;0.0;18.18
19158;1069ML;1069MP;31;100.0;32.26;100;97;G4;1251;0.0;12.9
19161;1069MR;1069MR;29;100.0;3.45;100;100;G4;1111;0.0;0.0
19163;1069MS;1069MS;18;100.0;100.0;100;100;G4;968;0.0;0.0
19165;1069MT;1069MT;27;100.0;100.0;100;100;G4;905;0.0;0.0
19167;1069MV;1069MV;18;100.0;100.0;100;100;G4;905;0.0;0.0
19169;1069MX;1069MX;27;100.0;100.0;100;100;G4;967;0.0;0.0
19172;1069NB;1069NB;79;100.0;100.0;100;96;G4;1314;0.0;2.53
19174;1069NC;1069NC;64;100.0;100.0;100;100;G4;1170;0.0;1.56
19176;1069ND;1069ND;68;100.0;100.0;100;100;G4;923;0.0;0.0
19178;1069NE;1069NE;52;100.0;100.0;100;100;G4;1136;0.0;0.0
19180;1069NG;1069NG;16;100.0;100.0;100;100;G4;1335;0.0;6.25
19182;1069NH;1069NH;31;100.0;100.0;100;100;G4;1269;0.0;0.0
19184;1069NJ;1069NJ;34;100.0;100.0;100;100;G4;1355;0.0;2.94
19186;1069NK;1069NK;58;100.0;100.0;100;100;G4;1169;0.0;0.0
19188;1069NL;1069NL;36;100.0;100.0;100;100;G4;1260;0.0;5.56
19190;1069NM;1069NM;32;100.0;100.0;100;100;G4;1130;0.0;0.0
19192;1069NN;1069NN;16;100.0;100.0;100;100;G4;980;0.0;0.0
19194;1069NP;1069NP;36;100.0;100.0;100;100;G4;1287;0.0;0.0
19196;1069NR;1069NR;38;100.0;100.0;100;100;G4;1057;0.0;2.63
19198;1069NS;1069NS;21;100.0;100.0;100;100;G4;1222;0.0;0.0
19200;1069NT;1069NT;56;100.0;100.0;100;100;G4;1182;0.0;0.0
19202;1069NV;1069NV;16;100.0;100.0;100;100;G4;1382;0.0;0.0
19204;1069NW;1069NW;28;100.0;100.0;100;100;G4;1032;0.0;0.0
19206;1069NX;1069NX;16;100.0;100.0;100;100;G4;1454;0.0;0.0
19208;1069NZ;1069NZ;28;100.0;100.0;100;100;G4;1067;0.0;0.0
19210;1069PA;1069PA;22;100.0;100.0;100;100;G4;1390;0.0;0.0
19212;1069PB;1069PB;56;100.0;100.0;100;100;G4;1095;0.0;0.0
19214;1069PC;1069PD;37;100.0;100.0;100;97;G4;1728;0.0;5.41
19216;1069PE;1069PE;52;100.0;100.0;100;98;G4;1085;0.0;0.0
19218;1069PG;1069PG;38;100.0;100.0;100;100;G4;1270;0.0;2.63
19220;1069PH;1069PH;20;100.0;100.0;100;100;G4;1046;0.0;0.0
19222;1069PJ;1069PJ;36;100.0;100.0;100;97;G4;1212;0.0;0.0
19224;1069PK;1069PK;48;100.0;100.0;100;98;G4;1054;0.0;2.08
19226;1069PL;1069PL;36;100.0;100.0;100;100;G4;1314;0.0;0.0
19228;1069PM;1069PM;48;100.0;100.0;100;100;G4;1182;0.0;2.08
19230;1069PN;1069PN;16;100.0;100.0;100;100;G4;1471;0.0;0.0
19232;1069PP;1069PP;24;100.0;100.0;100;100;G4;1126;0.0;4.17
19234;1069PR;1069PR;90;100.0;100.0;100;100;G4;1173;0.0;0.0
19236;1069PS;1069PS;90;100.0;100.0;100;100;G4;1028;0.0;2.22
19238;1069PT;1069PT;33;100.0;100.0;100;97;G4;2288;0.0;0.0
19240;1069PV;1069PV;32;100.0;100.0;100;100;G4;1088;0.0;6.25
19242;1069PW;1069PW;32;100.0;100.0;100;100;G4;1024;0.0;3.13
19244;1069PX;1069PX;74;100.0;100.0;100;100;G4;960;0.0;1.35
19246;1069RA;1069RA;56;100.0;100.0;100;100;G4;883;0.0;1.79
19248;1069RB;1069RB;21;100.0;100.0;100;100;G4;738;0.0;0.0
19250;1069RC;1069RC;35;100.0;100.0;100;100;G4;943;0.0;2.86
19252;1069RD;1069RD;21;100.0;95.24;100;100;G4;848;0.0;4.76
19254;1069RE;1069RE;85;100.0;100.0;100;98;G4;817;0.0;1.18
19256;1069RG;1069RG;35;100.0;100.0;100;100;G4;824;0.0;0.0
19258;1069RH;1069RH;36;100.0;88.89;100;100;G4;1068;0.0;2.78
19260;1069RJ;1069RJ;35;100.0;100.0;100;100;G4;999;0.0;2.86
19263;1069RL;1069RL;70;100.0;98.57;100;100;G4;847;0.0;1.43
19265;1069RM;1069RM;30;100.0;100.0;100;80;G6;1598;0.0;93.33
19267;1069RN;1069RN;57;100.0;96.49;100;98;G4;806;0.0;3.51
19269;1069RR;1069RR;98;100.0;100.0;100;100;G4;850;0.0;3.06
19270;1069RS;1069RS;187;100.0;98.93;100;100;G4;880;0.0;0.0
19273;1069RT;1069RT;80;100.0;100.0;100;100;G4;791;0.0;6.25
19275;1069RV;1069RV;39;100.0;56.41;100;56;G4;1251;0.0;0.0
19277;1069RW;1069RW;18;100.0;0.0;100;94;G6;1147;0.0;0.0
19279;1069RX;1069RX;18;100.0;0.0;100;94;G6;1167;0.0;0.0
19281;1069RZ;1069SC;125;100.0;92.0;100;92;G4;977;0.0;2.4
19284;1069SE;1069SE;91;100.0;100.0;100;100;G4;843;0.0;2.2
19286;1069SG;1069SG;51;100.0;98.04;100;100;G4;850;0.0;0.0
19288;1069SH;1069SH;24;100.0;95.83;100;96;G4;1331;0.0;0.0
19291;1069SK;1069SK;15;100.0;0.0;100;100;OBK;972;0.0;0.0
19294;1069SR;1069SR;118;100.0;54.24;100;54;G4;1104;0.0;0.85
19296;1069ST;1069SZ;33;100.0;63.64;100;70;G4;1108;0.0;0.0
19303;1069TC;1069TR;129;100.0;83.72;100;89;G4;207;0.0;78.29
19316;1069TS;1069TS;115;100.0;97.39;100;99;G4;66;0.0;90.43
19318;1069TT;1069TT;18;100.0;100.0;100;100;G4;1286;0.0;0.0
19320;1069TW;1069TW;20;100.0;70.0;100;100;G4;995;0.0;0.0
19322;1069TX;1069TX;11;100.0;100.0;100;100;G4;1335;0.0;0.0
19324;1069TZ;1069TZ;14;100.0;92.86;100;93;G4;2697;0.0;0.0
19326;1069VA;1069VA;12;100.0;100.0;100;100;G4;1370;0.0;0.0
19328;1069VB;1069VC;26;100.0;76.92;100;100;G4;1176;0.0;0.0
19330;1069VD;1069VD;11;100.0;100.0;100;100;G4;1306;0.0;0.0
19332;1069VE;1069VE;18;100.0;100.0;100;100;G4;1317;0.0;27.78
19334;1069VG;1069VG;19;100.0;68.42;100;100;G4;1301;0.0;0.0
19336;1069VH;1069VH;12;100.0;100.0;100;100;G4;1021;0.0;8.33
19338;1069VJ;1069VJ;18;100.0;100.0;100;100;G4;1535;0.0;27.78
19340;1069VK;1069VK;19;100.0;68.42;100;100;G4;1144;0.0;0.0
19342;1069VL;1069VL;12;100.0;100.0;100;100;G4;1573;0.0;8.33
19344;1069VM;1069VM;20;100.0;100.0;100;95;G4;2190;0.0;15.0
19346;1069VN;1069VN;20;100.0;100.0;100;100;G4;1555;0.0;5.0
19348;1069VP;1069VR;20;100.0;100.0;100;100;G4;1284;0.0;0.0
19350;1069VS;1069VS;13;100.0;100.0;100;100;G4;1486;0.0;0.0
19352;1069VT;1069VT;14;100.0;92.86;100;93;G4;1282;0.0;0.0
19354;1069VV;1069VV;13;100.0;100.0;100;92;G4;1702;0.0;0.0
19356;1069VW;1069VW;38;100.0;100.0;100;100;G4;1307;0.0;0.0
19358;1069VX;1069VX;27;100.0;100.0;100;100;G4;1473;0.0;0.0
19360;1069VZ;1069VZ;20;100.0;70.0;100;100;G4;1066;0.0;0.0
19362;1069WB;1069WB;13;100.0;100.0;100;100;G4;1407;0.0;0.0
19364;1069WC;1069WC;20;100.0;70.0;100;100;G4;1011;0.0;5.0
19366;1069WD;1069WD;13;100.0;100.0;100;100;G4;1285;0.0;0.0
19368;1069WE;1069WE;16;100.0;100.0;100;100;G4;819;0.0;0.0
19370;1069WG;1069WG;28;100.0;100.0;100;96;G4;1438;0.0;0.0
19372;1069WH;1069WH;27;100.0;100.0;100;100;G4;978;0.0;0.0
19374;1069WJ;1069WJ;27;100.0;100.0;100;100;G4;1384;0.0;0.0
19376;1069WK;1069WL;27;100.0;96.3;100;93;G4;1599;0.0;0.0
19378;1069WN;1069WN;24;100.0;100.0;100;100;G4;821;0.0;0.0
19380;1069WP;1069WP;25;100.0;96.0;100;92;G4;2081;0.0;0.0
19382;1069WR;1069WR;14;100.0;100.0;100;100;G4;1284;0.0;0.0
19384;1069WS;1069WS;28;100.0;100.0;100;100;G4;1011;0.0;0.0
19386;1069WT;1069WT;27;100.0;100.0;100;100;G4;904;0.0;0.0
19388;1069WV;1069WV;27;100.0;100.0;100;100;G4;1020;0.0;0.0
19390;1069WX;1069WX;27;100.0;100.0;100;100;G4;1115;0.0;0.0
19392;1069WZ;1069WZ;27;100.0;7.41;100;100;G4;765;0.0;0.0
19394;1069XA;1069XA;27;100.0;0.0;100;100;G4;1026;0.0;0.0
19396;1069XB;1069XB;26;100.0;0.0;100;100;G4;923;0.0;0.0
19398;1069XC;1069XC;27;100.0;0.0;100;100;G4;711;0.0;0.0
19400;1069XD;1069XD;27;100.0;0.0;100;100;G4;908;0.0;0.0
19402;1069XE;1069XE;27;100.0;0.0;100;100;G4;852;0.0;0.0
19404;1069XG;1069XG;24;100.0;100.0;100;100;G4;1317;0.0;66.67
19406;1069XH;1069XH;24;100.0;100.0;100;100;G4;1108;0.0;66.67
19408;1069XJ;1069XJ;17;100.0;100.0;100;94;G4;1633;0.0;88.24
19410;1069XK;1069XK;24;100.0;100.0;100;100;G4;1327;0.0;100.0
19412;1069XL;1069XL;16;100.0;100.0;100;100;G4;1274;0.0;93.75
19414;1069XM;1069XM;24;100.0;100.0;100;100;G4;1307;0.0;100.0
19416;1069XN;1069XN;22;100.0;100.0;100;100;G4;1131;0.0;90.91
19418;1069XP;1069XP;22;100.0;100.0;100;100;G4;1244;0.0;90.91
19420;1069XR;1069XR;24;100.0;100.0;100;100;G4;1355;0.0;100.0
19422;1069XS;1069XS;22;100.0;100.0;100;100;G4;1273;0.0;63.64
19424;1069XT;1069XT;24;100.0;100.0;100;100;G4;1223;0.0;66.67
19426;1069XV;1069XV;22;100.0;100.0;100;100;G4;1159;0.0;63.64
19428;1069XW;1069XW;16;100.0;100.0;100;100;G4;1272;0.0;50.0
19430;1069XX;1069XX;24;100.0;100.0;100;100;G4;1179;0.0;91.67
19432;1069XZ;1069XZ;24;100.0;100.0;100;100;G4;1341;0.0;66.67
19434;1069ZA;1069ZA;17;100.0;100.0;100;94;G4;1539;0.0;47.06
19436;1069ZB;1069ZB;24;100.0;100.0;100;100;G4;1253;0.0;100.0
19438;1069ZC;1069ZC;16;100.0;100.0;100;100;G4;1320;0.0;100.0
19440;1069ZD;1069ZD;24;100.0;100.0;100;100;G4;1387;0.0;66.67
19442;1069ZE;1069ZE;24;100.0;100.0;100;100;G4;1203;0.0;33.33
19444;1069ZG;1069ZG;24;100.0;100.0;100;100;G4;1330;0.0;66.67
19446;1069ZH;1069ZH;17;100.0;100.0;100;94;G4;1717;0.0;47.06
19448;1069ZJ;1069ZJ;24;100.0;100.0;100;100;G4;1193;0.0;100.0
19450;1069ZK;1069ZK;24;100.0;100.0;100;100;G4;1483;0.0;95.83
19452;1069ZL;1069ZL;19;100.0;100.0;100;100;G4;1158;0.0;52.63
19454;1069ZM;1069ZM;24;100.0;100.0;100;100;G4;1370;0.0;100.0
19456;1069ZN;1069ZN;16;100.0;100.0;100;100;G4;1081;0.0;50.0
19458;1069ZP;1069ZP;25;100.0;96.0;100;100;G4;1359;0.0;64.0
19460;1069ZR;1069ZR;78;100.0;96.15;100;95;G4;1282;0.0;2.56
19462;1069ZS;1069ZW;34;100.0;0.0;100;82;G4;970;0.0;0.0
19467;1069ZX;1069ZX;27;100.0;0.0;100;100;G4;857;0.0;0.0
19469;1069ZZ;1069ZZ;27;100.0;100.0;100;100;G4;783;0.0;0.0
19471;1071AA;1071AB;24;100.0;83.33;100;58;G4;3753;0.0;8.33
19474;1071AC;1071AC;15;100.0;93.33;100;73;G6;4372;0.0;33.33
19476;1071AD;1071AE;20;100.0;100.0;100;70;G4;2598;0.0;15.0
19479;1071AG;1071AG;14;100.0;100.0;100;57;G4;2909;0.0;14.29
19481;1071AH;1071AH;14;100.0;100.0;100;64;G4;2161;0.0;0.0
19483;1071AJ;1071AJ;12;100.0;75.0;100;75;G6;4466;0.0;0.0
19485;1071AK;1071AK;42;100.0;97.62;100;88;G4;2711;0.0;2.38
19487;1071AL;1071AL;13;100.0;92.31;100;69;G4;1461;0.0;15.38
19489;1071AM;1071AM;13;100.0;84.62;100;92;G4;2267;0.0;53.85
19491;1071AN;1071AP;27;100.0;92.59;100;67;G4;3488;0.0;14.81
19494;1071AR;1071AR;23;100.0;100.0;100;65;G4;1691;0.0;0.0
19496;1071AS;1071AS;21;100.0;100.0;100;57;G4;2260;0.0;14.29
19498;1071AT;1071AT;24;100.0;100.0;100;92;G4;1354;0.0;8.33
19500;1071AV;1071AV;14;100.0;100.0;100;79;G4;1544;0.0;28.57
19502;1071AW;1071AW;19;100.0;84.21;100;74;G4;2097;0.0;73.68
19504;1071AX;1071AX;24;100.0;100.0;100;75;G4;1945;0.0;0.0
19506;1071AZ;1071AZ;12;100.0;100.0;100;75;G4;2049;0.0;8.33
19508;1071BA;1071BA;25;100.0;92.0;100;64;G4;2486;0.0;12.0
19510;1071BB;1071BB;19;100.0;100.0;100;53;G4;4430;0.0;5.26
19512;1071BC;1071BC;23;100.0;95.65;100;70;G4;1931;0.0;0.0
19514;1071BD;1071BD;23;100.0;100.0;100;78;G4;2623;0.0;8.7
19516;1071BE;1071BE;13;100.0;100.0;100;54;G4;3122;0.0;7.69
19518;1071BG;1071BG;24;100.0;91.67;100;71;G4;2383;0.0;8.33
19520;1071BH;1071BH;22;100.0;100.0;100;86;G4;1299;0.0;0.0
19522;1071BJ;1071BJ;28;100.0;100.0;100;64;G4;4007;0.0;10.71
19524;1071BK;1071BL;28;100.0;89.29;100;61;G4;2615;0.0;14.29
19526;1071BM;1071BM;27;100.0;96.3;100;89;G4;1194;0.0;3.7
19528;1071BN;1071BN;26;100.0;96.15;100;73;G4;1687;0.0;0.0
19530;1071BP;1071BP;27;100.0;74.07;100;70;G4;2476;0.0;0.0
19532;1071BR;1071BR;29;100.0;96.55;100;97;G4;1773;0.0;44.83
19534;1071BS;1071BS;22;100.0;90.91;100;77;G4;1762;0.0;45.45
19536;1071BT;1071BT;13;100.0;100.0;100;62;G4;2173;0.0;0.0
19538;1071BV;1071BV;15;100.0;100.0;100;73;G4;1547;0.0;0.0
19540;1071BW;1071BW;11;100.0;100.0;100;73;G4;3550;0.0;0.0
19542;1071BX;1071BX;18;100.0;72.22;100;56;G4;2771;0.0;0.0
19544;1071BZ;1071BZ;26;100.0;80.77;100;92;G4;1360;0.0;0.0
19546;1071CA;1071CA;27;100.0;85.19;100;78;G4;1260;0.0;0.0
19548;1071CB;1071CB;34;100.0;79.41;100;91;G4;1165;0.0;5.88
19550;1071CC;1071CC;21;100.0;80.95;100;71;G4;1479;0.0;14.29
19552;1071CD;1071CD;27;100.0;96.3;100;70;G4;1212;0.0;81.48
19554;1071CE;1071CE;22;100.0;100.0;100;95;G4;992;0.0;40.91
19556;1071CG;1071CG;12;100.0;100.0;100;58;G4;2718;0.0;0.0
19558;1071CH;1071CH;36;100.0;100.0;100;86;G4;3521;0.0;0.0
19560;1071CJ;1071CJ;12;100.0;100.0;100;42;G4;9001;0.0;41.67
19562;1071CK;1071CL;18;100.0;94.44;100;67;G6;4619;0.0;38.89
19564;1071CM;1071CM;17;100.0;88.24;100;47;G4;2938;0.0;64.71
19566;1071CN;1071CP;21;100.0;100.0;100;52;G6;3232;0.0;14.29
19569;1071CR;1071CR;10;100.0;100.0;100;50;G4;7513;0.0;70.0
19571;1071CS;1071CS;16;100.0;100.0;100;50;G4;3014;0.0;12.5
19573;1071CT;1071CT;13;100.0;92.31;100;38;G4;5972;0.0;0.0
19575;1071CV;1071CV;11;100.0;100.0;100;64;G4;2267;0.0;0.0
19577;1071CW;1071CW;12;100.0;66.67;100;75;G4;2623;0.0;50.0
19579;1071CX;1071DA;24;100.0;83.33;100;33;G16;6102;0.0;37.5
19582;1071DB;1071DG;39;100.0;97.44;100;38;G4;6889;0.0;5.13
19586;1071DH;1071DH;19;100.0;94.74;100;68;G4;3555;0.0;89.47
19588;1071DJ;1071DM;38;100.0;100.0;100;45;G6;8168;0.0;2.63
19592;1071DN;1071DN;16;100.0;100.0;100;56;G4;3704;0.0;0.0
19594;1071DP;1071DP;15;100.0;100.0;100;67;G4;1711;0.0;0.0
19596;1071DR;1071DS;23;100.0;100.0;100;43;G4;4904;0.0;4.35
19599;1071DT;1071DT;10;100.0;100.0;100;50;G4;4011;0.0;10.0
19601;1071DV;1071DV;14;100.0;100.0;100;43;G4;5802;0.0;0.0
19603;1071DW;1071DX;19;100.0;100.0;100;58;G4;7483;0.0;0.0
19605;1071DZ;1071EA;14;100.0;92.86;100;50;G4;8542;0.0;7.14
19607;1071EB;1071EB;10;100.0;100.0;100;80;G4;2050;0.0;10.0
19609;1071EC;1071EC;12;100.0;100.0;100;67;G4;2149;0.0;0.0
19611;1071ED;1071ED;95;100.0;98.95;100;97;G4;1246;0.0;1.05
19613;1071EE;1071EE;26;100.0;80.77;100;54;G4;2728;0.0;0.0
19615;1071EG;1071EG;16;100.0;100.0;100;50;G4;2534;0.0;0.0
19617;1071EH;1071EH;13;100.0;100.0;100;69;G4;2123;0.0;0.0
19619;1071EJ;1071EJ;13;100.0;100.0;100;54;G4;4081;0.0;7.69
19621;1071EK;1071EK;13;100.0;100.0;100;100;G4;1521;0.0;0.0
19623;1071EL;1071EL;17;100.0;100.0;100;76;G4;1854;0.0;0.0
19625;1071EM;1071EM;17;100.0;94.12;100;71;G4;1825;0.0;5.88
19627;1071EN;1071EN;12;100.0;100.0;100;75;G4;6105;0.0;8.33
19629;1071EP;1071EP;11;100.0;90.91;100;73;G6;3678;0.0;9.09
19631;1071ER;1071ER;14;100.0;85.71;100;71;G4;2042;0.0;0.0
19633;1071ES;1071ES;19;100.0;100.0;100;74;G4;2306;0.0;0.0
19635;1071ET;1071ET;17;100.0;94.12;100;65;G4;3116;0.0;23.53
19637;1071EV;1071EV;15;100.0;100.0;100;67;G4;2532;0.0;0.0
19639;1071EW;1071EW;16;100.0;100.0;100;63;G4;3372;0.0;12.5
19641;1071EX;1071EX;14;100.0;100.0;100;79;G6;5032;0.0;0.0
19643;1071EZ;1071EZ;15;100.0;100.0;100;53;G6;4757;0.0;0.0
19645;1071GA;1071GA;21;100.0;95.24;100;76;G4;2870;0.0;0.0
19647;1071GB;1071GB;12;100.0;100.0;100;67;G4;2904;0.0;0.0
19649;1071GC;1071GC;18;100.0;94.44;100;56;G4;2893;0.0;5.56
19651;1071GD;1071GD;13;100.0;100.0;100;46;G4;2596;0.0;7.69
19653;1071GE;1071GE;24;100.0;100.0;100;71;G4;1424;0.0;0.0
19655;1071GG;1071GG;15;100.0;100.0;100;53;G4;1396;0.0;6.67
19657;1071GH;1071GH;19;100.0;94.74;100;89;G4;1508;0.0;0.0
19659;1071GJ;1071GJ;20;100.0;100.0;100;80;G4;1867;0.0;20.0
19661;1071GK;1071GK;17;100.0;100.0;100;35;G16;6885;0.0;0.0
19663;1071GL;1071GM;40;100.0;100.0;100;75;G4;4159;0.0;7.5
19666;1071GN;1071GN;18;100.0;94.44;100;83;G4;2581;0.0;61.11
19668;1071GP;1071GP;15;100.0;86.67;100;60;G6;3424;0.0;80.0
19670;1071GR;1071GR;16;100.0;100.0;100;50;G4;1797;0.0;56.25
19672;1071GS;1071GS;14;100.0;100.0;100;57;G4;3646;0.0;92.86
19674;1071GT;1071GT;16;100.0;93.75;100;56;G4;1839;0.0;87.5
19676;1071GV;1071GV;17;100.0;94.12;100;59;G4;2592;0.0;88.24
19678;1071GW;1071GW;22;100.0;95.45;100;55;G4;2447;0.0;77.27
19680;1071GX;1071GX;16;100.0;100.0;100;50;G6;2410;0.0;75.0
19682;1071GZ;1071GZ;18;100.0;94.44;100;83;G4;2228;0.0;77.78
19684;1071HA;1071HA;15;100.0;100.0;100;53;G4;1989;0.0;73.33
19686;1071HB;1071HB;14;100.0;100.0;100;57;G6;3185;0.0;64.29
19688;1071HC;1071HC;19;100.0;84.21;100;84;G4;3690;0.0;42.11
19690;1071HD;1071HE;18;100.0;94.44;100;67;G4;2796;0.0;83.33
19692;1071HG;1071HG;14;100.0;92.86;100;50;G4;1694;0.0;85.71
19694;1071HH;1071HH;11;100.0;90.91;100;55;G4;2693;0.0;81.82
19696;1071HJ;1071HJ;11;100.0;100.0;100;82;G6;1838;0.0;63.64
19698;1071HK;1071HK;10;100.0;90.0;100;60;G6;2932;0.0;90.0
19700;1071HL;1071HM;28;100.0;100.0;100;75;G4;2327;0.0;78.57
19703;1071HN;1071HN;14;100.0;100.0;100;50;G4;2824;0.0;64.29
19705;1071HP;1071HP;10;100.0;100.0;100;70;G4;2745;0.0;80.0
19707;1071HR;1071HR;13;100.0;92.31;100;62;G4;1908;0.0;84.62
19709;1071HS;1071HS;16;100.0;100.0;100;75;G4;4303;0.0;62.5
19711;1071HT;1071HT;14;100.0;100.0;100;64;G4;1991;0.0;71.43
19713;1071HV;1071HV;20;100.0;100.0;100;85;G4;1973;0.0;85.0
19715;1071HW;1071HW;18;100.0;83.33;100;61;G4;2409;0.0;77.78
19717;1071HX;1071HX;12;100.0;100.0;100;75;G4;2072;0.0;66.67
19719;1071HZ;1071JA;26;100.0;100.0;100;65;G4;1955;0.0;19.23
19721;1071JB;1071JB;15;100.0;100.0;100;80;G4;2836;0.0;0.0
19723;1071JC;1071JC;19;100.0;100.0;100;95;G4;1119;0.0;100.0
19725;1071JD;1071JD;25;100.0;84.0;100;84;G4;1479;0.0;0.0
19727;1071JE;1071JE;16;100.0;100.0;100;100;G4;1132;0.0;0.0
19729;1071JG;1071JG;15;100.0;93.33;100;73;G4;2993;0.0;0.0
19731;1071JH;1071JH;19;100.0;94.74;100;74;G4;1627;0.0;57.89
19733;1071JJ;1071JJ;25;100.0;84.0;100;96;G4;1596;0.0;8.0
19735;1071JK;1071JK;14;100.0;85.71;100;86;G4;1467;0.0;0.0
19737;1071JL;1071JL;19;100.0;100.0;100;63;G4;3074;0.0;5.26
19739;1071JM;1071JM;13;100.0;92.31;100;54;G4;3009;0.0;23.08
19741;1071JN;1071JN;10;100.0;100.0;100;70;G6;2524;0.0;0.0
19743;1071JP;1071JP;10;100.0;100.0;100;40;G6;7590;0.0;30.0
19745;1071JR;1071JV;47;100.0;76.6;100;66;G4;3900;0.0;19.15
19747;1071JW;1071JW;14;100.0;100.0;100;71;G4;3060;0.0;0.0
19749;1071JX;1071JX;17;100.0;100.0;100;71;G4;1858;0.0;0.0
19751;1071JZ;1071JZ;18;100.0;100.0;100;56;G4;2666;0.0;0.0
19753;1071KA;1071KA;11;100.0;100.0;100;55;G4;2559;0.0;0.0
19755;1071KB;1071KB;18;100.0;100.0;100;56;G4;2350;0.0;11.11
19757;1071KC;1071KC;10;100.0;100.0;100;100;G4;1957;0.0;40.0
19759;1071KD;1071KD;10;100.0;90.0;100;60;G4;2633;0.0;40.0
19761;1071KE;1071KE;16;100.0;75.0;100;88;G4;2154;0.0;0.0
19763;1071KG;1071KG;12;100.0;100.0;100;75;G4;4368;0.0;0.0
19765;1071KH;1071KJ;38;100.0;92.11;100;63;G4;5103;0.0;7.89
19768;1071KK;1071KK;10;100.0;100.0;100;70;G4;1990;0.0;90.0
19770;1071KL;1071KL;20;100.0;100.0;100;80;G4;3519;0.0;95.0
19772;1071KM;1071KM;15;100.0;93.33;100;53;G4;5008;0.0;13.33
19774;1071KN;1071KN;19;100.0;94.74;100;68;G4;2429;0.0;0.0
19776;1071KP;1071KP;11;100.0;100.0;100;55;G6;4116;0.0;0.0
19778;1071KR;1071KS;42;100.0;92.86;100;62;G4;2159;0.0;2.38
19780;1071KT;1071KT;14;100.0;100.0;100;64;G4;2605;0.0;0.0
19782;1071KV;1071KV;18;100.0;88.89;100;78;G4;2056;0.0;16.67
19784;1071KW;1071KW;12;100.0;100.0;100;58;G4;2321;0.0;16.67
19786;1071KX;1071KX;18;100.0;100.0;100;56;G4;2027;0.0;5.56
19788;1071KZ;1071KZ;27;100.0;100.0;100;85;G4;1669;0.0;0.0
19790;1071LA;1071LA;14;100.0;100.0;100;43;G4;7060;0.0;0.0
19792;1071LB;1071LB;18;100.0;88.89;100;83;G4;1901;0.0;0.0
19794;1071LC;1071LC;15;100.0;86.67;100;60;G4;2714;0.0;6.67
19796;1071LD;1071LD;17;100.0;100.0;100;76;G4;2409;0.0;0.0
19798;1071LE;1071LE;18;100.0;100.0;100;72;G4;1907;0.0;16.67
19800;1071LG;1071LG;16;100.0;100.0;100;69;G4;1998;0.0;6.25
19802;1071LH;1071LH;16;100.0;100.0;100;81;G6;5375;0.0;0.0
19804;1071LJ;1071LJ;12;100.0;100.0;100;50;G4;4033;0.0;0.0
19806;1071LK;1071LK;20;100.0;100.0;100;65;G4;2254;0.0;5.0
19808;1071LL;1071LP;51;100.0;98.04;100;53;G4;4032;0.0;5.88
19812;1071LR;1071LR;15;100.0;100.0;100;80;G4;2102;0.0;0.0
19814;1071LS;1071LS;29;100.0;100.0;100;83;G4;1483;0.0;3.45
19816;1071LT;1071LT;16;100.0;100.0;100;69;G4;2410;0.0;0.0
19818;1071LV;1071LV;17;100.0;100.0;100;53;G6;2165;0.0;23.53
19820;1071LW;1071LW;17;100.0;100.0;100;59;G4;2244;0.0;0.0
19822;1071LX;1071LX;18;100.0;100.0;100;56;G4;1927;0.0;5.56
19824;1071LZ;1071LZ;14;100.0;100.0;100;50;G4;2135;0.0;0.0
19826;1071MA;1071MA;17;100.0;100.0;100;53;G4;2302;0.0;5.88
19828;1071MB;1071MB;24;100.0;100.0;100;88;G4;1613;0.0;4.17
19830;1071MC;1071MC;22;100.0;100.0;100;86;G4;1874;0.0;0.0
19832;1071MD;1071MD;18;100.0;100.0;100;72;G4;2992;0.0;0.0
19834;1071ME;1071ME;12;100.0;100.0;100;67;G4;1896;0.0;8.33
19836;1071MG;1071MG;15;100.0;100.0;100;73;G4;2228;0.0;0.0
19838;1071MH;1071MH;19;100.0;100.0;100;84;G4;1838;0.0;0.0
19840;1071MJ;1071MJ;22;100.0;100.0;100;77;G4;2011;0.0;0.0
19842;1071MK;1071MK;18;100.0;100.0;100;83;G4;1544;0.0;0.0
19844;1071ML;1071ML;15;100.0;100.0;100;53;G4;2001;0.0;13.33
19846;1071MN;1071MN;23;100.0;100.0;100;61;G4;1834;0.0;0.0
19848;1071MP;1071MP;17;100.0;100.0;100;59;G4;2065;0.0;0.0
19850;1071MR;1071MR;15;100.0;100.0;100;67;G4;2396;0.0;0.0
19852;1071MS;1071MS;19;100.0;100.0;100;63;G4;2202;0.0;0.0
19854;1071MT;1071MT;17;100.0;100.0;100;82;G4;2603;0.0;5.88
19856;1071MV;1071MV;19;100.0;100.0;100;68;G4;1987;0.0;0.0
19858;1071MX;1071MX;17;100.0;100.0;100;76;G4;2576;0.0;23.53
19860;1071MZ;1071MZ;21;100.0;100.0;100;71;G4;1717;0.0;4.76
19862;1071NA;1071NA;11;100.0;90.91;100;45;G6;2556;0.0;18.18
19864;1071NB;1071NB;17;100.0;100.0;100;71;G4;2306;0.0;0.0
19866;1071NC;1071NC;16;100.0;100.0;100;63;G4;2055;0.0;0.0
19868;1071ND;1071ND;15;100.0;100.0;100;53;G6;2592;0.0;0.0
19870;1071NE;1071NE;16;100.0;100.0;100;63;G4;3077;0.0;0.0
19872;1071NG;1071NG;19;100.0;100.0;100;63;G4;2543;0.0;26.32
19874;1071NH;1071NH;16;100.0;93.75;100;81;G4;1702;0.0;0.0
19876;1071NJ;1071NJ;14;100.0;100.0;100;64;G4;2255;0.0;28.57
19878;1071NK;1071NK;16;100.0;100.0;100;56;G4;2372;0.0;0.0
19880;1071NL;1071NL;17;100.0;100.0;100;59;G4;1918;0.0;0.0
19882;1071NM;1071NM;15;100.0;100.0;100;73;G4;1800;0.0;0.0
19884;1071NN;1071NN;12;100.0;100.0;100;67;G4;1791;0.0;0.0
19886;1071NP;1071NP;15;100.0;100.0;100;80;G4;1393;0.0;0.0
19888;1071NR;1071NR;15;100.0;93.33;100;73;G4;4988;0.0;0.0
19890;1071NS;1071NX;35;100.0;100.0;100;51;G6;5347;0.0;5.71
19894;1071NZ;1071NZ;20;100.0;90.0;100;70;G4;1526;0.0;30.0
19896;1071PA;1071PA;11;100.0;90.91;100;55;G6;2103;0.0;0.0
19898;1071PB;1071PB;16;100.0;100.0;100;69;G4;3740;0.0;0.0
19900;1071PC;1071PD;20;100.0;100.0;100;60;G4;2312;0.0;10.0
19903;1071PE;1071PG;20;100.0;100.0;100;50;G4;1948;0.0;0.0
19905;1071PH;1071PH;17;100.0;94.12;100;88;G4;2250;0.0;0.0
19907;1071PJ;1071PJ;30;100.0;90.0;100;90;G4;4950;0.0;3.33
19909;1071PK;1071PK;15;100.0;100.0;100;60;G6;2457;0.0;0.0
19911;1071PL;1071PL;16;100.0;100.0;100;63;G4;2409;0.0;0.0
19913;1071PM;1071PM;14;100.0;100.0;100;50;G4;2311;0.0;7.14
19915;1071PN;1071PN;15;100.0;100.0;100;73;G4;1439;0.0;0.0
19917;1071PP;1071PP;13;100.0;100.0;100;85;G4;2215;0.0;7.69
19919;1071PR;1071PR;18;100.0;100.0;100;78;G4;2225;0.0;0.0
19921;1071PS;1071PS;14;100.0;100.0;100;64;G6;2554;0.0;100.0
19923;1071PT;1071PT;15;100.0;100.0;100;53;G6;2356;0.0;100.0
19925;1071PV;1071PV;13;100.0;100.0;100;62;G4;2345;0.0;76.92
19927;1071PW;1071PW;14;100.0;100.0;100;79;G4;1683;0.0;14.29
19929;1071PX;1071PX;18;100.0;100.0;100;83;G4;1650;0.0;94.44
19931;1071PZ;1071PZ;12;100.0;100.0;100;58;G4;1251;0.0;83.33
19933;1071RA;1071RA;17;100.0;100.0;100;76;G4;2270;0.0;0.0
19935;1071RB;1071RB;17;100.0;100.0;100;71;G4;2451;0.0;0.0
19937;1071RC;1071RC;18;100.0;100.0;100;56;G4;2570;0.0;5.56
19939;1071RD;1071RD;15;100.0;100.0;100;73;G6;2230;0.0;0.0
19941;1071RE;1071RE;14;100.0;100.0;100;64;G4;2390;0.0;21.43
19943;1071RG;1071RG;18;100.0;100.0;100;78;G4;3041;0.0;0.0
19945;1071RH;1071RH;16;100.0;100.0;100;88;G6;4311;0.0;0.0
19947;1071RJ;1071RJ;18;100.0;100.0;100;72;G4;2034;0.0;0.0
19949;1071RK;1071RK;21;100.0;85.71;100;62;G4;2411;0.0;0.0
19951;1071RL;1071RL;15;100.0;100.0;100;53;G6;3932;0.0;0.0
19953;1071RM;1071RM;19;100.0;94.74;100;89;G4;1932;0.0;94.74
19955;1071RN;1071RN;25;100.0;100.0;100;72;G4;1508;0.0;100.0
19957;1071RP;1071RP;15;100.0;100.0;100;87;G4;2174;0.0;100.0
19959;1071RR;1071RR;30;100.0;96.67;100;57;G4;2379;0.0;20.0
19961;1071RS;1071RS;13;100.0;100.0;100;54;G4;6086;0.0;23.08
19963;1071RT;1071RT;23;100.0;100.0;100;65;G4;1796;0.0;0.0
19965;1071RV;1071RV;19;100.0;100.0;100;79;G4;2100;0.0;21.05
19967;1071RW;1071RW;24;100.0;100.0;100;75;G4;1778;0.0;100.0
19969;1071RX;1071RX;20;100.0;100.0;100;65;G4;2082;0.0;100.0
19971;1071RZ;1071RZ;19;100.0;100.0;100;68;G4;1994;0.0;100.0
19973;1071SB;1071SB;17;100.0;100.0;100;59;G4;2179;0.0;23.53
19975;1071SC;1071SC;16;100.0;100.0;100;88;G4;1459;0.0;0.0
19977;1071SE;1071SE;13;100.0;84.62;100;62;G4;2301;0.0;0.0
19979;1071SG;1071SJ;30;100.0;100.0;100;57;G6;3628;0.0;0.0
19982;1071SK;1071SK;12;100.0;100.0;100;58;G4;5482;0.0;25.0
19984;1071SL;1071SL;11;100.0;100.0;100;82;G4;2000;0.0;0.0
19986;1071SM;1071SN;29;100.0;100.0;100;69;G4;2418;0.0;3.45
19989;1071SP;1071SP;19;100.0;100.0;100;84;G4;1536;0.0;0.0
19991;1071SR;1071SR;19;100.0;100.0;100;79;G4;1728;0.0;0.0
19993;1071ST;1071ST;16;100.0;100.0;100;69;G4;1423;0.0;0.0
19995;1071SV;1071SV;16;100.0;100.0;100;88;G4;1393;0.0;6.25
19997;1071SW;1071SW;12;100.0;100.0;100;75;G4;1187;0.0;0.0
19999;1071SX;1071SX;20;100.0;100.0;100;55;G6;2341;0.0;0.0
20001;1071SZ;1071SZ;19;100.0;100.0;100;53;G6;2679;0.0;0.0
20003;1071TC;1071TC;74;100.0;100.0;100;82;G4;1553;0.0;4.05
20005;1071TD;1071TD;80;100.0;98.75;100;88;G4;1742;0.0;0.0
20007;1071TE;1071TE;24;100.0;100.0;100;79;G4;1553;0.0;0.0
20009;1071TG;1071TG;20;100.0;100.0;100;95;G4;1558;0.0;0.0
20011;1071TH;1071TH;16;100.0;100.0;100;81;G4;1960;0.0;0.0
20013;1071TJ;1071TJ;19;100.0;100.0;100;95;G4;1689;0.0;0.0
20015;1071TK;1071TK;20;100.0;100.0;100;90;G4;1680;0.0;0.0
20017;1071TL;1071TL;23;100.0;100.0;100;65;G4;1454;0.0;0.0
20019;1071TM;1071TM;24;100.0;100.0;100;88;G4;1424;0.0;0.0
20021;1071TN;1071TN;24;100.0;100.0;100;92;G4;1401;0.0;0.0
20023;1071TP;1071TP;20;100.0;100.0;100;90;G4;1333;0.0;0.0
20025;1071TR;1071TR;15;100.0;100.0;100;60;G4;3802;0.0;0.0
20027;1071TS;1071TS;20;100.0;100.0;100;80;G4;1816;0.0;5.0
20029;1071TT;1071TT;21;100.0;100.0;100;100;G4;30;0.0;0.0
20031;1071TV;1071TV;47;100.0;100.0;100;96;G4;1273;0.0;4.26
20033;1071TW;1071TW;30;100.0;100.0;100;97;G4;991;0.0;20.0
20035;1071TX;1071TX;37;100.0;91.89;100;92;G4;1222;0.0;2.7
20037;1071TZ;1071TZ;45;100.0;100.0;100;98;G4;1014;0.0;2.22
20039;1071VA;1071VA;44;100.0;90.91;100;100;G4;911;0.0;0.0
20041;1071VB;1071VB;37;100.0;100.0;100;100;G4;924;0.0;13.51
20043;1071VC;1071VC;40;100.0;100.0;100;100;G4;1004;0.0;0.0
20045;1071VD;1071VD;34;100.0;100.0;100;100;G4;840;0.0;2.94
20047;1071VE;1071VE;26;100.0;100.0;100;100;G4;1131;0.0;19.23
20049;1071VG;1071VG;35;100.0;97.14;100;97;G4;1274;0.0;20.0
20051;1071VH;1071VH;17;100.0;100.0;100;94;G4;1403;0.0;0.0
20053;1071VJ;1071VJ;19;100.0;100.0;100;100;G4;1334;0.0;21.05
20055;1071VK;1071VK;26;100.0;96.15;100;92;G4;1264;0.0;0.0
20057;1071VL;1071VL;17;100.0;100.0;100;82;G4;1432;0.0;5.88
20059;1071VM;1071VM;25;100.0;96.0;100;76;G4;1365;0.0;24.0
20061;1071VN;1071VN;41;100.0;100.0;100;95;G4;837;0.0;0.0
20063;1071VP;1071VP;32;100.0;87.5;100;97;G4;954;0.0;3.13
20065;1071VR;1071VR;46;100.0;97.83;100;98;G4;933;0.0;10.87
20067;1071VS;1071VS;41;100.0;95.12;100;98;G4;896;0.0;9.76
20069;1071VT;1071VT;21;100.0;100.0;100;95;G4;1120;0.0;0.0
20071;1071VV;1071VV;30;100.0;96.67;100;97;G4;1068;0.0;0.0
20073;1071VW;1071VW;38;100.0;100.0;100;100;G4;893;0.0;2.63
20075;1071VX;1071VX;27;100.0;96.3;100;96;G4;974;0.0;3.7
20077;1071VZ;1071VZ;14;100.0;100.0;100;79;G4;1485;0.0;0.0
20079;1071WB;1071WB;16;100.0;100.0;100;94;G4;1450;0.0;0.0
20081;1071WC;1071WC;16;100.0;100.0;100;100;G4;1312;0.0;0.0
20083;1071WD;1071WD;16;100.0;100.0;100;88;G4;1254;0.0;6.25
20085;1071WE;1071WE;16;100.0;100.0;100;75;G4;1322;0.0;0.0
20087;1071WG;1071WG;31;100.0;100.0;100;87;G4;1862;0.0;0.0
20089;1071WH;1071WH;38;100.0;100.0;100;87;G4;1701;0.0;0.0
20091;1071WJ;1071WJ;19;100.0;100.0;100;68;G4;1949;0.0;0.0
20093;1071WK;1071WK;12;100.0;100.0;100;92;G4;1447;0.0;8.33
20095;1071WL;1071WL;20;100.0;100.0;100;75;G4;1398;0.0;0.0
20097;1071WN;1071WN;24;100.0;100.0;100;96;G4;1241;0.0;0.0
20099;1071WP;1071WP;24;100.0;100.0;100;92;G4;1215;0.0;0.0
20101;1071WR;1071WR;28;100.0;96.43;100;57;G4;2259;0.0;0.0
20103;1071WS;1071WS;21;100.0;100.0;100;95;G4;1034;0.0;4.76
20105;1071WT;1071WT;16;100.0;100.0;100;75;G4;1186;0.0;0.0
20107;1071WV;1071WV;13;100.0;100.0;100;77;G4;1101;0.0;0.0
20109;1071WX;1071WX;28;100.0;96.43;100;89;G4;1164;0.0;35.71
20111;1071WZ;1071WZ;24;100.0;100.0;100;96;G4;1016;0.0;20.83
20113;1071XA;1071XA;61;100.0;100.0;100;90;G4;1911;0.0;0.0
20115;1071XB;1071XB;51;100.0;94.12;100;92;G4;1337;0.0;29.41
20117;1071XC;1071XC;35;100.0;60.0;100;94;G4;1259;0.0;0.0
20119;1071XD;1071XD;35;100.0;100.0;100;89;G4;1372;0.0;2.86
20121;1071XE;1071XE;38;100.0;100.0;100;95;G4;2187;0.0;0.0
20123;1071XG;1071XG;26;100.0;100.0;100;96;G4;1205;0.0;0.0
20125;1071XH;1071XH;33;100.0;100.0;100;76;G4;2755;0.0;0.0
20127;1071XJ;1071XJ;27;100.0;96.3;100;93;G4;1191;0.0;0.0
20129;1071XK;1071XK;29;100.0;96.55;100;76;G4;1587;0.0;89.66
20131;1071XL;1071XL;21;100.0;100.0;100;100;G4;850;0.0;0.0
20133;1071XM;1071XM;38;100.0;97.37;100;92;G4;1141;0.0;2.63
20135;1071XN;1071XN;29;100.0;100.0;100;93;G4;1070;0.0;0.0
20137;1071XP;1071XP;28;100.0;96.43;100;82;G4;1085;0.0;0.0
20139;1071XR;1071XR;17;100.0;94.12;100;71;G4;1239;0.0;0.0
20141;1071XS;1071XS;25;100.0;100.0;100;72;G4;1676;0.0;0.0
20143;1071XT;1071XT;20;100.0;100.0;100;90;G4;1440;0.0;5.0
20145;1071XV;1071XV;16;100.0;100.0;100;88;G4;1542;0.0;0.0
20147;1071XW;1071XW;15;100.0;100.0;100;73;G4;2850;0.0;0.0
20149;1071XZ;1071ZA;15;100.0;93.33;100;67;G4;3330;0.0;0.0
20151;1071ZB;1071ZD;22;100.0;81.82;100;55;G6;6311;0.0;22.73
20154;1071ZE;1071ZE;19;100.0;94.74;100;89;G4;1844;0.0;0.0
20156;1071ZG;1071ZG;18;100.0;100.0;100;50;G6;3047;0.0;16.67
20158;1071ZH;1071ZH;20;100.0;100.0;100;65;G4;2498;0.0;5.0
20160;1071ZJ;1071ZJ;25;100.0;84.0;100;72;G4;1424;0.0;4.0
20162;1071ZK;1071ZK;27;100.0;96.3;100;85;G4;1745;0.0;0.0
20164;1071ZL;1071ZL;22;100.0;100.0;100;73;G4;2159;0.0;0.0
20166;1071ZM;1071ZM;21;100.0;100.0;100;57;G4;2161;0.0;0.0
20168;1071ZN;1071ZN;25;100.0;100.0;100;56;G4;3012;0.0;8.0
20170;1071ZP;1071ZP;25;100.0;100.0;100;64;G4;2263;0.0;0.0
20172;1071ZR;1071ZR;17;100.0;100.0;100;53;G6;3086;0.0;5.88
20174;1071ZS;1071ZS;21;100.0;90.48;100;71;G4;2116;0.0;0.0
20176;1071ZT;1071ZT;22;100.0;95.45;100;64;G4;1695;0.0;4.55
20178;1071ZV;1071ZV;21;100.0;100.0;100;57;G4;2263;0.0;19.05
20180;1071ZW;1071ZW;21;100.0;100.0;100;62;G4;1989;0.0;4.76
20182;1071ZX;1071ZX;16;100.0;93.75;100;75;G6;4671;0.0;12.5
20184;1071ZZ;1071ZZ;21;100.0;95.24;100;86;G4;1773;0.0;0.0
20186;1072AA;1072AA;16;100.0;93.75;100;75;G4;2410;0.0;6.25
20188;1072AB;1072AB;10;100.0;100.0;100;90;G4;967;0.0;30.0
20190;1072AC;1072AD;30;100.0;90.0;100;60;G4;3556;0.0;6.67
20193;1072AE;1072AE;23;100.0;95.65;100;83;G4;3141;0.0;0.0
20195;1072AG;1072AG;26;100.0;100.0;100;88;G4;2278;0.0;0.0
20197;1072AH;1072AH;29;100.0;100.0;100;79;G4;1776;0.0;6.9
20199;1072AJ;1072AJ;23;100.0;100.0;100;87;G4;1801;0.0;0.0
20201;1072AK;1072AK;26;100.0;100.0;100;100;G4;1260;0.0;0.0
20203;1072AL;1072AL;31;100.0;80.65;100;97;G4;1081;0.0;0.0
20205;1072AM;1072AM;41;100.0;90.24;100;95;G4;790;0.0;0.0
20207;1072AN;1072AN;25;100.0;80.0;100;84;G4;1175;0.0;24.0
20209;1072AP;1072AP;23;100.0;100.0;100;100;G4;1254;0.0;0.0
20211;1072AR;1072AR;25;100.0;76.0;100;72;G4;1286;0.0;16.0
20213;1072AS;1072AS;36;100.0;100.0;100;97;G4;913;0.0;2.78
20215;1072AT;1072AT;26;100.0;100.0;100;92;G4;895;0.0;0.0
20217;1072AV;1072AV;36;100.0;97.22;100;100;G4;1005;0.0;19.44
20219;1072AW;1072AW;27;100.0;100.0;100;96;G4;2906;0.0;7.41
20221;1072AX;1072AX;27;100.0;59.26;100;100;G4;779;0.0;0.0
20223;1072AZ;1072AZ;32;100.0;100.0;100;100;G4;1268;0.0;0.0
20225;1072BA;1072BB;90;100.0;100.0;100;99;G4;875;0.0;0.0
20227;1072BC;1072BC;25;100.0;100.0;100;96;G4;1322;0.0;36.0
20229;1072BD;1072BD;34;100.0;100.0;100;97;G4;1374;0.0;11.76
20231;1072BE;1072BE;71;100.0;88.73;100;85;G4;1019;0.0;0.0
20233;1072BG;1072BG;30;100.0;96.67;100;90;G4;1133;0.0;20.0
20235;1072BH;1072BH;28;100.0;100.0;100;93;G4;1354;0.0;25.0
20237;1072BJ;1072BJ;31;100.0;100.0;100;97;G4;1108;0.0;83.87
20239;1072BK;1072BK;25;100.0;100.0;100;96;G4;953;0.0;44.0
20241;1072BL;1072BL;20;100.0;100.0;100;95;G4;2359;0.0;0.0
20243;1072BM;1072BM;33;100.0;84.85;100;100;G4;780;0.0;18.18
20245;1072BN;1072BN;28;100.0;92.86;100;96;G4;1116;0.0;53.57
20247;1072BP;1072BP;18;100.0;100.0;100;94;G4;1415;0.0;38.89
20249;1072BR;1072BR;42;100.0;88.1;100;95;G4;1322;0.0;83.33
20251;1072BS;1072BS;28;100.0;100.0;100;96;G4;1208;0.0;89.29
20253;1072BT;1072BT;35;100.0;74.29;100;97;G4;1384;0.0;2.86
20255;1072BV;1072BV;28;100.0;64.29;100;71;G4;868;0.0;0.0
20257;1072BW;1072BW;30;100.0;90.0;100;90;G4;744;0.0;66.67
20259;1072BX;1072BX;20;100.0;100.0;100;100;G4;916;0.0;0.0
20261;1072BZ;1072BZ;15;100.0;93.33;100;100;G4;781;0.0;0.0
20263;1072CA;1072CA;41;100.0;100.0;100;100;G4;740;0.0;0.0
20265;1072CB;1072CB;38;100.0;94.74;100;100;G4;913;0.0;10.53
20267;1072CC;1072CC;32;100.0;100.0;100;97;G4;742;0.0;43.75
20269;1072CD;1072CD;40;100.0;92.5;100;93;G4;792;0.0;27.5
20271;1072CE;1072CE;25;100.0;92.0;100;100;G4;933;0.0;0.0
20273;1072CG;1072CG;32;100.0;96.88;100;97;G4;861;0.0;0.0
20275;1072CH;1072CH;74;100.0;47.3;100;97;G4;1004;0.0;18.92
20277;1072CJ;1072CJ;41;100.0;78.05;100;93;G4;779;0.0;14.63
20279;1072CK;1072CK;37;100.0;94.59;100;92;G4;977;0.0;13.51
20281;1072CL;1072CL;44;100.0;97.73;100;93;G4;1474;0.0;2.27
20283;1072CM;1072CM;25;100.0;96.0;100;84;G4;1004;0.0;16.0
20285;1072CN;1072CN;25;100.0;96.0;100;88;G4;2810;0.0;0.0
20287;1072CP;1072CP;41;100.0;85.37;100;88;G4;649;0.0;7.32
20289;1072CR;1072CR;28;100.0;100.0;100;100;G4;973;0.0;7.14
20291;1072CS;1072CS;56;100.0;87.5;100;89;G4;834;0.0;5.36
20293;1072CT;1072CT;33;100.0;96.97;100;100;G4;838;0.0;30.3
20295;1072CV;1072CV;66;100.0;84.85;100;98;G4;1927;0.0;18.18
20297;1072CW;1072CW;33;100.0;93.94;100;94;G4;1745;0.0;0.0
20299;1072CX;1072CX;40;100.0;97.5;100;98;G4;1268;0.0;7.5
20301;1072CZ;1072CZ;29;100.0;100.0;100;100;G4;2517;0.0;0.0
20303;1072DA;1072DA;22;100.0;100.0;100;100;G4;951;0.0;0.0
20305;1072EA;1072EA;39;100.0;100.0;100;92;G4;752;0.0;0.0
20307;1072EB;1072EB;17;100.0;100.0;100;94;G4;902;0.0;100.0
20309;1072EC;1072EC;49;100.0;97.96;100;98;G4;861;0.0;85.71
20311;1072ED;1072ED;77;100.0;48.05;100;99;G4;758;0.0;11.69
20313;1072EE;1072EE;44;100.0;90.91;100;100;G4;693;0.0;40.91
20315;1072EG;1072EG;54;100.0;98.15;100;98;G4;633;0.0;68.52
20317;1072EH;1072EH;41;100.0;92.68;100;93;G4;1350;0.0;56.1
20319;1072EJ;1072EJ;62;100.0;100.0;100;100;G4;1002;0.0;85.48
20321;1072EK;1072EK;18;100.0;100.0;100;100;G4;735;0.0;77.78
20323;1072EL;1072EL;39;100.0;61.54;100;95;G4;896;0.0;33.33
20325;1072EM;1072EM;35;100.0;82.86;100;94;G4;1079;0.0;45.71
20327;1072EN;1072EN;33;100.0;87.88;100;91;G4;1022;0.0;75.76
20329;1072EP;1072EP;22;100.0;95.45;100;100;G4;959;0.0;77.27
20331;1072ER;1072ER;32;100.0;90.63;100;91;G4;1066;0.0;0.0
20333;1072ES;1072ES;40;100.0;100.0;100;100;G4;837;0.0;7.5
20335;1072ET;1072ET;42;100.0;100.0;100;98;G4;775;0.0;0.0
20337;1072EV;1072EV;29;100.0;100.0;100;97;G4;1120;0.0;0.0
20339;1072EW;1072EW;33;100.0;87.88;100;82;G4;1602;0.0;27.27
20341;1072EX;1072EX;23;100.0;100.0;100;83;G4;1516;0.0;13.04
20343;1072EZ;1072EZ;27;100.0;100.0;100;85;G4;1362;0.0;0.0
20345;1072GA;1072GA;31;100.0;93.55;100;77;G4;1903;0.0;3.23
20347;1072GB;1072GB;30;100.0;100.0;100;87;G4;1759;0.0;20.0
20349;1072GC;1072GC;44;100.0;97.73;100;95;G4;1041;0.0;0.0
20351;1072GD;1072GD;31;100.0;100.0;100;94;G4;1246;0.0;0.0
20353;1072GE;1072GE;30;100.0;100.0;100;93;G4;1496;0.0;0.0
20355;1072GG;1072GG;10;100.0;90.0;100;100;G4;1602;0.0;0.0
20357;1072GH;1072GH;28;100.0;89.29;100;82;G4;2408;0.0;3.57
20359;1072GJ;1072GJ;31;100.0;96.77;100;90;G4;1111;0.0;67.74
20361;1072GK;1072GK;31;100.0;100.0;100;90;G4;1500;0.0;22.58
20363;1072GL;1072GL;26;100.0;100.0;100;88;G4;1523;0.0;3.85
20365;1072GM;1072GM;27;100.0;100.0;100;93;G4;1306;0.0;0.0
20367;1072GN;1072GP;25;100.0;96.0;100;68;G4;1920;0.0;4.0
20369;1072GR;1072GR;29;100.0;96.55;100;100;G4;1068;0.0;3.45
20371;1072GS;1072GS;42;100.0;92.86;100;95;G4;1168;0.0;9.52
20373;1072GT;1072GT;37;100.0;94.59;100;100;G4;1010;0.0;2.7
20375;1072GV;1072GV;31;100.0;100.0;100;100;G4;1144;0.0;0.0
20377;1072GW;1072GW;42;100.0;97.62;100;100;G4;1073;0.0;9.52
20379;1072GX;1072GX;38;100.0;100.0;100;95;G4;1154;0.0;28.95
20381;1072GZ;1072GZ;33;100.0;100.0;100;100;G4;1012;0.0;3.03
20383;1072HA;1072HA;24;100.0;100.0;100;96;G4;987;0.0;4.17
20385;1072HB;1072HB;26;100.0;100.0;100;96;G4;882;0.0;0.0
20387;1072HC;1072HC;41;100.0;100.0;100;100;G4;1044;0.0;24.39
20389;1072HD;1072HD;48;100.0;93.75;100;98;G4;1330;0.0;8.33
20391;1072HE;1072HE;27;100.0;100.0;100;100;G4;1315;0.0;0.0
20393;1072HG;1072HG;29;100.0;96.55;100;97;G4;1050;0.0;0.0
20395;1072HH;1072HH;39;100.0;97.44;100;100;G4;966;0.0;12.82
20397;1072HJ;1072HJ;30;100.0;100.0;100;93;G4;1006;0.0;10.0
20399;1072HK;1072HK;19;100.0;100.0;100;84;G4;3990;0.0;0.0
20401;1072HL;1072HL;20;100.0;100.0;100;100;G4;929;0.0;0.0
20403;1072HM;1072HM;31;100.0;70.97;100;65;G4;2657;0.0;0.0
20405;1072HN;1072HN;49;100.0;91.84;100;96;G4;815;0.0;10.2
20407;1072HP;1072HP;28;100.0;100.0;100;93;G4;1132;0.0;0.0
20409;1072HR;1072HR;25;100.0;100.0;100;100;G4;834;0.0;0.0
20411;1072HS;1072HS;36;100.0;91.67;100;97;G4;972;0.0;36.11
20413;1072HT;1072HT;36;100.0;97.22;100;100;G4;773;0.0;0.0
20415;1072HV;1072HV;28;100.0;100.0;100;100;G4;1236;0.0;28.57
20417;1072JA;1072JA;35;100.0;100.0;100;94;G4;1186;0.0;2.86
20419;1072JB;1072JB;26;100.0;100.0;100;100;G4;1216;0.0;15.38
20421;1072JC;1072JC;40;100.0;97.5;100;100;G4;1061;0.0;20.0
20423;1072JD;1072JD;38;100.0;97.37;100;100;G4;1067;0.0;13.16
20425;1072JE;1072JE;41;100.0;95.12;100;100;G4;914;0.0;7.32
20427;1072JG;1072JG;47;100.0;97.87;100;98;G4;811;0.0;8.51
20429;1072JH;1072JH;36;100.0;94.44;100;92;G4;938;0.0;0.0
20431;1072JJ;1072JJ;36;100.0;97.22;100;92;G4;2518;0.0;0.0
20433;1072JK;1072JK;32;100.0;100.0;100;94;G4;1085;0.0;9.38
20435;1072JL;1072JL;32;100.0;100.0;100;100;G4;1315;0.0;25.0
20437;1072JM;1072JM;20;100.0;100.0;100;100;G4;1081;0.0;0.0
20439;1072JN;1072JN;16;100.0;100.0;100;100;G4;734;0.0;0.0
20441;1072JP;1072JP;15;100.0;100.0;100;100;G4;941;0.0;20.0
20443;1072JR;1072JR;39;100.0;97.44;100;100;G4;842;0.0;2.56
20445;1072JS;1072JT;48;100.0;97.92;100;92;G4;1439;0.0;2.08
20448;1072JV;1072JV;35;100.0;100.0;100;94;G4;1999;0.0;0.0
20450;1072JW;1072JW;29;100.0;96.55;100;90;G4;1058;0.0;3.45
20452;1072JX;1072JX;32;100.0;100.0;100;94;G4;1741;0.0;3.13
20454;1072JZ;1072JZ;41;100.0;100.0;100;100;G4;1050;0.0;0.0
20456;1072KA;1072KA;27;100.0;100.0;100;96;G4;1065;0.0;0.0
20458;1072KD;1072KE;32;100.0;100.0;100;100;G4;954;0.0;0.0
20460;1072KG;1072KH;22;100.0;100.0;100;100;G4;1339;0.0;0.0
20462;1072KJ;1072KJ;25;100.0;100.0;100;100;G4;1399;0.0;0.0
20464;1072KK;1072KK;12;100.0;100.0;100;100;G4;982;0.0;0.0
20466;1072KN;1072KN;26;100.0;100.0;100;100;G4;1293;0.0;0.0
20468;1072KP;1072KP;23;100.0;100.0;100;100;G4;1184;0.0;0.0
20470;1072KV;1072KV;21;100.0;100.0;100;100;G4;1224;0.0;0.0
20472;1072KW;1072KW;29;100.0;100.0;100;100;G4;927;0.0;20.69
20474;1072KX;1072KX;29;100.0;100.0;100;100;G4;839;0.0;0.0
20476;1072KZ;1072KZ;22;100.0;100.0;100;100;G4;943;0.0;4.55
20478;1072LA;1072LA;24;100.0;95.83;100;79;G4;3677;0.0;0.0
20480;1072LB;1072LB;50;100.0;94.0;100;86;G4;1400;0.0;0.0
20482;1072LC;1072LC;41;100.0;78.05;100;98;G4;1451;0.0;2.44
20484;1072LD;1072LD;22;100.0;100.0;100;82;G4;1720;0.0;9.09
20486;1072LE;1072LE;24;100.0;91.67;100;92;G4;1130;0.0;4.17
20488;1072LG;1072LG;28;100.0;92.86;100;86;G4;1573;0.0;3.57
20490;1072LH;1072LH;91;100.0;98.9;100;98;G4;974;0.0;14.29
20492;1072LJ;1072LJ;25;100.0;96.0;100;72;G4;2644;0.0;16.0
20494;1072LK;1072LK;24;100.0;100.0;100;92;G4;1605;0.0;4.17
20496;1072LL;1072LL;52;100.0;76.92;100;90;G4;2071;0.0;34.62
20498;1072LM;1072LM;40;100.0;95.0;100;95;G4;1040;0.0;0.0
20500;1072LN;1072LN;43;100.0;93.02;100;86;G4;1254;0.0;6.98
20502;1072LP;1072LP;25;100.0;96.0;100;88;G4;1335;0.0;28.0
20504;1072LR;1072LR;34;100.0;85.29;100;100;G4;1394;0.0;8.82
20506;1072LS;1072LS;17;100.0;100.0;100;94;G4;2076;0.0;0.0
20508;1072LT;1072LT;44;100.0;97.73;100;91;G4;1118;0.0;18.18
20510;1072LV;1072LV;17;100.0;100.0;100;82;G4;1091;0.0;29.41
20512;1072LW;1072LZ;36;100.0;100.0;100;92;G4;2870;0.0;38.89
20514;1072MB;1072MB;16;100.0;100.0;100;100;G4;1007;0.0;100.0
20516;1072ME;1072ME;16;100.0;100.0;100;100;G4;1029;0.0;0.0
20518;1072MG;1072MG;12;100.0;100.0;100;100;G4;1192;0.0;0.0
20520;1072MH;1072MK;54;100.0;100.0;100;87;G4;2675;0.0;3.7
20523;1072ML;1072ML;42;100.0;100.0;100;100;G4;773;0.0;2.38
20525;1072MN;1072MN;42;100.0;100.0;100;100;G4;944;0.0;2.38
20527;1072NA;1072NA;21;100.0;100.0;100;100;G4;792;0.0;90.48
20529;1072NB;1072NB;34;100.0;100.0;100;97;G4;970;0.0;94.12
20531;1072NC;1072NC;15;100.0;100.0;100;93;G4;1620;0.0;0.0
20533;1072ND;1072ND;14;100.0;100.0;100;100;G4;156;0.0;0.0
20535;1072NE;1072NE;31;100.0;61.29;100;97;G4;1548;0.0;29.03
20537;1072NG;1072NG;40;100.0;95.0;100;93;G4;726;0.0;52.5
20539;1072NH;1072NH;43;100.0;95.35;100;98;G4;839;0.0;69.77
20541;1072NJ;1072NJ;49;100.0;97.96;100;100;G4;946;0.0;65.31
20543;1072NK;1072NK;50;100.0;80.0;100;100;G4;827;0.0;60.0
20545;1072NL;1072NL;52;100.0;100.0;100;100;G4;953;0.0;96.15
20547;1072NM;1072NM;20;100.0;85.0;100;100;G4;987;0.0;40.0
20549;1072NN;1072NN;44;100.0;77.27;100;98;G4;913;0.0;38.64
20551;1072NP;1072NP;28;100.0;100.0;100;93;G4;1165;0.0;67.86
20553;1072NR;1072NR;27;100.0;100.0;100;93;G4;1054;0.0;96.3
20555;1072NS;1072NS;21;100.0;100.0;100;100;G4;877;0.0;90.48
20557;1072NT;1072NT;34;100.0;100.0;100;100;G4;1108;0.0;76.47
20558;1072NV;1072NV;12;100.0;100.0;100;83;G4;3990;0.0;0.0
20561;1072NX;1072NX;34;100.0;91.18;100;88;G4;1380;0.0;11.76
20563;1072NZ;1072NZ;37;100.0;100.0;100;92;G4;1038;0.0;16.22
20565;1072PA;1072PA;34;100.0;97.06;100;97;G4;1308;0.0;8.82
20567;1072PB;1072PB;30;100.0;100.0;100;93;G4;1104;0.0;0.0
20569;1072PC;1072PC;28;100.0;100.0;100;96;G4;1372;0.0;0.0
20571;1072PD;1072PD;34;100.0;97.06;100;94;G4;1200;0.0;0.0
20573;1072PE;1072PE;26;100.0;100.0;100;96;G4;1049;0.0;15.38
20575;1072PG;1072PG;12;100.0;100.0;100;67;G4;4535;0.0;25.0
20577;1072PH;1072PH;30;100.0;96.67;100;100;G4;1263;0.0;13.33
20579;1072PJ;1072PJ;46;100.0;100.0;100;100;G4;978;0.0;0.0
20581;1072PL;1072PL;28;100.0;96.43;100;100;G4;930;0.0;0.0
20583;1072PM;1072PM;28;100.0;100.0;100;100;G4;1009;0.0;0.0
20585;1072PN;1072PN;20;100.0;100.0;100;100;G4;809;0.0;0.0
20587;1072RA;1072RA;37;100.0;100.0;100;100;G4;962;0.0;5.41
20589;1072RB;1072RB;34;100.0;100.0;100;100;G4;1010;0.0;2.94
20591;1072RC;1072RC;21;100.0;100.0;100;100;G4;1081;0.0;0.0
20593;1072RD;1072RD;38;100.0;97.37;100;95;G4;1785;0.0;5.26
20595;1072RE;1072RE;46;100.0;100.0;100;100;G4;904;0.0;0.0
20596;1072RG;1072RS;33;100.0;100.0;100;97;G4;1634;0.0;9.09
20599;1072RT;1072RT;24;100.0;100.0;100;100;G4;989;0.0;0.0
20601;1072RV;1072RV;21;100.0;100.0;100;100;G4;1041;0.0;0.0
20603;1072RW;1072RW;39;100.0;97.44;100;100;G4;867;0.0;0.0
20605;1072RX;1072RX;35;100.0;100.0;100;100;G4;879;0.0;0.0
20607;1072RZ;1072SC;25;100.0;100.0;100;96;G4;1365;0.0;0.0
20609;1072SE;1072SE;31;100.0;96.77;100;100;G4;1068;0.0;0.0
20611;1072SG;1072SG;23;100.0;95.65;100;91;G4;2711;0.0;0.0
20613;1072SH;1072SH;20;100.0;100.0;100;100;G4;1312;0.0;0.0
20615;1072SJ;1072SJ;24;100.0;100.0;100;100;G4;1312;0.0;0.0
20617;1072SK;1072SK;12;100.0;91.67;100;92;G4;889;0.0;0.0
20619;1072SL;1072SL;42;100.0;100.0;100;100;G4;920;0.0;45.24
20621;1072SM;1072SM;39;100.0;97.44;100;97;G4;698;0.0;0.0
20623;1072SN;1072SN;41;100.0;95.12;100;98;G4;1086;0.0;0.0
20625;1072SP;1072SP;26;100.0;96.15;100;100;G4;1059;0.0;0.0
20627;1072SR;1072SR;28;100.0;96.43;100;96;G4;1011;0.0;0.0
20629;1072ST;1072ST;33;100.0;93.94;100;97;G4;838;0.0;33.33
20631;1072SV;1072SV;33;100.0;100.0;100;97;G4;1065;0.0;0.0
20633;1072SW;1072SW;42;100.0;92.86;100;100;G4;862;0.0;11.9
20635;1072SX;1072SX;47;100.0;100.0;100;100;G4;935;0.0;0.0
20637;1072SZ;1072SZ;34;100.0;97.06;100;97;G4;812;0.0;0.0
20639;1072TA;1072TA;41;100.0;100.0;100;100;G4;1072;0.0;0.0
20641;1072TB;1072TB;44;100.0;90.91;100;95;G4;929;0.0;9.09
20643;1072TC;1072TC;42;100.0;100.0;100;100;G4;835;0.0;0.0
20645;1072TD;1072TD;37;100.0;100.0;100;100;G4;858;0.0;2.7
20647;1072TE;1072TE;50;100.0;96.0;100;96;G4;807;0.0;16.0
20649;1072TG;1072TG;45;100.0;97.78;100;93;G4;873;0.0;0.0
20651;1072TH;1072TH;63;100.0;100.0;100;100;G4;996;0.0;0.0
20653;1072TJ;1072TJ;36;100.0;91.67;100;97;G4;1014;0.0;77.78
20655;1072TK;1072TK;27;100.0;51.85;100;100;G4;884;0.0;29.63
20657;1072TL;1072TL;23;100.0;100.0;100;100;G4;787;0.0;100.0
20659;1072TM;1072TM;32;100.0;100.0;100;100;G4;894;0.0;90.63
20661;1072TN;1072TN;50;100.0;96.0;100;98;G4;952;0.0;54.0
20663;1072TP;1072TP;24;100.0;87.5;100;88;G4;950;0.0;0.0
20665;1072TR;1072TR;47;100.0;53.19;100;55;G4;739;0.0;17.02
20667;1072TS;1072TS;35;100.0;100.0;100;100;G4;1049;0.0;94.29
20669;1072TT;1072TT;56;100.0;100.0;100;100;G4;705;0.0;66.07
20671;1072TV;1072TV;59;100.0;84.75;100;100;G4;730;0.0;38.98
20673;1072TW;1072TW;36;100.0;100.0;100;100;G4;811;0.0;77.78
20675;1072TX;1072TX;45;100.0;100.0;100;100;G4;708;0.0;82.22
20677;1072TZ;1072TZ;55;100.0;96.36;100;95;G4;742;0.0;56.36
20679;1072VA;1072VA;35;100.0;97.14;100;100;G4;870;0.0;40.0
20681;1072VB;1072VB;35;100.0;94.29;100;94;G4;980;0.0;71.43
20683;1072VC;1072VC;49;100.0;87.76;100;98;G4;997;0.0;63.27
20685;1072VD;1072VD;33;100.0;96.97;100;97;G4;936;0.0;93.94
20687;1072VE;1072VE;20;100.0;90.0;100;100;G4;1491;0.0;0.0
20689;1072VG;1072VG;27;100.0;100.0;100;100;G4;943;0.0;0.0
20691;1072VH;1072VH;23;100.0;95.65;100;96;G4;955;0.0;0.0
20693;1072VJ;1072VJ;30;100.0;86.67;100;97;G4;989;0.0;6.67
20695;1072VK;1072VK;32;100.0;96.88;100;94;G4;1216;0.0;0.0
20697;1072VL;1072VL;34;100.0;94.12;100;97;G4;1184;0.0;8.82
20699;1072VM;1072VM;33;100.0;84.85;100;100;G4;876;0.0;0.0
20701;1072VN;1072VN;28;100.0;100.0;100;100;G4;716;0.0;7.14
20703;1072VP;1072VP;32;100.0;96.88;100;94;G4;1202;0.0;3.13
20705;1072VR;1072VR;30;100.0;96.67;100;93;G4;759;0.0;3.33
20707;1072VS;1072VS;27;100.0;100.0;100;100;G4;876;0.0;3.7
20709;1072VT;1072VT;32;100.0;93.75;100;94;G4;1016;0.0;12.5
20711;1072VV;1072VV;31;100.0;100.0;100;100;G4;861;0.0;9.68
20713;1072VW;1072VW;34;100.0;97.06;100;97;G4;804;0.0;0.0
20715;1072VX;1072VX;31;100.0;93.55;100;100;G4;2031;0.0;25.81
20717;1072VZ;1072VZ;37;100.0;94.59;100;100;G4;974;0.0;2.7
20719;1072XA;1072XA;69;100.0;68.12;100;96;G4;1037;0.0;27.54
20721;1072XB;1072XB;53;100.0;81.13;100;100;G4;1067;0.0;18.87
20723;1072XC;1072XC;41;100.0;97.56;100;98;G4;803;0.0;12.2
20725;1072XD;1072XD;46;100.0;97.83;100;98;G4;931;0.0;21.74
20727;1072XE;1072XE;28;100.0;100.0;100;100;G4;908;0.0;0.0
20729;1072XG;1072XG;34;100.0;94.12;100;100;G4;850;0.0;0.0
20731;1072XH;1072XH;29;100.0;89.66;100;90;G4;998;0.0;0.0
20733;1072XJ;1072XJ;47;100.0;100.0;100;100;G4;844;0.0;8.51
20735;1072XK;1072XK;20;100.0;100.0;100;100;G4;1055;0.0;0.0
20737;1072XL;1072XL;67;100.0;35.82;100;100;G4;1077;0.0;8.96
20739;1072XM;1072XM;31;100.0;100.0;100;100;G4;1046;0.0;6.45
20741;1072XN;1072XN;26;100.0;100.0;100;100;G4;890;0.0;0.0
20743;1072XP;1072XP;41;100.0;70.73;100;80;G4;948;0.0;12.2
20745;1072XR;1072XR;59;100.0;54.24;100;98;G4;1346;0.0;54.24
20747;1072XS;1072XS;18;100.0;94.44;100;94;G4;3032;0.0;5.56
20749;1072XT;1072XT;35;100.0;100.0;100;97;G4;710;0.0;11.43
20751;1072XV;1072XW;55;100.0;85.45;100;93;G4;1536;0.0;20.0
20753;1072XX;1072XX;30;100.0;100.0;100;97;G4;1255;0.0;13.33
20755;1072XZ;1072XZ;32;100.0;93.75;100;100;G4;957;0.0;0.0
20757;1073AA;1073AA;44;100.0;100.0;100;100;G4;1034;0.0;0.0
20759;1073AB;1073AB;25;100.0;100.0;100;96;G4;933;0.0;0.0
20761;1073AC;1073AC;21;100.0;80.95;100;86;G4;1300;0.0;0.0
20763;1073AD;1073AD;35;100.0;97.14;100;89;G4;2174;0.0;2.86
20765;1073AE;1073AE;40;100.0;97.5;100;90;G4;1191;0.0;2.5
20767;1073AG;1073AG;27;100.0;100.0;100;96;G4;1124;0.0;0.0
20769;1073AH;1073AJ;33;100.0;100.0;100;100;G4;1099;0.0;3.03
20771;1073AK;1073AK;24;100.0;100.0;100;100;G4;1058;0.0;0.0
20773;1073AL;1073AL;12;100.0;100.0;100;100;G4;1318;0.0;0.0
20775;1073AM;1073AM;20;100.0;100.0;100;100;G4;1088;0.0;0.0
20777;1073AN;1073AN;25;100.0;100.0;100;100;G4;964;0.0;0.0
20779;1073AP;1073AP;20;100.0;100.0;100;100;G4;1047;0.0;0.0
20781;1073AR;1073AR;24;100.0;100.0;100;92;G4;1937;0.0;0.0
20783;1073AS;1073AT;21;100.0;100.0;100;71;G4;2036;0.0;0.0
20786;1073AV;1073AV;26;100.0;96.15;100;73;G4;1641;0.0;3.85
20788;1073AW;1073AW;25;100.0;100.0;100;92;G4;3471;0.0;0.0
20790;1073AX;1073AX;31;100.0;100.0;100;71;G4;1964;0.0;16.13
20792;1073AZ;1073AZ;14;100.0;100.0;100;79;G4;1100;0.0;35.71
20794;1073BA;1073BA;14;100.0;100.0;100;93;G4;1728;0.0;0.0
20796;1073BB;1073BB;16;100.0;100.0;100;100;G4;1546;0.0;0.0
20798;1073BC;1073BC;45;100.0;93.33;100;98;G4;725;0.0;0.0
20800;1073BD;1073BD;31;100.0;96.77;100;97;G4;982;0.0;0.0
20802;1073BE;1073BE;62;100.0;98.39;100;98;G4;929;0.0;8.06
20804;1073BG;1073BG;71;100.0;97.18;100;96;G4;925;0.0;0.0
20806;1073BH;1073BH;48;100.0;100.0;100;96;G4;1186;0.0;2.08
20808;1073BJ;1073BJ;42;100.0;100.0;100;98;G4;932;0.0;2.38
20810;1073BK;1073BK;52;100.0;96.15;100;98;G4;841;0.0;0.0
20812;1073BL;1073BL;41;100.0;97.56;100;98;G4;2475;0.0;0.0
20814;1073BM;1073BM;37;100.0;97.3;100;95;G4;931;0.0;2.7
20816;1073BN;1073BN;38;100.0;100.0;100;95;G4;945;0.0;0.0
20818;1073BP;1073BP;36;100.0;94.44;100;97;G4;1050;0.0;2.78
20820;1073BR;1073BR;71;100.0;88.73;100;99;G4;943;0.0;9.86
20822;1073BS;1073BS;40;100.0;97.5;100;100;G4;861;0.0;0.0
20824;1073BT;1073BT;34;100.0;97.06;100;94;G4;1018;0.0;0.0
20826;1073BV;1073BV;37;100.0;100.0;100;97;G4;1305;0.0;10.81
20828;1073BW;1073BW;54;100.0;100.0;100;100;G4;987;0.0;3.7
20830;1073BX;1073BX;25;100.0;100.0;100;96;G4;937;0.0;0.0
20832;1073BZ;1073BZ;22;100.0;90.91;100;91;G4;912;0.0;18.18
20834;1073CA;1073CA;25;100.0;96.0;100;96;G4;1416;0.0;4.0
20836;1073CB;1073CB;42;100.0;88.1;100;100;G4;952;0.0;0.0
20838;1073CC;1073CC;22;100.0;86.36;100;91;G4;1211;0.0;0.0
20840;1073CD;1073CD;31;100.0;100.0;100;100;G4;1037;0.0;12.9
20842;1073CE;1073CE;30;100.0;96.67;100;100;G4;1005;0.0;6.67
20844;1073CG;1073CG;32;100.0;96.88;100;97;G4;1462;0.0;3.13
20846;1073CH;1073CH;44;100.0;97.73;100;100;G4;977;0.0;0.0
20848;1073CJ;1073CJ;38;100.0;94.74;100;95;G4;1323;0.0;0.0
20850;1073CK;1073CK;27;100.0;88.89;100;85;G4;1324;0.0;0.0
20852;1073CL;1073CL;26;100.0;100.0;100;96;G4;887;0.0;0.0
20854;1073CM;1073CM;27;100.0;96.3;100;93;G4;1470;0.0;0.0
20856;1073CN;1073CN;30;100.0;100.0;100;87;G4;1476;0.0;20.0
20858;1073CP;1073CP;24;100.0;95.83;100;71;G4;1460;0.0;0.0
20860;1073CR;1073CR;28;100.0;100.0;100;93;G4;1332;0.0;10.71
20862;1073CS;1073CS;29;100.0;100.0;100;76;G4;1618;0.0;3.45
20864;1073CT;1073CT;25;100.0;100.0;100;88;G4;1665;0.0;8.0
20866;1073CV;1073CV;22;100.0;100.0;100;100;G4;1407;0.0;4.55
20868;1073CW;1073CW;21;100.0;100.0;100;86;G4;1305;0.0;14.29
20870;1073CX;1073CX;29;100.0;100.0;100;90;G4;1343;0.0;0.0
20872;1073CZ;1073CZ;26;100.0;96.15;100;92;G4;1598;0.0;0.0
20874;1073EA;1073EA;25;100.0;96.0;100;88;G4;1548;0.0;4.0
20876;1073EB;1073EB;22;100.0;100.0;100;77;G4;1608;0.0;0.0
20878;1073EC;1073EC;19;100.0;100.0;100;79;G4;3248;0.0;5.26
20880;1073ED;1073ED;24;100.0;100.0;100;67;G4;2534;0.0;16.67
20882;1073EE;1073EE;18;100.0;100.0;100;67;G4;1831;0.0;0.0
20884;1073EG;1073EG;26;100.0;100.0;100;100;G4;956;0.0;0.0
20886;1073EH;1073EH;38;100.0;100.0;100;92;G4;1239;0.0;0.0
20888;1073EJ;1073EJ;34;100.0;100.0;100;97;G4;1239;0.0;2.94
20890;1073EK;1073EK;24;100.0;100.0;100;100;G4;1304;0.0;20.83
20892;1073EL;1073EL;44;100.0;88.64;100;84;G4;951;0.0;2.27
20894;1073EM;1073EM;24;100.0;100.0;100;100;G4;973;0.0;0.0
20896;1073EN;1073EN;39;100.0;89.74;100;100;G4;1193;0.0;12.82
20898;1073EP;1073EP;35;100.0;57.14;100;97;G4;783;0.0;0.0
20900;1073ER;1073ER;93;100.0;92.47;100;98;G4;867;0.0;26.88
20902;1073ES;1073ES;27;100.0;100.0;100;100;G4;1088;0.0;0.0
20904;1073ET;1073ET;42;100.0;100.0;100;100;G4;681;0.0;0.0
20906;1073EV;1073EV;44;100.0;90.91;100;100;G4;1256;0.0;4.55
20908;1073EW;1073EW;42;100.0;95.24;100;100;G4;1031;0.0;0.0
20910;1073EX;1073EX;42;100.0;97.62;100;100;G4;863;0.0;0.0
20912;1073EZ;1073EZ;32;100.0;100.0;100;100;G4;809;0.0;3.13
20914;1073GA;1073GA;38;100.0;100.0;100;100;G4;820;0.0;0.0
20916;1073GB;1073GB;42;100.0;97.62;100;98;G4;830;0.0;0.0
20918;1073GC;1073GC;28;100.0;100.0;100;100;G4;839;0.0;0.0
20920;1073GD;1073GD;36;100.0;88.89;100;92;G4;943;0.0;0.0
20922;1073GE;1073GE;36;100.0;97.22;100;100;G4;1112;0.0;0.0
20924;1073GG;1073GG;40;100.0;97.5;100;100;G4;1003;0.0;0.0
20926;1073GH;1073GH;41;100.0;65.85;100;98;G4;988;0.0;4.88
20928;1073GJ;1073GJ;90;100.0;92.22;100;99;G4;692;0.0;5.56
20930;1073GK;1073GK;33;100.0;100.0;100;97;G4;1818;0.0;3.03
20932;1073GL;1073GL;46;100.0;100.0;100;100;G4;833;0.0;8.7
20934;1073GM;1073GM;30;100.0;96.67;100;97;G4;1323;0.0;0.0
20936;1073GN;1073GN;28;100.0;96.43;100;100;G4;1464;0.0;0.0
20938;1073GP;1073GP;28;100.0;100.0;100;96;G4;1840;0.0;0.0
20940;1073GR;1073GR;32;100.0;100.0;100;97;G4;1100;0.0;0.0
20942;1073GS;1073GS;29;100.0;100.0;100;100;G4;715;0.0;0.0
20944;1073GT;1073GT;27;100.0;100.0;100;100;G4;723;0.0;0.0
20946;1073GV;1073GV;20;100.0;95.0;100;100;G4;766;0.0;0.0
20948;1073GW;1073GW;18;100.0;100.0;100;100;G4;717;0.0;0.0
20950;1073GX;1073GX;18;100.0;100.0;100;83;G4;3584;0.0;5.56
20952;1073GZ;1073GZ;29;100.0;100.0;100;100;G4;1089;0.0;0.0
20954;1073HA;1073HA;29;100.0;100.0;100;100;G4;796;0.0;0.0
20956;1073HB;1073HB;28;100.0;100.0;100;100;G4;1121;0.0;0.0
20958;1073HC;1073HC;20;100.0;100.0;100;95;G4;1244;0.0;0.0
20960;1073HD;1073HD;34;100.0;100.0;100;97;G4;1421;0.0;0.0
20962;1073HE;1073HE;30;100.0;100.0;100;97;G4;1294;0.0;0.0
20964;1073HG;1073HG;24;100.0;100.0;100;96;G4;1191;0.0;0.0
20966;1073HH;1073HH;25;100.0;100.0;100;100;G4;1147;0.0;0.0
20968;1073HJ;1073HJ;27;100.0;100.0;100;100;G4;1008;0.0;3.7
20970;1073HK;1073HK;35;100.0;97.14;100;94;G4;1349;0.0;14.29
20972;1073HL;1073HL;27;100.0;100.0;100;100;G4;1146;0.0;22.22
20974;1073HM;1073HM;22;100.0;100.0;100;100;G4;1271;0.0;0.0
20976;1073HN;1073HN;23;100.0;100.0;100;100;G4;1137;0.0;0.0
20978;1073HP;1073HP;18;100.0;100.0;100;100;G4;1024;0.0;0.0
20980;1073HR;1073HR;21;100.0;100.0;100;100;G4;1178;0.0;0.0
20982;1073HS;1073HS;36;100.0;100.0;100;100;G4;1146;0.0;0.0
20984;1073HT;1073HT;14;100.0;100.0;100;100;G4;1114;0.0;0.0
20986;1073HV;1073HV;14;100.0;100.0;100;100;G4;840;0.0;0.0
20988;1073HW;1073HW;43;100.0;100.0;100;100;G4;949;0.0;0.0
20990;1073HX;1073HX;36;100.0;100.0;100;100;G4;1207;0.0;0.0
20992;1073HZ;1073HZ;18;100.0;100.0;100;100;G4;1161;0.0;0.0
20994;1073JA;1073JA;27;100.0;96.3;100;100;G4;1085;0.0;3.7
20996;1073JB;1073JB;27;100.0;100.0;100;100;G4;1138;0.0;0.0
20998;1073JC;1073JC;27;100.0;100.0;100;100;G4;1144;0.0;0.0
21000;1073JD;1073JD;27;100.0;100.0;100;100;G4;1063;0.0;0.0
21002;1073JE;1073JE;36;100.0;100.0;100;100;G4;1140;0.0;0.0
21004;1073JG;1073JG;39;100.0;97.44;100;100;G4;1037;0.0;0.0
21006;1073JH;1073JH;27;100.0;100.0;100;100;G4;1045;0.0;0.0
21008;1073JJ;1073JJ;32;100.0;100.0;100;100;G4;1146;0.0;0.0
21010;1073JK;1073JK;31;100.0;96.77;100;100;G4;1113;0.0;0.0
21012;1073JL;1073JL;20;100.0;100.0;100;100;G4;1312;0.0;0.0
21014;1073JM;1073JM;33;100.0;96.97;100;100;G4;995;0.0;0.0
21016;1073JN;1073JN;19;100.0;100.0;100;100;G4;1190;0.0;0.0
21018;1073JP;1073JP;26;100.0;100.0;100;96;G4;1151;0.0;0.0
21020;1073JR;1073JR;18;100.0;100.0;100;89;G4;1810;0.0;0.0
21022;1073JS;1073JS;26;100.0;100.0;100;100;G4;1192;0.0;0.0
21024;1073JT;1073JT;25;100.0;100.0;100;100;G4;1355;0.0;0.0
21026;1073JV;1073JV;22;100.0;100.0;100;100;G4;1239;0.0;0.0
21028;1073JW;1073JW;18;100.0;100.0;100;100;G4;1237;0.0;0.0
21030;1073JX;1073JX;22;100.0;100.0;100;100;G4;1231;0.0;0.0
21032;1073KA;1073KA;37;100.0;100.0;100;97;G4;1159;0.0;5.41
21034;1073KB;1073KB;48;100.0;100.0;100;100;G4;1113;0.0;0.0
21036;1073KC;1073KG;98;100.0;100.0;100;100;G4;1123;0.0;1.02
21038;1073KH;1073KH;28;100.0;100.0;100;100;G4;1205;0.0;0.0
21040;1073KJ;1073KJ;17;100.0;100.0;100;100;G4;1158;0.0;0.0
21042;1073KK;1073KK;28;100.0;100.0;100;100;G4;1066;0.0;0.0
21044;1073KL;1073KL;17;100.0;100.0;100;100;G4;1202;0.0;0.0
21046;1073KM;1073KM;19;100.0;100.0;100;100;G4;1135;0.0;0.0
21048;1073KN;1073KN;24;100.0;100.0;100;100;G4;1110;0.0;0.0
21050;1073KP;1073KR;27;100.0;100.0;100;100;G4;963;0.0;0.0
21052;1073KS;1073KS;24;100.0;100.0;100;100;G4;1011;0.0;0.0
21054;1073KT;1073KT;18;100.0;100.0;100;100;G4;1147;0.0;0.0
21056;1073KV;1073KW;49;100.0;100.0;100;98;G4;1311;0.0;0.0
21058;1073KX;1073KX;12;100.0;100.0;100;100;G4;1174;0.0;0.0
21060;1073KZ;1073KZ;22;100.0;95.45;100;100;G4;1596;0.0;0.0
21062;1073LA;1073LA;16;100.0;100.0;100;100;G4;1066;0.0;0.0
21064;1073LB;1073LB;16;100.0;100.0;100;100;G4;1234;0.0;0.0
21066;1073LC;1073LC;23;100.0;100.0;100;96;G4;1057;0.0;0.0
21068;1073LD;1073LD;23;100.0;100.0;100;100;G4;1317;0.0;0.0
21070;1073LE;1073LE;24;100.0;100.0;100;100;G4;1016;0.0;0.0
21072;1073LG;1073LG;23;100.0;100.0;100;96;G4;1076;0.0;4.35
21074;1073LH;1073LH;23;100.0;100.0;100;100;G4;1220;0.0;0.0
21076;1073LJ;1073LJ;24;100.0;100.0;100;100;G4;927;0.0;0.0
21078;1073LK;1073LK;23;100.0;100.0;100;100;G4;1118;0.0;4.35
21080;1073LL;1073LL;43;100.0;97.67;100;91;G4;1412;0.0;6.98
21082;1073LM;1073LM;39;100.0;97.44;100;92;G4;1118;0.0;15.38
21084;1073LN;1073LN;40;100.0;95.0;100;98;G4;1707;0.0;30.0
21086;1073LP;1073LP;35;100.0;100.0;100;94;G4;996;0.0;0.0
21088;1073LR;1073LS;36;100.0;100.0;100;86;G4;1727;0.0;0.0
21090;1073LT;1073LT;25;100.0;100.0;100;92;G4;1253;0.0;4.0
21092;1073LV;1073LV;16;100.0;100.0;100;88;G4;2554;0.0;0.0
21094;1073LW;1073LW;29;100.0;100.0;100;97;G4;1586;0.0;0.0
21096;1073LX;1073LX;18;100.0;100.0;100;100;G4;1394;0.0;0.0
21098;1073LZ;1073LZ;33;100.0;93.94;100;94;G4;1398;0.0;0.0
21100;1073NA;1073NA;27;100.0;100.0;100;93;G4;1343;0.0;3.7
21102;1073NB;1073NB;32;100.0;96.88;100;91;G4;1116;0.0;0.0
21104;1073NC;1073NC;24;100.0;100.0;100;96;G4;1590;0.0;4.17
21106;1073ND;1073ND;30;100.0;96.67;100;97;G4;1411;0.0;0.0
21108;1073PW;1073PW;20;100.0;100.0;100;100;G4;1122;0.0;5.0
21110;1073PX;1073PX;36;100.0;100.0;100;100;G4;939;0.0;0.0
21112;1073PZ;1073PZ;22;100.0;100.0;100;100;G4;1036;0.0;0.0
21114;1073RA;1073RA;24;100.0;100.0;100;96;G4;968;0.0;4.17
21116;1073RB;1073RB;24;100.0;100.0;100;100;G4;994;0.0;0.0
21118;1073RC;1073RC;15;100.0;100.0;100;100;G4;1079;0.0;0.0
21120;1073RD;1073RD;14;100.0;100.0;100;100;G4;848;0.0;21.43
21122;1073RE;1073RE;33;100.0;100.0;100;100;G4;1241;0.0;0.0
21124;1073RG;1073RG;29;100.0;100.0;100;100;G4;1126;0.0;0.0
21126;1073RH;1073RH;30;100.0;100.0;100;100;G4;1047;0.0;3.33
21128;1073RJ;1073RJ;28;100.0;100.0;100;100;G4;966;0.0;0.0
21130;1073RK;1073RK;27;100.0;100.0;100;93;G4;1182;0.0;0.0
21132;1073RL;1073RL;24;100.0;100.0;100;96;G4;931;0.0;4.17
21134;1073RM;1073RM;24;100.0;100.0;100;96;G4;1169;0.0;4.17
21136;1073RN;1073RN;23;100.0;100.0;100;100;G4;1041;0.0;0.0
21138;1073RP;1073RP;12;100.0;100.0;100;92;G4;1310;0.0;58.33
21140;1073RR;1073RR;44;100.0;97.73;100;100;G4;994;0.0;0.0
21142;1073RS;1073RS;19;100.0;100.0;100;100;G4;737;0.0;0.0
21144;1073RT;1073RT;20;100.0;100.0;100;100;G4;688;0.0;0.0
21146;1073RV;1073RV;16;100.0;100.0;100;100;G4;2780;0.0;0.0
21148;1073RW;1073RW;19;100.0;94.74;100;100;G4;972;0.0;5.26
21150;1073RX;1073RZ;24;100.0;95.83;100;88;G4;2430;0.0;16.67
21152;1073SB;1073SB;41;100.0;100.0;100;100;G4;611;0.0;0.0
21154;1073SC;1073SC;48;100.0;97.92;100;96;G4;1110;0.0;0.0
21156;1073SE;1073SE;50;100.0;96.0;100;88;G4;1403;0.0;2.0
21158;1073SG;1073SG;23;100.0;95.65;100;100;G4;665;0.0;0.0
21160;1073SH;1073SH;30;100.0;96.67;100;97;G4;1535;0.0;16.67
21162;1073SJ;1073SJ;35;100.0;100.0;100;100;G4;806;0.0;2.86
21164;1073SK;1073SK;42;100.0;100.0;100;98;G4;989;0.0;11.9
21166;1073SL;1073SL;46;100.0;100.0;100;100;G4;1192;0.0;0.0
21168;1073SM;1073SM;20;100.0;100.0;100;100;G4;939;0.0;0.0
21170;1073SN;1073SN;20;100.0;100.0;100;100;G4;1089;0.0;0.0
21172;1073SP;1073SP;20;100.0;100.0;100;100;G4;1256;0.0;0.0
21174;1073SR;1073SR;29;100.0;96.55;100;97;G4;1186;0.0;0.0
21176;1073ST;1073ST;32;100.0;100.0;100;100;G4;973;0.0;18.75
21178;1073SV;1073SV;21;100.0;100.0;100;100;G4;885;0.0;9.52
21180;1073SW;1073SW;46;100.0;97.83;100;98;G4;844;0.0;6.52
21182;1073SX;1073SX;38;100.0;100.0;100;100;G4;975;0.0;2.63
21184;1073SZ;1073SZ;33;100.0;96.97;100;97;G4;1086;0.0;3.03
21186;1073TB;1073TB;35;100.0;100.0;100;97;G4;776;0.0;0.0
21188;1073TC;1073TC;25;100.0;96.0;100;96;G4;1309;0.0;0.0
21190;1073TD;1073TD;29;100.0;100.0;100;100;G4;997;0.0;0.0
21192;1073TE;1073TE;28;100.0;100.0;100;96;G4;2376;0.0;7.14
21194;1073TG;1073TG;24;100.0;100.0;100;100;G4;950;0.0;0.0
21196;1073TH;1073TH;45;100.0;100.0;100;96;G4;1401;0.0;11.11
21198;1073TJ;1073TJ;41;100.0;63.41;100;95;G4;900;0.0;0.0
21200;1073TK;1073TK;35;100.0;100.0;100;89;G4;2042;0.0;0.0
21202;1073TL;1073TL;39;100.0;100.0;100;100;G4;804;0.0;2.56
21204;1073TM;1073TM;58;100.0;77.59;100;97;G4;983;0.0;5.17
21206;1073TN;1073TN;51;100.0;100.0;100;94;G4;1463;0.0;7.84
21208;1073TP;1073TP;42;100.0;59.52;100;100;G4;1068;0.0;0.0
21210;1073TR;1073TR;51;100.0;56.86;100;100;G4;1010;0.0;7.84
21212;1073TS;1073TS;48;100.0;97.92;100;96;G4;1322;0.0;37.5
21214;1073TT;1073TT;31;100.0;93.55;100;100;G4;936;0.0;0.0
21216;1073TV;1073TV;17;100.0;94.12;100;88;G4;1465;0.0;0.0
21218;1073TW;1073TW;41;100.0;95.12;100;100;G4;982;0.0;4.88
21220;1073TX;1073TX;52;100.0;94.23;100;96;G4;836;0.0;5.77
21222;1073TZ;1073TZ;43;100.0;100.0;100;98;G4;1025;0.0;6.98
21224;1073VA;1073VA;42;100.0;97.62;100;100;G4;846;0.0;0.0
21226;1073VB;1073VB;36;100.0;66.67;100;100;G4;788;0.0;0.0
21228;1073VC;1073VC;18;100.0;100.0;100;100;G4;1132;0.0;0.0
21230;1073VD;1073VD;21;100.0;95.24;100;90;G4;1661;0.0;0.0
21232;1073VE;1073VE;37;100.0;94.59;100;95;G4;1146;0.0;10.81
21234;1073VG;1073VG;38;100.0;100.0;100;95;G4;1040;0.0;0.0
21236;1073VH;1073VH;32;100.0;100.0;100;94;G4;1125;0.0;0.0
21238;1073VJ;1073VJ;39;100.0;94.87;100;95;G4;1289;0.0;15.38
21240;1073VK;1073VK;27;100.0;100.0;100;96;G4;1021;0.0;0.0
21242;1073VL;1073VL;27;100.0;100.0;100;93;G4;1045;0.0;0.0
21244;1073VM;1073VM;22;100.0;100.0;100;100;G4;959;0.0;0.0
21246;1073VN;1073VN;34;100.0;100.0;100;97;G4;1115;0.0;0.0
21248;1073VP;1073VP;32;100.0;96.88;100;97;G4;1230;0.0;15.63
21250;1073VR;1073VR;25;100.0;100.0;100;92;G4;1396;0.0;0.0
21252;1073VS;1073VS;28;100.0;71.43;100;96;G4;853;0.0;0.0
21254;1073VT;1073VT;34;100.0;97.06;100;97;G4;1042;0.0;0.0
21256;1073VV;1073VV;19;100.0;100.0;100;100;G4;916;0.0;47.37
21258;1073VW;1073VX;43;100.0;97.67;100;93;G4;1174;0.0;4.65
21261;1073VZ;1073VZ;41;100.0;100.0;100;98;G4;935;0.0;0.0
21263;1073XA;1073XA;38;100.0;100.0;100;95;G4;875;0.0;2.63
21265;1073XB;1073XB;43;100.0;100.0;100;98;G4;1214;0.0;0.0
21267;1073XC;1073XC;29;100.0;100.0;100;97;G4;1148;0.0;3.45
21269;1073XD;1073XD;23;100.0;100.0;100;87;G4;1036;0.0;4.35
21271;1073XE;1073XE;35;100.0;88.57;100;97;G4;1526;0.0;25.71
21273;1073XG;1073XG;43;100.0;100.0;100;100;G4;897;0.0;0.0
21275;1073XH;1073XH;55;100.0;87.27;100;89;G4;1202;0.0;7.27
21277;1073XJ;1073XJ;31;100.0;96.77;100;97;G4;948;0.0;0.0
21279;1073XK;1073XK;33;100.0;100.0;100;100;G4;934;0.0;3.03
21281;1073XL;1073XL;38;100.0;100.0;100;100;G4;933;0.0;2.63
21283;1073XM;1073XM;39;100.0;94.87;100;97;G4;795;0.0;0.0
21285;1073XN;1073XN;49;100.0;100.0;100;100;G4;969;0.0;4.08
21287;1073XP;1073XP;57;100.0;100.0;100;100;G4;837;0.0;0.0
21289;1073XR;1073XR;34;100.0;85.29;100;94;G4;2594;0.0;0.0
21291;1073XS;1073XS;46;100.0;97.83;100;98;G4;880;0.0;0.0
21293;1073XT;1073XT;50;100.0;84.0;100;84;G4;823;0.0;0.0
21295;1073XV;1073XV;18;100.0;16.67;100;83;OBK;634;0.0;5.56
21297;1073XW;1073XW;60;100.0;85.0;100;88;G4;1007;0.0;1.67
21299;1073XX;1073XX;40;100.0;100.0;100;98;G4;1007;0.0;7.5
21301;1073XZ;1073XZ;40;100.0;97.5;100;98;G4;1096;0.0;2.5
21303;1074AA;1074AA;27;100.0;96.3;100;85;G4;2433;0.0;3.7
21305;1074AB;1074AB;43;100.0;100.0;100;95;G4;967;0.0;2.33
21307;1074AC;1074AC;36;100.0;97.22;100;89;G4;1368;0.0;0.0
21309;1074AD;1074AD;35;100.0;100.0;100;91;G4;1201;0.0;2.86
21311;1074AE;1074AE;21;100.0;100.0;100;95;G4;1211;0.0;4.76
21313;1074AG;1074AG;27;100.0;92.59;100;96;G4;1163;0.0;0.0
21315;1074AH;1074AH;33;100.0;100.0;100;88;G4;1579;0.0;0.0
21317;1074AJ;1074AJ;23;100.0;100.0;100;91;G4;1626;0.0;0.0
21319;1074AK;1074AK;27;100.0;100.0;100;89;G4;1648;0.0;3.7
21321;1074AL;1074AL;18;100.0;100.0;100;94;G4;1342;0.0;0.0
21323;1074AM;1074AM;24;100.0;100.0;100;100;G4;1143;0.0;4.17
21325;1074AN;1074AN;33;100.0;90.91;100;97;G4;1050;0.0;3.03
21327;1074AP;1074AP;20;100.0;95.0;100;90;G4;1381;0.0;5.0
21329;1074AR;1074AR;19;100.0;94.74;100;95;G4;900;0.0;0.0
21331;1074AS;1074AS;17;100.0;100.0;100;100;G4;1193;0.0;0.0
21333;1074AT;1074AT;25;100.0;100.0;100;96;G4;808;0.0;4.0
21335;1074AV;1074AV;18;100.0;100.0;100;67;G4;2807;0.0;5.56
21337;1074AW;1074AW;10;100.0;90.0;100;50;G4;5527;0.0;0.0
21339;1074AX;1074BB;34;100.0;94.12;100;71;G4;3365;0.0;0.0
21343;1074BC;1074BC;24;100.0;100.0;100;58;G4;2695;0.0;4.17
21345;1074BD;1074BD;29;100.0;100.0;100;100;G4;867;0.0;3.45
21347;1074BE;1074BE;11;100.0;100.0;100;64;G4;2235;0.0;9.09
21349;1074BG;1074BG;16;100.0;100.0;100;100;G4;1929;0.0;6.25
21351;1074BH;1074BH;16;100.0;100.0;100;63;G4;2136;0.0;25.0
21353;1074BJ;1074BJ;12;100.0;91.67;100;50;G4;2647;0.0;0.0
21355;1074BK;1074BK;11;100.0;100.0;100;64;G4;4462;0.0;0.0
21357;1074BL;1074BL;15;100.0;80.0;100;67;G4;1935;0.0;0.0
21359;1074BM;1074BM;31;100.0;90.32;100;94;G4;1472;0.0;16.13
21361;1074BN;1074BN;37;100.0;100.0;100;100;G4;1039;0.0;2.7
21363;1074BP;1074BP;26;100.0;92.31;100;88;G4;1399;0.0;7.69
21365;1074BR;1074BR;26;100.0;100.0;100;88;G4;814;0.0;19.23
21367;1074BS;1074BS;35;100.0;94.29;100;97;G4;1254;0.0;8.57
21369;1074BT;1074BT;34;100.0;97.06;100;94;G4;1267;0.0;2.94
21371;1074CA;1074CA;34;100.0;88.24;100;97;G4;847;0.0;0.0
21373;1074CB;1074CB;26;100.0;92.31;100;100;G4;1101;0.0;0.0
21375;1074CC;1074CC;27;100.0;92.59;100;93;G4;1048;0.0;0.0
21377;1074CD;1074CD;29;100.0;100.0;100;86;G4;1279;0.0;0.0
21379;1074CE;1074CE;26;100.0;92.31;100;92;G4;1403;0.0;7.69
21381;1074CG;1074CG;33;100.0;100.0;100;100;G4;1226;0.0;0.0
21383;1074CH;1074CH;31;100.0;93.55;100;94;G4;1177;0.0;3.23
21385;1074CJ;1074CJ;35;100.0;85.71;100;86;G4;1400;0.0;0.0
21387;1074CK;1074CK;43;100.0;95.35;100;98;G4;959;0.0;0.0
21389;1074CL;1074CL;30;100.0;100.0;100;100;G4;879;0.0;0.0
21391;1074CM;1074CM;30;100.0;100.0;100;97;G4;935;0.0;0.0
21393;1074CN;1074CN;47;100.0;91.49;100;100;G4;1268;0.0;19.15
21395;1074CP;1074CP;42;100.0;97.62;100;100;G4;921;0.0;0.0
21397;1074CR;1074CR;53;100.0;94.34;100;100;G4;1090;0.0;9.43
21399;1074CS;1074CS;29;100.0;100.0;100;100;G4;1072;0.0;0.0
21401;1074CT;1074CT;29;100.0;93.1;100;100;G4;1277;0.0;27.59
21403;1074CV;1074CV;50;100.0;92.0;100;82;G4;2032;0.0;0.0
21405;1074CW;1074CW;31;100.0;93.55;100;84;G4;1211;0.0;0.0
21407;1074CX;1074CX;26;100.0;100.0;100;96;G4;1282;0.0;0.0
21409;1074CZ;1074CZ;28;100.0;100.0;100;93;G4;1435;0.0;0.0
21411;1074DA;1074DA;17;100.0;100.0;100;100;G4;827;0.0;0.0
21413;1074DB;1074DB;13;100.0;92.31;100;100;G4;1108;0.0;0.0
21415;1074EA;1074EA;48;100.0;89.58;100;94;G4;885;0.0;0.0
21417;1074EB;1074EB;27;100.0;100.0;100;93;G4;1787;0.0;44.44
21419;1074EC;1074EC;39;100.0;94.87;100;95;G4;1149;0.0;0.0
21421;1074ED;1074ED;79;100.0;98.73;100;100;G4;887;0.0;7.59
21423;1074EE;1074EE;52;100.0;100.0;100;100;G4;798;0.0;38.46
21425;1074EG;1074EG;21;100.0;100.0;100;100;G4;1083;0.0;0.0
21427;1074EH;1074EH;36;100.0;97.22;100;100;G4;1114;0.0;8.33
21429;1074EJ;1074EJ;29;100.0;100.0;100;100;G4;918;0.0;3.45
21431;1074EK;1074EK;24;100.0;95.83;100;96;G4;1227;0.0;4.17
21433;1074EL;1074EL;24;100.0;100.0;100;100;G4;939;0.0;0.0
21435;1074EM;1074EM;29;100.0;96.55;100;100;G4;751;0.0;0.0
21437;1074EN;1074EN;60;100.0;100.0;100;100;G4;794;0.0;0.0
21439;1074EP;1074EP;22;100.0;100.0;100;95;G4;1667;0.0;0.0
21441;1074ER;1074ER;21;100.0;95.24;100;100;G4;1084;0.0;14.29
21443;1074ES;1074ES;24;100.0;95.83;100;100;G4;1120;0.0;45.83
21445;1074ET;1074ET;39;100.0;100.0;100;100;G4;1203;0.0;28.21
21447;1074EV;1074EV;22;100.0;100.0;100;100;G4;1040;0.0;0.0
21449;1074EW;1074EW;26;100.0;100.0;100;100;G4;809;0.0;0.0
21451;1074EX;1074EX;19;100.0;100.0;100;100;G4;1075;0.0;15.79
21453;1074EZ;1074EZ;14;100.0;100.0;100;100;G4;1210;0.0;0.0
21455;1074GA;1074GA;27;100.0;100.0;100;100;G4;1239;0.0;0.0
21457;1074GC;1074GC;49;100.0;100.0;100;100;G4;1024;0.0;0.0
21459;1074GD;1074GD;24;100.0;100.0;100;100;G4;1149;0.0;4.17
21461;1074GG;1074GG;53;100.0;100.0;100;98;G4;1393;0.0;0.0
21463;1074GH;1074GH;34;100.0;100.0;100;100;G4;1326;0.0;0.0
21465;1074GJ;1074GJ;24;100.0;100.0;100;92;G4;913;0.0;0.0
21467;1074GK;1074GK;24;100.0;95.83;100;100;G4;932;0.0;0.0
21469;1074GL;1074GL;36;100.0;100.0;100;100;G4;1050;0.0;2.78
21471;1074GM;1074GM;28;100.0;100.0;100;100;G4;960;0.0;3.57
21473;1074GN;1074GN;28;100.0;100.0;100;100;G4;1011;0.0;0.0
21475;1074GP;1074GP;28;100.0;96.43;100;100;G4;944;0.0;0.0
21477;1074GR;1074GR;21;100.0;100.0;100;100;G4;1483;0.0;0.0
21479;1074GS;1074GS;12;100.0;100.0;100;100;G4;1169;0.0;0.0
21481;1074GX;1074GZ;112;100.0;100.0;100;100;G4;978;0.0;0.0
21483;1074HA;1074HA;12;100.0;91.67;100;83;G4;3466;0.0;0.0
21485;1074HB;1074HB;22;100.0;100.0;100;100;G4;1257;0.0;4.55
21487;1074HC;1074HE;68;100.0;100.0;100;100;G4;1030;0.0;1.47
21489;1074HG;1074HJ;52;100.0;100.0;100;100;G4;1236;0.0;30.77
21491;1074HK;1074HL;48;100.0;97.92;100;100;G4;1128;0.0;0.0
21493;1074HM;1074HN;36;100.0;100.0;100;100;G4;1883;0.0;0.0
21495;1074HP;1074HP;12;100.0;100.0;100;92;G4;2558;0.0;50.0
21497;1074HR;1074HR;27;100.0;92.59;100;81;G4;1909;0.0;88.89
21499;1074HS;1074HS;17;100.0;100.0;100;76;G4;1875;0.0;82.35
21501;1074HT;1074HT;24;100.0;100.0;100;83;G4;2136;0.0;75.0
21503;1074HV;1074HV;29;100.0;100.0;100;90;G4;1746;0.0;82.76
21505;1074HW;1074HW;22;100.0;100.0;100;95;G4;1720;0.0;0.0
21507;1074HX;1074HX;26;100.0;96.15;100;92;G4;1639;0.0;88.46
21509;1074HZ;1074HZ;25;100.0;96.0;100;80;G4;5436;0.0;88.0
21511;1074JA;1074JA;22;100.0;100.0;100;91;G4;1801;0.0;68.18
21513;1074JB;1074JB;22;100.0;100.0;100;73;G4;2266;0.0;90.91
21515;1074JC;1074JC;16;100.0;100.0;100;100;G4;1425;0.0;25.0
21517;1074JD;1074JD;16;100.0;100.0;100;100;G4;1401;0.0;100.0
21519;1074JE;1074JE;16;100.0;100.0;100;100;G4;1398;0.0;87.5
21521;1074JG;1074JG;16;100.0;100.0;100;100;G4;1301;0.0;50.0
21523;1074JH;1074JH;46;100.0;95.65;100;93;G4;2136;0.0;0.0
21525;1074JJ;1074JJ;66;100.0;96.97;100;97;G4;1349;0.0;3.03
21527;1074JL;1074JL;18;100.0;100.0;100;100;G4;778;0.0;5.56
21529;1074JM;1074SP;29;100.0;100.0;100;100;G4;1239;0.0;13.79
21531;1074SR;1074SR;25;100.0;96.0;100;100;G4;1226;0.0;0.0
21533;1074ST;1074ST;18;100.0;100.0;100;100;G4;925;0.0;0.0
21535;1074SV;1074SV;18;100.0;100.0;100;100;G4;1132;0.0;0.0
21537;1074SW;1074SW;20;100.0;100.0;100;100;G4;1100;0.0;0.0
21539;1074SX;1074SZ;33;100.0;96.97;100;100;G4;1273;0.0;3.03
21541;1074TA;1074TB;33;100.0;100.0;100;100;G4;1216;0.0;0.0
21543;1074TC;1074TC;18;100.0;100.0;100;94;G4;1024;0.0;5.56
21545;1074TK;1074TK;10;100.0;100.0;100;100;G4;1292;0.0;0.0
21547;1074TL;1074TL;11;100.0;100.0;100;100;G4;1675;0.0;0.0
21549;1074TM;1074TM;38;100.0;100.0;100;100;G4;1331;0.0;2.63
21551;1074TN;1074TN;25;100.0;100.0;100;100;G4;872;0.0;0.0
21553;1074TP;1074TP;23;100.0;95.65;100;100;G4;969;0.0;0.0
21555;1074TR;1074TR;16;100.0;100.0;100;100;G4;1022;0.0;0.0
21557;1074TS;1074TS;36;100.0;100.0;100;100;G4;928;0.0;0.0
21559;1074TT;1074TT;28;100.0;100.0;100;100;G4;902;0.0;0.0
21561;1074TV;1074TV;18;100.0;100.0;100;94;G4;1477;0.0;0.0
21563;1074TW;1074TW;20;100.0;100.0;100;100;G4;863;0.0;0.0
21565;1074TX;1074TX;16;100.0;100.0;100;100;G4;1399;0.0;0.0
21567;1074TZ;1074TZ;22;100.0;95.45;100;100;G4;1520;0.0;0.0
21569;1074VA;1074VA;26;100.0;100.0;100;100;G4;1198;0.0;0.0
21571;1074VB;1074VB;19;100.0;100.0;100;95;G4;1516;0.0;0.0
21573;1074VC;1074VC;18;100.0;100.0;100;100;G4;1340;0.0;0.0
21575;1074VD;1074VD;21;100.0;95.24;100;95;G4;1381;0.0;0.0
21577;1074VE;1074VE;18;100.0;100.0;100;100;G4;1199;0.0;0.0
21579;1074VG;1074VG;27;100.0;100.0;100;100;G4;1392;0.0;0.0
21581;1074VH;1074VH;33;100.0;100.0;100;100;G4;996;0.0;15.15
21583;1074VJ;1074VJ;15;100.0;100.0;100;93;G4;2892;0.0;26.67
21585;1074VK;1074VK;25;100.0;100.0;100;100;G4;1255;0.0;0.0
21587;1074VL;1074VL;27;100.0;100.0;100;93;G4;1045;0.0;0.0
21589;1074VM;1074VM;55;100.0;100.0;100;95;G4;1857;0.0;1.82
21591;1074VN;1074VN;24;100.0;95.83;100;92;G4;2242;0.0;4.17
21593;1074VP;1074VP;32;100.0;96.88;100;97;G4;1063;0.0;9.38
21595;1074VR;1074VR;31;100.0;93.55;100;97;G4;1089;0.0;0.0
21597;1074VS;1074VS;22;100.0;100.0;100;100;G4;980;0.0;0.0
21599;1074VT;1074VT;18;100.0;100.0;100;89;G4;2114;0.0;0.0
21601;1074VV;1074VV;46;100.0;100.0;100;98;G4;1796;0.0;0.0
21603;1074VW;1074VW;35;100.0;97.14;100;100;G4;1005;0.0;0.0
21605;1074VX;1074VX;13;100.0;100.0;100;100;G4;903;0.0;0.0
21607;1074VZ;1074VZ;43;100.0;100.0;100;98;G4;979;0.0;0.0
21609;1074XA;1074XA;48;100.0;100.0;100;98;G4;976;0.0;14.58
21611;1074XB;1074XB;29;100.0;89.66;100;100;G4;929;0.0;0.0
21613;1074XC;1074XD;33;100.0;96.97;100;100;G4;654;0.0;0.0
21615;1074XE;1074XE;32;100.0;96.88;100;100;G4;1104;0.0;0.0
21617;1074XG;1074XH;34;100.0;94.12;100;94;G4;1345;0.0;61.76
21620;1074XJ;1074XJ;39;100.0;100.0;100;100;G4;787;0.0;0.0
21622;1074XK;1074XK;32;100.0;100.0;100;91;G4;1413;0.0;0.0
21624;1074XL;1074XL;26;100.0;100.0;100;100;G4;1294;0.0;3.85
21626;1074XM;1074XM;33;100.0;100.0;100;100;G4;917;0.0;0.0
21628;1074XN;1074XN;29;100.0;96.55;100;97;G4;923;0.0;13.79
21630;1074XP;1074XP;30;100.0;100.0;100;100;G4;677;0.0;16.67
21632;1074XR;1074XR;22;100.0;95.45;100;86;G4;2463;0.0;0.0
21634;1074XS;1074XS;28;100.0;92.86;100;89;G4;1155;0.0;3.57
21636;1074XT;1074XT;47;100.0;78.72;100;79;G4;1149;0.0;12.77
21638;1074XV;1074XV;61;100.0;98.36;100;100;G4;692;0.0;0.0
21640;1074XW;1074XW;62;100.0;100.0;100;100;G4;656;0.0;0.0
21642;1074XX;1074XX;22;100.0;100.0;100;95;G4;1154;0.0;0.0
21644;1074XZ;1074XZ;26;100.0;100.0;100;100;G4;1406;0.0;11.54
21646;1075AA;1075AA;18;100.0;100.0;100;72;G4;2447;0.0;0.0
21648;1075AB;1075AD;29;100.0;93.1;100;41;G4;7862;0.0;20.69
21651;1075AE;1075AE;13;100.0;92.31;100;46;G16;6816;0.0;7.69
21653;1075AG;1075AG;10;100.0;90.0;100;40;G4;5930;0.0;60.0
21655;1075AH;1075AH;10;100.0;100.0;100;50;G6;7985;0.0;70.0
21657;1075AJ;1075AK;21;100.0;100.0;100;43;G6;5107;0.0;61.9
21660;1075AL;1075AM;21;100.0;100.0;100;57;G4;2797;0.0;0.0
21663;1075AN;1075AN;24;100.0;87.5;100;75;G4;2904;0.0;62.5
21665;1075AP;1075AR;20;100.0;100.0;100;50;G4;4515;0.0;30.0
21668;1075AS;1075AS;13;100.0;92.31;100;92;G4;2624;0.0;46.15
21670;1075AT;1075AT;13;100.0;100.0;100;69;G4;3959;0.0;7.69
21672;1075AV;1075AV;13;100.0;100.0;100;46;G6;5257;0.0;0.0
21674;1075AW;1075AW;12;100.0;83.33;100;42;G4;6399;0.0;16.67
21676;1075AX;1075AX;12;100.0;100.0;100;50;G6;4248;0.0;8.33
21678;1075AZ;1075AZ;11;100.0;100.0;100;36;G4;8718;0.0;0.0
21680;1075BA;1075BA;11;100.0;100.0;100;45;G6;5418;0.0;9.09
21682;1075BB;1075BB;15;100.0;100.0;100;53;G6;2860;0.0;0.0
21684;1075BC;1075BC;11;100.0;90.91;100;55;G6;2694;0.0;0.0
21686;1075BD;1075BD;18;100.0;100.0;100;72;G4;3003;0.0;27.78
21688;1075BE;1075BG;30;100.0;90.0;100;57;G4;4722;0.0;26.67
21691;1075BH;1075BH;12;100.0;100.0;100;42;G4;6249;0.0;8.33
21692;1075BJ;1075BJ;11;100.0;100.0;100;55;G6;3966;0.0;0.0
21695;1075BK;1075BK;18;100.0;94.44;100;78;G4;2044;0.0;0.0
21697;1075BL;1075BL;12;100.0;100.0;100;58;G4;3863;0.0;8.33
21699;1075BM;1075BP;25;100.0;100.0;100;64;G4;4529;0.0;0.0
21701;1075BR;1075BR;10;100.0;100.0;100;50;G4;5727;0.0;60.0
21703;1075BS;1075BS;13;100.0;100.0;100;92;G4;1843;0.0;0.0
21705;1075BT;1075BT;10;100.0;100.0;100;40;G6;9048;0.0;0.0
21707;1075BV;1075BV;16;100.0;81.25;100;75;G4;2050;0.0;0.0
21709;1075BW;1075BX;26;100.0;92.31;100;73;G4;1623;0.0;7.69
21711;1075BZ;1075BZ;10;100.0;90.0;100;60;G4;3144;0.0;0.0
21713;1075CA;1075CA;21;100.0;100.0;100;81;G4;1723;0.0;0.0
21715;1075CB;1075CB;28;100.0;100.0;100;89;G4;1380;0.0;0.0
21717;1075CC;1075CC;29;100.0;100.0;100;86;G4;1439;0.0;13.79
21719;1075CD;1075CD;24;100.0;100.0;100;100;G4;1366;0.0;16.67
21721;1075CE;1075CE;17;100.0;100.0;100;82;G4;1319;0.0;0.0
21723;1075CG;1075CG;20;100.0;95.0;100;65;G4;3740;0.0;5.0
21725;1075CH;1075CH;21;100.0;100.0;100;81;G4;1606;0.0;4.76
21727;1075CJ;1075CJ;23;100.0;95.65;100;61;G4;2289;0.0;0.0
21729;1075CK;1075CK;21;100.0;100.0;100;57;G4;1933;0.0;0.0
21731;1075CL;1075CL;23;100.0;95.65;100;57;G4;1818;0.0;0.0
21733;1075CM;1075CM;18;100.0;100.0;100;72;G4;1362;0.0;0.0
21735;1075CN;1075CN;16;100.0;100.0;100;56;G4;3470;0.0;0.0
21737;1075CP;1075CP;21;100.0;100.0;100;76;G4;1689;0.0;0.0
21739;1075CR;1075CR;21;100.0;100.0;100;67;G4;1815;0.0;4.76
21741;1075CS;1075CS;25;100.0;84.0;100;64;G4;1890;0.0;4.0
21743;1075CT;1075CT;20;100.0;100.0;100;70;G4;2468;0.0;10.0
21745;1075CV;1075CV;18;100.0;100.0;100;89;G4;1775;0.0;0.0
21747;1075CW;1075CW;20;100.0;100.0;100;85;G4;1406;0.0;0.0
21749;1075CX;1075CX;17;100.0;100.0;100;59;G4;5021;0.0;5.88
21751;1075CZ;1075EA;24;100.0;95.83;100;58;G4;2392;0.0;0.0
21754;1075EB;1075EB;18;100.0;94.44;100;61;G4;3479;0.0;27.78
21756;1075EC;1075EC;12;100.0;100.0;100;58;G6;4753;0.0;8.33
21758;1075ED;1075ED;17;100.0;88.24;100;71;G4;1994;0.0;0.0
21760;1075EE;1075EE;18;100.0;94.44;100;61;G4;1945;0.0;0.0
21762;1075EG;1075EH;20;100.0;100.0;100;60;G4;3228;0.0;5.0
21764;1075EJ;1075EJ;12;100.0;100.0;100;75;G6;2137;0.0;25.0
21766;1075EK;1075EK;13;100.0;100.0;100;54;G6;2217;0.0;0.0
21768;1075EL;1075EL;19;100.0;100.0;100;74;G4;1614;0.0;21.05
21770;1075EM;1075EM;11;100.0;100.0;100;73;G4;1346;0.0;0.0
21772;1075EN;1075EN;15;100.0;100.0;100;80;G4;3157;0.0;13.33
21774;1075EP;1075EP;23;100.0;91.3;100;78;G4;1964;0.0;0.0
21776;1075ER;1075ER;22;100.0;100.0;100;77;G4;1686;0.0;13.64
21778;1075ES;1075ES;16;100.0;100.0;100;75;G4;2235;0.0;18.75
21780;1075ET;1075ET;19;100.0;94.74;100;84;G4;1779;0.0;15.79
21782;1075EV;1075EV;25;100.0;96.0;100;84;G4;1651;0.0;0.0
21784;1075EW;1075EW;23;100.0;100.0;100;78;G4;2157;0.0;0.0
21786;1075EX;1075EX;22;100.0;100.0;100;82;G4;1799;0.0;0.0
21788;1075EZ;1075EZ;14;100.0;100.0;100;71;G4;2068;0.0;14.29
21790;1075GA;1075GA;18;100.0;100.0;100;83;G4;1876;0.0;0.0
21792;1075GB;1075GB;20;100.0;100.0;100;75;G4;1848;0.0;0.0
21794;1075GC;1075GC;26;100.0;100.0;100;69;G4;1703;0.0;0.0
21796;1075GD;1075GD;20;100.0;100.0;100;80;G4;2144;0.0;0.0
21798;1075GE;1075GE;25;100.0;100.0;100;72;G4;1670;0.0;0.0
21800;1075GG;1075GG;20;100.0;100.0;100;70;G4;1833;0.0;0.0
21802;1075GH;1075GH;18;100.0;100.0;100;67;G4;1737;0.0;0.0
21804;1075GJ;1075GJ;35;100.0;97.14;100;77;G4;2106;0.0;20.0
21806;1075GK;1075GK;27;100.0;100.0;100;70;G4;2068;0.0;3.7
21808;1075GL;1075GL;26;100.0;100.0;100;88;G4;1898;0.0;7.69
21810;1075GM;1075GM;20;100.0;100.0;100;60;G4;2052;0.0;15.0
21812;1075GN;1075GN;22;100.0;95.45;100;95;G4;1699;0.0;0.0
21814;1075GP;1075GP;21;100.0;100.0;100;76;G4;1737;0.0;0.0
21816;1075GR;1075GR;10;100.0;100.0;100;90;G4;1830;0.0;0.0
21818;1075GS;1075GS;11;100.0;100.0;100;82;G4;3382;0.0;0.0
21820;1075GT;1075GV;21;100.0;100.0;100;71;G4;2044;0.0;9.52
21823;1075GW;1075GW;15;100.0;100.0;100;73;G4;2006;0.0;0.0
21825;1075GX;1075GX;16;100.0;100.0;100;69;G4;2835;0.0;12.5
21827;1075GZ;1075GZ;21;100.0;90.48;100;76;G4;1595;0.0;0.0
21829;1075HA;1075HA;20;100.0;100.0;100;90;G4;1812;0.0;15.0
21831;1075HB;1075HB;13;100.0;100.0;100;54;G4;2216;0.0;0.0
21833;1075HC;1075HC;17;100.0;94.12;100;65;G4;1882;0.0;0.0
21835;1075HD;1075HD;17;100.0;100.0;100;94;G4;2053;0.0;35.29
21837;1075HE;1075HE;17;100.0;100.0;100;82;G4;2064;0.0;17.65
21839;1075HG;1075HG;18;100.0;100.0;100;78;G4;2080;0.0;0.0
21841;1075HH;1075HH;10;100.0;100.0;100;50;G6;6034;0.0;50.0
21843;1075HJ;1075HK;28;100.0;92.86;100;61;G4;3669;0.0;25.0
21845;1075HL;1075HL;23;100.0;100.0;100;70;G4;2578;0.0;39.13
21847;1075HM;1075HM;39;100.0;94.87;100;85;G4;1747;0.0;28.21
21849;1075HN;1075HS;35;100.0;97.14;100;40;G4;5542;0.0;2.86
21851;1075HT;1075HT;18;100.0;94.44;100;67;G4;2295;0.0;5.56
21853;1075HV;1075HV;16;100.0;93.75;100;69;G4;1580;0.0;0.0
21855;1075HW;1075KH;27;100.0;92.59;100;81;G4;1861;0.0;7.41
21857;1075KJ;1075KJ;18;100.0;94.44;100;61;G4;2122;0.0;0.0
21859;1075KK;1075KK;21;100.0;100.0;100;95;G4;2121;0.0;0.0
21861;1075KL;1075KL;20;100.0;100.0;100;100;G4;1476;0.0;0.0
21863;1075KM;1075KM;21;100.0;100.0;100;100;G4;1289;0.0;0.0
21865;1075KN;1075KN;23;100.0;95.65;100;100;G4;1523;0.0;0.0
21867;1075KT;1075KT;58;100.0;98.28;100;100;G4;874;0.0;0.0
21869;1075KV;1075KV;15;100.0;100.0;100;100;G4;1001;0.0;0.0
21871;1075KW;1075KW;19;100.0;100.0;100;89;G4;2079;0.0;0.0
21873;1075KX;1075KX;14;100.0;100.0;100;100;G4;978;0.0;0.0
21875;1075KZ;1075LA;26;100.0;92.31;100;85;G4;1421;0.0;0.0
21876;1075LB;1075LB;10;100.0;80.0;100;50;G4;15086;0.0;10.0
21878;1075LC;1075LE;32;100.0;96.88;100;97;G4;1371;0.0;18.75
21880;1075LG;1075LH;32;100.0;100.0;100;100;G4;955;0.0;12.5
21882;1075LJ;1075LJ;23;100.0;100.0;100;100;G4;1279;0.0;0.0
21884;1075LK;1075LM;39;100.0;100.0;100;100;G4;879;0.0;0.0
21886;1075LN;1075LN;18;100.0;100.0;100;100;G4;1339;0.0;0.0
21888;1075LP;1075LP;20;100.0;100.0;100;100;G4;1122;0.0;0.0
21890;1075LR;1075LR;10;100.0;100.0;100;90;G4;1237;0.0;0.0
21892;1075LS;1075LS;30;100.0;100.0;100;97;G4;1100;0.0;0.0
21894;1075LT;1075LT;17;100.0;100.0;100;100;G4;1498;0.0;5.88
21896;1075LV;1075LV;16;100.0;100.0;100;100;G4;1117;0.0;0.0
21898;1075LW;1075LW;16;100.0;100.0;100;100;G4;1141;0.0;0.0
21900;1075LX;1075LX;20;100.0;100.0;100;95;G4;980;0.0;40.0
21902;1075LZ;1075LZ;16;100.0;100.0;100;100;G4;933;0.0;0.0
21904;1075NB;1075NB;25;100.0;92.0;100;76;G4;2192;0.0;0.0
21906;1075NC;1075NC;19;100.0;100.0;100;68;G4;1284;0.0;21.05
21908;1075ND;1075ND;16;100.0;100.0;100;100;G4;1412;0.0;0.0
21910;1075NE;1075NE;20;100.0;100.0;100;100;G4;1495;0.0;0.0
21912;1075NG;1075NG;16;100.0;100.0;100;100;G4;1337;0.0;0.0
21914;1075NH;1075NH;24;100.0;95.83;100;100;G4;1222;0.0;0.0
21916;1075NJ;1075NJ;22;100.0;100.0;100;91;G4;1766;0.0;0.0
21918;1075NK;1075NK;24;100.0;100.0;100;100;G4;1177;0.0;0.0
21920;1075NL;1075NL;22;100.0;100.0;100;77;G4;2122;0.0;0.0
21922;1075NM;1075NM;24;100.0;100.0;100;100;G4;961;0.0;0.0
21924;1075NN;1075NN;16;100.0;100.0;100;100;G4;1299;0.0;0.0
21926;1075NP;1075NP;16;100.0;100.0;100;100;G4;1248;0.0;0.0
21928;1075NR;1075NR;14;100.0;100.0;100;86;G4;1090;0.0;0.0
21930;1075NS;1075NS;17;100.0;100.0;100;88;G4;2189;0.0;0.0
21932;1075NT;1075NT;20;100.0;95.0;100;90;G4;1446;0.0;5.0
21934;1075NV;1075NV;20;100.0;100.0;100;100;G4;1086;0.0;0.0
21936;1075NX;1075NX;17;100.0;100.0;100;100;G4;1147;0.0;23.53
21938;1075NZ;1075NZ;20;100.0;100.0;100;100;G4;1018;0.0;0.0
21940;1075PA;1075PA;25;100.0;100.0;100;84;G4;1974;0.0;0.0
21942;1075PB;1075PB;16;100.0;100.0;100;100;G4;1224;0.0;0.0
21944;1075PC;1075PC;14;100.0;100.0;100;100;G4;1246;0.0;0.0
21946;1075PD;1075PD;34;100.0;85.29;100;91;G4;1204;0.0;0.0
21948;1075PE;1075PE;28;100.0;100.0;100;100;G4;1207;0.0;3.57
21950;1075PG;1075PG;15;100.0;100.0;100;100;G4;1087;0.0;0.0
21952;1075PH;1075PH;16;100.0;100.0;100;100;G4;1324;0.0;0.0
21954;1075PJ;1075PJ;22;100.0;77.27;100;73;G4;2155;0.0;18.18
21956;1075PK;1075PK;15;100.0;100.0;100;53;G4;2335;0.0;13.33
21958;1075PL;1075PL;17;100.0;94.12;100;71;G4;2156;0.0;0.0
21960;1075PM;1075PM;26;100.0;100.0;100;81;G4;1780;0.0;7.69
21962;1075PN;1075PN;16;100.0;100.0;100;100;G4;1247;0.0;0.0
21964;1075PP;1075PP;28;100.0;96.43;100;100;G4;1206;0.0;14.29
21966;1075PR;1075PR;19;100.0;73.68;100;79;G4;890;0.0;0.0
21968;1075PS;1075PS;19;100.0;100.0;100;79;G4;1918;0.0;0.0
21970;1075PT;1075PT;22;100.0;100.0;100;73;G4;1815;0.0;9.09
21972;1075PV;1075PV;18;100.0;100.0;100;78;G4;1508;0.0;0.0
21974;1075PW;1075PW;16;100.0;100.0;100;63;G4;2255;0.0;6.25
21976;1075PX;1075PX;16;100.0;100.0;100;50;G6;2280;0.0;6.25
21978;1075PZ;1075PZ;17;100.0;100.0;100;76;G4;2183;0.0;11.76
21980;1075RA;1075RA;20;100.0;100.0;100;75;G4;1847;0.0;5.0
21982;1075RB;1075RB;22;100.0;95.45;100;82;G4;1882;0.0;0.0
21984;1075RC;1075RC;10;100.0;100.0;100;60;G6;2631;0.0;0.0
21986;1075RD;1075RD;22;100.0;100.0;100;91;G4;1705;0.0;13.64
21988;1075RE;1075RE;18;100.0;100.0;100;56;G4;2034;0.0;11.11
21990;1075RG;1075RG;16;100.0;100.0;100;69;G4;2551;0.0;6.25
21992;1075RH;1075RH;21;100.0;100.0;100;81;G4;1910;0.0;19.05
21994;1075RJ;1075RJ;10;100.0;100.0;100;100;G4;1626;0.0;80.0
21996;1075RM;1075RM;80;100.0;100.0;100;100;G4;1310;0.0;73.75
21998;1075RN;1075RN;35;100.0;100.0;100;97;G4;921;0.0;74.29
22000;1075RP;1075RP;40;100.0;90.0;100;98;G4;859;0.0;60.0
22002;1075RR;1075RR;37;100.0;97.3;100;97;G4;976;0.0;62.16
22004;1075RS;1075RS;34;100.0;100.0;100;100;G4;1056;0.0;82.35
22006;1075RT;1075RT;35;100.0;100.0;100;100;G4;1165;0.0;2.86
22008;1075RV;1075RV;44;100.0;100.0;100;98;G4;978;0.0;2.27
22010;1075RW;1075RW;23;100.0;100.0;100;100;G4;822;0.0;21.74
22012;1075RX;1075RX;23;100.0;100.0;100;100;G4;1461;0.0;0.0
22014;1075RZ;1075RZ;38;100.0;100.0;100;89;G4;1242;0.0;2.63
22016;1075SB;1075SB;40;100.0;100.0;100;95;G4;1177;0.0;0.0
22018;1075SC;1075SC;22;100.0;100.0;100;95;G4;1159;0.0;0.0
22020;1075SE;1075SE;20;100.0;100.0;100;100;G4;929;0.0;0.0
22022;1075SG;1075SG;24;100.0;95.83;100;83;G4;1247;0.0;20.83
22024;1075SH;1075SH;36;100.0;100.0;100;89;G4;1370;0.0;25.0
22026;1075SJ;1075SJ;37;100.0;97.3;100;92;G4;1356;0.0;2.7
22028;1075SK;1075SK;19;100.0;100.0;100;100;G4;1100;0.0;0.0
22030;1075SL;1075SL;40;100.0;97.5;100;98;G4;1122;0.0;42.5
22032;1075SM;1075SM;42;100.0;95.24;100;98;G4;1033;0.0;59.52
22034;1075SN;1075SN;41;100.0;95.12;100;100;G4;882;0.0;31.71
22036;1075SP;1075SP;22;100.0;100.0;100;95;G4;1171;0.0;13.64
22038;1075SR;1075SR;23;100.0;100.0;100;100;G4;968;0.0;82.61
22040;1075ST;1075ST;35;100.0;94.29;100;97;G4;1187;0.0;22.86
22042;1075SV;1075SV;36;100.0;97.22;100;94;G4;1118;0.0;27.78
22044;1075SW;1075SW;30;100.0;96.67;100;97;G4;1780;0.0;26.67
22046;1075SX;1075SX;33;100.0;100.0;100;97;G4;1008;0.0;12.12
22048;1075SZ;1075SZ;49;100.0;100.0;100;100;G4;959;0.0;67.35
22050;1075TA;1075TA;41;100.0;95.12;100;100;G4;1122;0.0;9.76
22052;1075TB;1075TB;39;100.0;100.0;100;97;G4;1012;0.0;0.0
22054;1075TC;1075TC;16;100.0;93.75;100;100;G4;1080;0.0;12.5
22056;1075TD;1075TD;32;100.0;100.0;100;97;G4;967;0.0;0.0
22058;1075TE;1075TE;42;100.0;100.0;100;95;G4;1047;0.0;0.0
22060;1075TG;1075TG;44;100.0;97.73;100;100;G4;1016;0.0;11.36
22062;1075TH;1075TH;49;100.0;95.92;100;96;G4;1118;0.0;8.16
22064;1075TJ;1075TJ;21;100.0;100.0;100;86;G4;1970;0.0;57.14
22066;1075TK;1075TK;28;100.0;96.43;100;79;G4;2828;0.0;25.0
22068;1075TL;1075TL;67;100.0;98.51;100;99;G4;937;0.0;52.24
22070;1075TM;1075TM;46;100.0;100.0;100;98;G4;999;0.0;30.43
22072;1075TN;1075TN;27;100.0;100.0;100;100;G4;916;0.0;25.93
22074;1075TP;1075TP;32;100.0;100.0;100;100;G4;747;0.0;3.13
22076;1075TR;1075TR;26;100.0;100.0;100;96;G4;1226;0.0;38.46
22078;1075TS;1075TS;20;100.0;100.0;100;95;G4;1471;0.0;20.0
22080;1075TT;1075TT;26;100.0;100.0;100;88;G4;1607;0.0;0.0
22082;1075TV;1075TV;46;100.0;95.65;100;96;G4;927;0.0;23.91
22084;1075TW;1075TW;37;100.0;94.59;100;95;G4;1156;0.0;56.76
22086;1075TX;1075TX;26;100.0;96.15;100;92;G4;1280;0.0;61.54
22088;1075TZ;1075TZ;16;100.0;87.5;100;81;G4;4262;0.0;75.0
22090;1075VB;1075VE;82;100.0;98.78;100;100;G4;1360;0.0;10.98
22092;1075VG;1075VG;34;100.0;100.0;100;100;G4;1090;0.0;26.47
22094;1075VH;1075VH;24;100.0;100.0;100;100;G4;1083;0.0;50.0
22096;1075VJ;1075VJ;42;100.0;97.62;100;98;G4;1063;0.0;66.67
22098;1075VK;1075VK;36;100.0;100.0;100;100;G4;1072;0.0;52.78
22100;1075VL;1075VL;41;100.0;97.56;100;98;G4;910;0.0;39.02
22102;1075VM;1075VM;25;100.0;100.0;100;100;G4;1193;0.0;36.0
22104;1075VN;1075VN;22;100.0;95.45;100;100;G4;1085;0.0;0.0
22106;1075VP;1075VP;17;100.0;94.12;100;100;G4;998;0.0;5.88
22108;1075VR;1075VS;54;100.0;98.15;100;91;G4;980;0.0;31.48
22110;1075VT;1075VT;22;100.0;100.0;100;91;G4;1253;0.0;0.0
22112;1075VV;1075VV;35;100.0;100.0;100;91;G4;1498;0.0;8.57
22114;1075VW;1075VW;30;100.0;100.0;100;83;G4;1624;0.0;0.0
22116;1075VX;1075VX;28;100.0;100.0;100;93;G4;1613;0.0;14.29
22118;1075VZ;1075VZ;32;100.0;93.75;100;84;G4;1530;0.0;0.0
22120;1075XA;1075XA;26;100.0;100.0;100;92;G4;1695;0.0;11.54
22122;1075XB;1075XB;20;100.0;100.0;100;100;G4;794;0.0;0.0
22124;1075XC;1075XC;16;100.0;100.0;100;100;G4;884;0.0;0.0
22126;1075XD;1075XD;16;100.0;100.0;100;100;G4;856;0.0;25.0
22128;1075XE;1075XE;16;100.0;100.0;100;100;G4;911;0.0;0.0
22130;1075XG;1075XG;16;100.0;100.0;100;100;G4;826;0.0;6.25
22132;1075XH;1075XH;26;100.0;100.0;100;58;G4;2889;0.0;0.0
22134;1075XJ;1075XJ;28;100.0;100.0;100;79;G4;1100;0.0;14.29
22136;1075XK;1075XK;16;100.0;100.0;100;56;G4;1214;0.0;75.0
22138;1075XL;1075XL;21;100.0;100.0;100;43;G4;2923;0.0;95.24
22140;1075XM;1075XM;23;100.0;100.0;100;91;G4;1907;0.0;8.7
22142;1075XN;1075XN;21;100.0;100.0;100;86;G4;1568;0.0;0.0
22144;1075XP;1075XP;21;100.0;100.0;100;90;G4;1349;0.0;14.29
22146;1075XR;1075XR;21;100.0;95.24;100;90;G4;2145;0.0;0.0
22148;1075XS;1075XS;27;100.0;100.0;100;89;G4;1249;0.0;0.0
22150;1075XT;1075XT;30;100.0;100.0;100;90;G4;1364;0.0;3.33
22152;1075XV;1075XV;13;100.0;92.31;100;62;G4;2430;0.0;7.69
22154;1075XW;1075XW;17;100.0;100.0;100;82;G4;1173;0.0;0.0
22156;1075XX;1075XX;15;100.0;93.33;100;67;G4;3026;0.0;0.0
22158;1075XZ;1075XZ;13;100.0;100.0;100;92;G4;1055;0.0;0.0
22160;1076AA;1076AB;23;100.0;100.0;100;78;G4;2347;0.0;0.0
22162;1076AC;1076AC;16;100.0;100.0;100;100;G4;41;0.0;0.0
22164;1076AD;1076AD;17;100.0;100.0;100;100;G4;48;0.0;0.0
22166;1076AE;1076AE;18;100.0;100.0;100;100;G4;43;0.0;22.22
22168;1076AG;1076AG;18;100.0;100.0;100;94;G4;723;0.0;0.0
22170;1076AH;1076AH;14;100.0;100.0;100;100;G4;34;0.0;7.14
22172;1076AJ;1076AJ;29;100.0;100.0;100;100;G4;995;0.0;0.0
22174;1076AK;1076AK;28;100.0;100.0;100;96;G4;1314;0.0;0.0
22176;1076AL;1076AL;24;100.0;87.5;100;92;G4;983;0.0;25.0
22178;1076AM;1076AM;13;100.0;100.0;100;100;G4;272;0.0;46.15
22180;1076AN;1076AN;12;100.0;100.0;100;100;G4;20;0.0;100.0
22182;1076AP;1076AP;13;100.0;100.0;100;100;G4;65;0.0;69.23
22184;1076AR;1076AR;17;100.0;88.24;100;100;G4;1273;0.0;47.06
22186;1076AS;1076AS;17;100.0;100.0;100;88;G4;1020;0.0;47.06
22188;1076AT;1076AT;36;100.0;94.44;100;94;G4;19;0.0;5.56
22190;1076AV;1076AW;15;100.0;93.33;100;87;G4;216;0.0;0.0
22193;1076AX;1076AX;12;100.0;100.0;100;83;G4;153;0.0;0.0
22195;1076BA;1076BA;18;100.0;100.0;100;72;G4;164;0.0;5.56
22197;1076BB;1076BB;21;100.0;100.0;100;52;G6;1104;0.0;0.0
22199;1076BC;1076BJ;52;100.0;98.08;100;77;G4;798;0.0;34.62
22205;1076BK;1076BK;23;100.0;100.0;100;100;G4;1596;0.0;65.22
22207;1076BL;1076BL;25;100.0;100.0;100;100;G4;1264;0.0;56.0
22209;1076BM;1076BM;24;100.0;100.0;100;100;G4;1078;0.0;100.0
22211;1076BN;1076BN;22;100.0;100.0;100;100;G4;2319;0.0;95.45
22213;1076BP;1076BP;17;100.0;100.0;100;100;G4;1023;0.0;70.59
22215;1076BR;1076BR;16;100.0;93.75;100;94;G4;786;0.0;87.5
22217;1076BS;1076BS;15;100.0;100.0;100;100;G4;58;0.0;80.0
22219;1076BT;1076BT;12;100.0;100.0;100;100;G4;150;0.0;100.0
22221;1076BV;1076BV;15;100.0;100.0;100;100;G4;1254;0.0;100.0
22223;1076BW;1076BW;15;100.0;100.0;100;100;G4;1197;0.0;93.33
22225;1076BX;1076BZ;23;100.0;100.0;100;96;G4;863;0.0;39.13
22227;1076CA;1076CA;26;100.0;100.0;100;96;G4;1339;0.0;76.92
22229;1076CB;1076CC;17;100.0;100.0;100;53;G4;2888;0.0;41.18
22231;1076CD;1076CD;23;100.0;100.0;100;96;G4;1327;0.0;69.57
22233;1076CE;1076CE;20;100.0;100.0;100;100;G4;1289;0.0;100.0
22235;1076CG;1076CG;21;100.0;95.24;100;95;G4;734;0.0;57.14
22237;1076CH;1076CH;25;100.0;100.0;100;96;G4;997;0.0;64.0
22239;1076CJ;1076CJ;17;100.0;88.24;100;100;G4;844;0.0;41.18
22241;1076CK;1076CK;17;100.0;100.0;100;94;G4;1222;0.0;29.41
22243;1076CM;1076CN;41;100.0;95.12;100;88;G4;1802;0.0;0.0
22246;1076CP;1076CP;28;100.0;100.0;100;96;G4;1266;0.0;0.0
22248;1076CR;1076CR;19;100.0;100.0;100;100;G4;1264;0.0;0.0
22250;1076CS;1076CS;22;100.0;100.0;100;77;G4;1308;0.0;9.09
22252;1076CT;1076CT;15;100.0;100.0;100;73;G4;2902;0.0;0.0
22254;1076CV;1076CW;113;100.0;97.35;100;93;G4;2599;0.0;9.73
22257;1076CZ;1076CZ;43;100.0;90.7;100;95;G4;1962;0.0;2.33
22259;1076DC;1076DK;96;100.0;98.96;100;89;G4;1889;0.0;6.25
22273;1076EC;1076JA;41;100.0;97.56;100;73;G4;4003;0.0;65.85
22277;1076JB;1076JB;32;100.0;100.0;100;100;G4;1176;0.0;87.5
22279;1076JC;1076JC;24;100.0;100.0;100;100;G4;1221;0.0;100.0
22281;1076JD;1076JD;24;100.0;95.83;100;96;G4;1136;0.0;66.67
22283;1076JE;1076JE;16;100.0;100.0;100;100;G4;1311;0.0;100.0
22285;1076JG;1076JG;19;100.0;100.0;100;100;G4;1312;0.0;100.0
22287;1076JH;1076JH;25;100.0;100.0;100;100;G4;1382;0.0;100.0
22289;1076JJ;1076JJ;23;100.0;100.0;100;100;G4;887;0.0;100.0
22291;1076JK;1076JK;24;100.0;100.0;100;88;G4;1229;0.0;41.67
22293;1076JL;1076JL;29;100.0;100.0;100;100;G4;1108;0.0;86.21
22295;1076JM;1076JM;24;100.0;100.0;100;100;G4;1170;0.0;100.0
22297;1076JN;1076JN;28;100.0;100.0;100;100;G4;1172;0.0;71.43
22299;1076JP;1076JP;20;100.0;100.0;100;100;G4;1195;0.0;80.0
22301;1076JR;1076JR;21;100.0;100.0;100;95;G4;1048;0.0;80.95
22303;1076JS;1076JS;16;100.0;100.0;100;100;G4;1260;0.0;100.0
22305;1076JT;1076JT;16;100.0;100.0;100;100;G4;1241;0.0;75.0
22307;1076JV;1076JV;18;100.0;100.0;100;100;G4;1275;0.0;22.22
22309;1076KJ;1076KJ;24;100.0;100.0;100;92;G4;1437;0.0;100.0
22311;1076KK;1076KK;17;100.0;100.0;100;88;G4;1315;0.0;100.0
22313;1076KL;1076KL;15;100.0;100.0;100;73;G4;1344;0.0;100.0
22315;1076KM;1076KM;18;100.0;100.0;100;83;G4;1345;0.0;94.44
22317;1076KN;1076KN;24;100.0;100.0;100;79;G4;1535;0.0;100.0
22319;1076KP;1076KP;24;100.0;100.0;100;96;G4;948;0.0;91.67
22321;1076KR;1076KR;32;100.0;100.0;100;81;G4;1160;0.0;100.0
22323;1076KS;1076KS;39;100.0;100.0;100;85;G4;1148;0.0;94.87
22325;1076KT;1076KT;19;100.0;100.0;100;84;G4;1296;0.0;100.0
22327;1076KV;1076KV;19;100.0;94.74;100;84;G4;797;0.0;68.42
22329;1076KW;1076KW;23;100.0;100.0;100;100;G4;1113;0.0;73.91
22331;1076KX;1076KX;17;100.0;100.0;100;100;G4;1301;0.0;88.24
22333;1076KZ;1076KZ;19;100.0;100.0;100;100;G4;1328;0.0;100.0
22335;1076LA;1076LA;19;100.0;100.0;100;100;G4;1003;0.0;94.74
22337;1076LB;1076LB;23;100.0;100.0;100;100;G4;1116;0.0;78.26
22339;1076LC;1076LC;14;100.0;92.86;100;100;G4;673;0.0;92.86
22341;1076LD;1076LD;22;100.0;100.0;100;100;G4;1449;0.0;95.45
22343;1076LE;1076LE;30;100.0;100.0;100;97;G4;1087;0.0;63.33
22345;1076LG;1076LG;24;100.0;100.0;100;100;G4;1017;0.0;100.0
22347;1076LH;1076LH;30;100.0;96.67;100;97;G4;1504;0.0;86.67
22349;1076LJ;1076LJ;32;100.0;100.0;100;100;G4;1094;0.0;100.0
22351;1076LK;1076LK;31;100.0;100.0;100;100;G4;1184;0.0;67.74
22353;1076LL;1076LL;24;100.0;95.83;100;100;G4;1088;0.0;87.5
22355;1076LM;1076LM;26;100.0;100.0;100;100;G4;1061;0.0;96.15
22357;1076LN;1076LN;28;100.0;92.86;100;100;G4;1266;0.0;85.71
22359;1076LP;1076LP;23;100.0;95.65;100;96;G4;1477;0.0;91.3
22361;1076LR;1076LR;25;100.0;92.0;100;76;G4;1015;0.0;36.0
22363;1076LS;1076LS;18;100.0;100.0;100;100;G4;987;0.0;83.33
22365;1076LT;1076LT;19;100.0;100.0;100;100;G4;1169;0.0;100.0
22367;1076LV;1076LV;18;100.0;100.0;100;100;G4;1187;0.0;100.0
22369;1076LW;1076LW;17;100.0;100.0;100;94;G4;2665;0.0;76.47
22371;1076LX;1076LX;24;100.0;100.0;100;96;G4;1208;0.0;62.5
22373;1076LZ;1076LZ;39;100.0;100.0;100;100;G4;1122;0.0;97.44
22375;1076NA;1076NA;23;100.0;100.0;100;100;G4;1127;0.0;69.57
22377;1076NB;1076NB;15;100.0;100.0;100;93;G4;973;0.0;53.33
22379;1076NC;1076NC;23;100.0;100.0;100;100;G4;1015;0.0;82.61
22381;1076ND;1076ND;19;100.0;94.74;100;100;G4;72;0.0;94.74
22383;1076NE;1076NE;17;100.0;100.0;100;88;G4;1379;0.0;70.59
22385;1076NG;1076NG;29;100.0;93.1;100;97;G4;1188;0.0;65.52
22387;1076NH;1076NH;30;100.0;100.0;100;100;G4;1202;0.0;100.0
22389;1076NM;1076NM;29;100.0;100.0;100;97;G4;1086;0.0;37.93
22391;1076NN;1076NN;19;100.0;94.74;100;68;G4;2121;0.0;0.0
22393;1076NP;1076NP;19;100.0;100.0;100;100;G4;1106;0.0;100.0
22395;1076NR;1076NR;24;100.0;100.0;100;100;G4;1113;0.0;66.67
22397;1076NS;1076NS;24;100.0;100.0;100;100;G4;1148;0.0;83.33
22399;1076NT;1076NT;24;100.0;100.0;100;100;G4;1132;0.0;100.0
22401;1076NV;1076NV;31;100.0;100.0;100;100;G4;1071;0.0;87.1
22403;1076NX;1076NX;30;100.0;100.0;100;93;G4;1623;0.0;53.33
22405;1076NZ;1076NZ;23;100.0;100.0;100;87;G4;1543;0.0;52.17
22407;1076PA;1076PA;15;100.0;100.0;100;100;G4;1364;0.0;53.33
22409;1076PB;1076PB;40;100.0;100.0;100;100;G4;1031;0.0;0.0
22411;1076PC;1076PC;19;100.0;94.74;100;95;G4;782;0.0;0.0
22413;1076PD;1076PD;16;100.0;100.0;100;100;G4;609;0.0;0.0
22415;1076PE;1076PE;17;100.0;100.0;100;100;G4;706;0.0;0.0
22417;1076PG;1076PG;21;100.0;100.0;100;100;G4;798;0.0;0.0
22419;1076PH;1076PH;19;100.0;100.0;100;100;G4;911;0.0;5.26
22421;1076PJ;1076PJ;20;100.0;95.0;100;100;G4;1508;0.0;10.0
22423;1076PK;1076PK;13;100.0;100.0;100;92;G4;1397;0.0;0.0
22425;1076PL;1076PL;26;100.0;100.0;100;100;G4;1288;0.0;3.85
22427;1076PM;1076PM;25;100.0;96.0;100;92;G4;1124;0.0;92.0
22429;1076PN;1076PN;23;100.0;100.0;100;100;G4;976;0.0;91.3
22431;1076PP;1076PP;18;100.0;100.0;100;72;G4;1052;0.0;66.67
22433;1076PR;1076PR;28;100.0;100.0;100;100;G4;1075;0.0;96.43
22435;1076PS;1076PS;31;100.0;100.0;100;97;G4;1010;0.0;80.65
22437;1076PT;1076PT;34;100.0;100.0;100;97;G4;1209;0.0;0.0
22439;1076PV;1076PV;31;100.0;100.0;100;100;G4;1183;0.0;0.0
22441;1076PW;1076PW;34;100.0;100.0;100;100;G4;1231;0.0;76.47
22443;1076PX;1076PX;27;100.0;100.0;100;96;G4;1484;0.0;81.48
22445;1076PZ;1076PZ;16;100.0;100.0;100;100;G4;1214;0.0;68.75
22447;1076RA;1076RA;20;100.0;100.0;100;100;G4;1199;0.0;80.0
22449;1076RB;1076RB;15;100.0;93.33;100;100;G4;50;0.0;6.67
22451;1076RC;1076RC;20;100.0;100.0;100;95;G4;712;0.0;0.0
22453;1076RD;1076RD;19;100.0;100.0;100;100;G4;993;0.0;0.0
22455;1076RE;1076RE;21;100.0;90.48;100;100;G4;878;0.0;0.0
22457;1076RG;1076RG;20;100.0;95.0;100;90;G4;1035;0.0;30.0
22459;1076RH;1076RH;24;100.0;100.0;100;100;G4;1180;0.0;100.0
22461;1076RJ;1076RJ;22;100.0;95.45;100;100;G4;1259;0.0;59.09
22463;1076RK;1076RK;16;100.0;100.0;100;100;G4;1345;0.0;75.0
22465;1076RL;1076RL;20;100.0;100.0;100;100;G4;1114;0.0;100.0
22467;1076RM;1076RN;41;100.0;100.0;100;88;G4;1902;0.0;0.0
22469;1076RP;1076RP;16;100.0;100.0;100;100;G4;1012;0.0;6.25
22471;1076RR;1076RR;24;100.0;100.0;100;100;G4;1067;0.0;4.17
22473;1076RS;1076RS;19;100.0;100.0;100;100;G4;1197;0.0;36.84
22475;1076RT;1076RT;38;100.0;97.37;100;95;G4;1927;0.0;2.63
22477;1076RV;1076RV;28;100.0;100.0;100;100;G4;1254;0.0;0.0
22479;1076RW;1076RW;25;100.0;100.0;100;96;G4;1954;0.0;0.0
22481;1076RX;1076RX;23;100.0;100.0;100;100;G4;68;0.0;0.0
22483;1076RZ;1076RZ;22;100.0;100.0;100;100;G4;112;0.0;4.55
22485;1076SB;1076SB;18;100.0;100.0;100;100;G4;29;0.0;0.0
22487;1076SC;1076SC;13;100.0;92.31;100;100;G4;190;0.0;0.0
22489;1076SE;1076SE;21;100.0;100.0;100;100;G4;761;0.0;0.0
22491;1076SG;1076SG;24;100.0;100.0;100;100;G4;739;0.0;0.0
22493;1076SH;1076SH;19;100.0;100.0;100;100;G4;774;0.0;5.26
22495;1076SJ;1076SJ;21;100.0;100.0;100;100;G4;781;0.0;0.0
22497;1076SK;1076SK;19;100.0;100.0;100;100;G4;719;0.0;0.0
22499;1076SL;1076SL;24;100.0;100.0;100;100;G4;42;0.0;4.17
22501;1076SM;1076SM;19;100.0;100.0;100;100;G4;592;0.0;15.79
22503;1076SN;1076SN;19;100.0;100.0;100;100;G4;1105;0.0;0.0
22505;1076SP;1076SP;22;100.0;100.0;100;100;G4;972;0.0;0.0
22507;1076SR;1076SR;24;100.0;100.0;100;100;G4;969;0.0;25.0
22509;1076ST;1076ST;15;100.0;100.0;100;100;G4;954;0.0;6.67
22511;1076SV;1076SV;16;100.0;100.0;100;100;G4;941;0.0;0.0
22513;1076SW;1076SW;17;100.0;94.12;100;100;G4;681;0.0;88.24
22515;1076SX;1076SX;16;100.0;100.0;100;100;G4;673;0.0;100.0
22517;1076SZ;1076TA;32;100.0;100.0;100;97;G4;1069;0.0;28.13
22520;1076TB;1076TB;28;100.0;100.0;100;100;G4;1072;0.0;0.0
22522;1076TC;1076TC;27;100.0;100.0;100;100;G4;1200;0.0;0.0
22524;1076TD;1076TD;32;100.0;100.0;100;100;G4;1110;0.0;0.0
22526;1076TE;1076TE;17;100.0;88.24;100;88;G4;942;0.0;88.24
22528;1076TG;1076TG;15;100.0;93.33;100;100;G4;694;0.0;93.33
22530;1076TH;1076TJ;33;100.0;93.94;100;100;G4;1001;0.0;21.21
22532;1076TK;1076TK;28;100.0;100.0;100;100;G4;1201;0.0;0.0
22534;1076TL;1076TL;28;100.0;100.0;100;100;G4;1180;0.0;14.29
22536;1076TM;1076TM;32;100.0;100.0;100;100;G4;1108;0.0;3.13
22538;1076TN;1076TN;21;100.0;100.0;100;100;G4;603;0.0;4.76
22540;1076TP;1076TP;22;100.0;95.45;100;95;G4;840;0.0;4.55
22542;1076TR;1076TR;24;100.0;100.0;100;92;G4;1033;0.0;0.0
22544;1076TS;1076TS;16;100.0;100.0;100;88;G4;971;0.0;0.0
22546;1076TT;1076TT;16;100.0;100.0;100;94;G4;1088;0.0;0.0
22548;1076TV;1076TV;21;100.0;100.0;100;100;G4;656;0.0;0.0
22550;1076TW;1076TW;30;100.0;96.67;100;100;G4;1077;0.0;0.0
22552;1076TX;1076TX;27;100.0;100.0;100;96;G4;1280;0.0;0.0
22554;1076TZ;1076TZ;31;100.0;100.0;100;97;G4;1313;0.0;0.0
22556;1076VA;1076VA;24;100.0;83.33;100;100;G4;766;0.0;70.83
22558;1076VB;1076VB;20;100.0;100.0;100;100;G4;782;0.0;0.0
22560;1076VC;1076VC;14;100.0;100.0;100;93;G4;1668;0.0;42.86
22562;1076VD;1076VD;28;100.0;100.0;100;96;G4;1018;0.0;0.0
22564;1076VE;1076VE;25;100.0;100.0;100;100;G4;847;0.0;12.0
22566;1076VG;1076VG;16;100.0;100.0;100;100;G4;618;0.0;93.75
22568;1076VH;1076VH;15;100.0;93.33;100;100;G4;840;0.0;100.0
22570;1076VJ;1076VJ;20;100.0;90.0;100;100;G4;659;0.0;0.0
22572;1076VK;1076VK;30;100.0;100.0;100;100;G4;1125;0.0;6.67
22574;1076VL;1076VL;23;100.0;100.0;100;100;G4;1029;0.0;4.35
22576;1076VM;1076VM;15;100.0;100.0;100;100;G4;557;0.0;0.0
22578;1076VN;1076VN;16;100.0;100.0;100;100;G4;947;0.0;0.0
22580;1076VP;1076VP;27;100.0;100.0;100;100;G4;849;0.0;0.0
22582;1076VR;1076VR;28;100.0;96.43;100;96;G4;1064;0.0;3.57
22584;1076VS;1076VS;24;100.0;100.0;100;100;G4;1001;0.0;0.0
22586;1076VT;1076VT;16;100.0;100.0;100;100;G4;1086;0.0;0.0
22588;1076VV;1076VV;23;100.0;100.0;100;100;G4;935;0.0;0.0
22590;1076VW;1076VW;23;100.0;95.65;100;100;G4;867;0.0;0.0
22592;1076VX;1076VX;26;100.0;92.31;100;96;G4;1737;0.0;0.0
22594;1076VZ;1076VZ;24;100.0;95.83;100;100;G4;854;0.0;0.0
22596;1076XA;1076XA;14;100.0;100.0;100;100;G4;578;0.0;57.14
22598;1076XB;1076XB;18;100.0;100.0;100;100;G4;488;0.0;100.0
22600;1076XC;1076XC;19;100.0;100.0;100;100;G4;769;0.0;42.11
22602;1076XD;1076XD;24;100.0;100.0;100;100;G4;667;0.0;0.0
22604;1076XE;1076XE;21;100.0;85.71;100;100;G4;828;0.0;0.0
22606;1076XG;1076XG;19;100.0;100.0;100;100;G4;977;0.0;0.0
22608;1076XH;1076XH;24;100.0;100.0;100;100;G4;1082;0.0;4.17
22610;1076XJ;1076XJ;21;100.0;100.0;100;86;G4;927;0.0;4.76
22612;1076XK;1076XK;26;100.0;100.0;100;100;G4;940;0.0;23.08
22614;1076XL;1076XL;26;100.0;96.15;100;100;G4;791;0.0;3.85
22616;1076XM;1076XM;24;100.0;100.0;100;96;G4;874;0.0;8.33
22618;1076XN;1076XN;24;100.0;100.0;100;92;G4;1502;0.0;45.83
22620;1076XP;1076XP;24;100.0;95.83;100;92;G4;1698;0.0;4.17
22622;1076XR;1076XR;24;100.0;95.83;100;100;G4;889;0.0;0.0
22624;1076XS;1076XS;25;100.0;100.0;100;100;G4;734;0.0;100.0
22626;1076XT;1076XT;23;100.0;100.0;100;100;G4;611;0.0;95.65
22628;1076XV;1076XV;23;100.0;100.0;100;100;G4;680;0.0;17.39
22630;1076XW;1076XW;24;100.0;100.0;100;100;G4;655;0.0;33.33
22632;1076XX;1076XX;19;100.0;100.0;100;100;G4;996;0.0;42.11
22634;1076XZ;1076XZ;20;100.0;100.0;100;95;G4;1218;0.0;0.0
22636;1077AA;1077AV;129;100.0;93.8;100;74;G4;3187;0.0;47.29
22644;1077AW;1077AW;17;100.0;88.24;100;94;G4;1526;0.0;0.0
22646;1077AX;1077AX;10;100.0;90.0;100;100;G4;189;0.0;100.0
22648;1077BA;1077BD;34;100.0;97.06;100;68;G4;4975;0.0;50.0
22652;1077BE;1077BE;10;100.0;100.0;100;50;G16;8123;0.0;20.0
22654;1077BH;1077BM;32;100.0;93.75;100;38;G6;10640;0.0;28.13
22657;1077BN;1077BN;12;100.0;100.0;100;58;G4;2751;0.0;0.0
22659;1077BP;1077BP;12;100.0;100.0;100;58;G4;1485;0.0;0.0
22661;1077BR;1077BR;13;100.0;100.0;100;92;G4;2889;0.0;69.23
22663;1077BS;1077BS;12;100.0;100.0;100;100;G4;2480;0.0;100.0
22665;1077BT;1077BT;12;100.0;91.67;100;100;G4;649;0.0;91.67
22667;1077BV;1077BW;21;100.0;95.24;100;100;G4;20;0.0;38.1
22670;1077BX;1077BX;17;100.0;100.0;100;100;G4;1328;0.0;76.47
22672;1077BZ;1077BZ;21;100.0;100.0;100;95;G4;1101;0.0;66.67
22674;1077CA;1077CA;15;100.0;100.0;100;100;G4;470;0.0;73.33
22676;1077CB;1077CB;12;100.0;100.0;100;75;G4;2339;0.0;33.33
22678;1077CC;1077CD;23;100.0;100.0;100;100;G4;1830;0.0;52.17
22680;1077CE;1077CE;11;100.0;100.0;100;100;G4;1498;0.0;90.91
22682;1077CG;1077CG;12;100.0;100.0;100;100;G4;2410;0.0;100.0
22684;1077CH;1077CH;10;100.0;100.0;100;70;G4;2716;0.0;40.0
22686;1077CJ;1077CJ;11;100.0;100.0;100;91;G4;2791;0.0;54.55
22688;1077CK;1077CK;12;100.0;100.0;100;58;G6;2445;0.0;41.67
22690;1077CL;1077CL;10;100.0;100.0;100;70;G4;3759;0.0;40.0
22692;1077CM;1077CM;13;100.0;100.0;100;69;G4;3065;0.0;46.15
22694;1077CN;1077CN;13;100.0;100.0;100;69;G4;2379;0.0;0.0
22696;1077CP;1077CP;11;100.0;100.0;100;73;G4;2093;0.0;36.36
22698;1077CR;1077CR;10;100.0;100.0;100;60;G4;1768;0.0;50.0
22700;1077CS;1077CS;14;100.0;100.0;100;64;G4;1873;0.0;0.0
22702;1077CT;1077CV;17;100.0;94.12;100;94;G4;273;0.0;17.65
22704;1077CW;1077DA;29;100.0;93.1;100;79;G4;732;0.0;3.45
22707;1077DB;1077DB;16;100.0;100.0;100;88;G4;1871;0.0;56.25
22709;1077DC;1077DC;19;100.0;94.74;100;89;G4;1702;0.0;68.42
22711;1077DD;1077DD;19;100.0;100.0;100;100;G4;1833;0.0;73.68
22713;1077DE;1077DE;47;100.0;89.36;100;91;G4;17;0.0;2.13
22715;1077DG;1077DH;12;100.0;100.0;100;50;G4;4292;0.0;66.67
22718;1077DJ;1077DK;22;100.0;95.45;100;64;G4;4194;0.0;68.18
22721;1077DL;1077DN;23;100.0;100.0;100;57;G4;3383;0.0;13.04
22723;1077DP;1077DP;13;100.0;100.0;100;46;G4;3632;0.0;0.0
22725;1077DR;1077DS;20;100.0;100.0;100;50;G4;2021;0.0;0.0
22728;1077DT;1077DT;12;100.0;100.0;100;92;G4;2399;0.0;50.0
22730;1077DV;1077DV;11;100.0;100.0;100;91;G4;2068;0.0;54.55
22732;1077DW;1077DW;11;100.0;100.0;100;91;G4;2174;0.0;54.55
22734;1077DX;1077DX;13;100.0;100.0;100;77;G4;2778;0.0;30.77
22736;1077DZ;1077DZ;14;100.0;100.0;100;64;G4;2266;0.0;57.14
22738;1077EA;1077EA;10;100.0;100.0;100;90;G4;2815;0.0;80.0
22740;1077EB;1077EB;11;100.0;100.0;100;73;G4;2552;0.0;9.09
22742;1077EC;1077EC;12;100.0;100.0;100;67;G4;4561;0.0;25.0
22744;1077ED;1077ED;10;100.0;100.0;100;90;G4;2831;0.0;70.0
22746;1077EE;1077EH;28;100.0;100.0;100;68;G4;2169;0.0;32.14
22748;1077EJ;1077EK;20;100.0;100.0;100;100;G4;1216;0.0;20.0
22751;1077EL;1077EL;16;100.0;100.0;100;100;G4;1593;0.0;25.0
22753;1077EM;1077EM;11;100.0;90.91;100;100;G4;170;0.0;27.27
22755;1077EN;1077EN;11;100.0;90.91;100;82;G4;5372;0.0;36.36
22757;1077EP;1077ET;44;100.0;100.0;100;68;G4;2253;0.0;50.0
22761;1077EV;1077EV;14;100.0;100.0;100;57;G6;2833;0.0;7.14
22763;1077EW;1077GC;50;100.0;100.0;100;84;G4;2644;0.0;62.0
22765;1077GD;1077GR;81;100.0;100.0;100;73;G4;4611;0.0;67.9
22767;1077GS;1077GS;10;100.0;100.0;100;80;G4;3846;0.0;90.0
22769;1077GT;1077GT;12;100.0;100.0;100;67;G4;3200;0.0;50.0
22771;1077GV;1077HB;49;100.0;100.0;100;80;G4;2640;0.0;53.06
22776;1077HC;1077HG;31;100.0;90.32;100;87;G4;3188;0.0;41.94
22780;1077HH;1077HH;10;100.0;100.0;100;60;G6;1975;0.0;60.0
22782;1077HJ;1077HJ;76;100.0;100.0;100;92;G4;1292;0.0;14.47
22784;1077HK;1077HK;13;100.0;100.0;100;100;G4;25;0.0;53.85
22786;1077HL;1077HL;18;100.0;100.0;100;78;G4;1235;0.0;66.67
22788;1077HM;1077HM;16;100.0;93.75;100;94;G4;1598;0.0;68.75
22790;1077HN;1077HN;31;100.0;93.55;100;61;G4;3733;0.0;77.42
22792;1077HP;1077HP;17;100.0;94.12;100;82;G4;1257;0.0;76.47
22794;1077HR;1077HR;15;100.0;100.0;100;80;G4;1242;0.0;0.0
22796;1077HS;1077HS;19;100.0;78.95;100;89;G4;1219;0.0;0.0
22798;1077HT;1077HT;17;100.0;70.59;100;82;G4;1047;0.0;0.0
22800;1077HV;1077HV;18;100.0;72.22;100;72;G4;995;0.0;11.11
22802;1077HW;1077HW;11;100.0;100.0;100;100;G4;1179;0.0;0.0
22804;1077HX;1077HX;12;100.0;100.0;100;100;G4;1345;0.0;0.0
22806;1077HZ;1077JA;25;100.0;100.0;100;100;G4;156;0.0;64.0
22809;1077JB;1077JB;16;100.0;93.75;100;50;G4;1325;0.0;6.25
22811;1077JC;1077JC;15;100.0;93.33;100;73;G6;1773;0.0;0.0
22813;1077JD;1077JD;17;100.0;64.71;100;82;G6;444;0.0;5.88
22815;1077JE;1077JE;34;100.0;100.0;100;94;G4;2078;0.0;0.0
22817;1077JG;1077JG;18;100.0;100.0;100;78;G4;3196;0.0;66.67
22819;1077JH;1077JH;20;100.0;90.0;100;75;G4;2426;0.0;60.0
22821;1077JJ;1077JJ;15;100.0;86.67;100;80;G4;2996;0.0;46.67
22823;1077JK;1077JK;19;100.0;100.0;100;63;G4;2630;0.0;94.74
22825;1077JL;1077JL;14;100.0;100.0;100;100;G4;1491;0.0;92.86
22827;1077JM;1077JM;18;100.0;100.0;100;100;G4;1631;0.0;11.11
22829;1077JN;1077JN;14;100.0;100.0;100;86;G4;1557;0.0;92.86
22831;1077JP;1077JP;13;100.0;100.0;100;85;G4;2072;0.0;38.46
22833;1077JR;1077JR;10;100.0;100.0;100;100;G4;2026;0.0;90.0
22835;1077JS;1077JS;12;100.0;91.67;100;92;G4;3251;0.0;25.0
22837;1077JT;1077JT;10;100.0;100.0;100;100;G4;10;0.0;10.0
22839;1077JV;1077JV;11;100.0;100.0;100;100;G4;289;0.0;100.0
22841;1077JW;1077JW;10;100.0;100.0;100;100;G4;19;0.0;80.0
22843;1077JX;1077JX;10;100.0;90.0;100;90;G4;319;0.0;0.0
22845;1077JZ;1077KA;19;100.0;94.74;100;100;G4;33;0.0;5.26
22848;1077KB;1077KB;12;100.0;100.0;100;100;G4;29;0.0;66.67
22850;1077KC;1077KD;20;100.0;95.0;100;100;G4;15;0.0;10.0
22853;1077KE;1077KE;13;100.0;100.0;100;100;G4;19;0.0;92.31
22855;1077KG;1077KG;16;100.0;100.0;100;100;G4;1543;0.0;93.75
22857;1077KH;1077KH;12;100.0;91.67;100;67;G4;1791;0.0;50.0
22859;1077KJ;1077KK;24;100.0;100.0;100;75;G4;2674;0.0;25.0
22861;1077KL;1077KL;16;100.0;100.0;100;81;G4;1515;0.0;0.0
22863;1077KM;1077KM;13;100.0;100.0;100;69;G6;84;0.0;0.0
22865;1077KN;1077KN;12;100.0;100.0;100;67;G6;93;0.0;0.0
22867;1077KP;1077KP;16;100.0;100.0;100;63;G6;2124;0.0;0.0
22869;1077KR;1077KR;11;100.0;90.91;100;82;G6;3472;0.0;45.45
22871;1077KS;1077KT;21;100.0;95.24;100;71;G6;691;0.0;4.76
22874;1077KV;1077KV;27;100.0;100.0;100;78;G6;2261;0.0;29.63
22876;1077KW;1077KW;18;100.0;100.0;100;89;G6;2213;0.0;0.0
22878;1077KX;1077KZ;15;100.0;100.0;100;53;G6;3388;0.0;73.33
22880;1077LA;1077LA;17;100.0;100.0;100;76;G6;4371;0.0;0.0
22882;1077LB;1077LB;11;100.0;100.0;100;55;G4;2000;0.0;18.18
22884;1077LC;1077LD;18;100.0;100.0;100;50;G4;2475;0.0;11.11
22887;1077LE;1077LE;10;100.0;80.0;100;80;G4;1810;0.0;60.0
22889;1077LG;1077LG;11;100.0;100.0;100;73;G4;4801;0.0;27.27
22891;1077LH;1077LK;29;100.0;100.0;100;62;G4;2906;0.0;34.48
22895;1077LL;1077LP;33;100.0;100.0;100;58;G4;2426;0.0;33.33
22897;1077LR;1077LR;10;100.0;90.0;100;50;G4;3930;0.0;60.0
22899;1077LS;1077LS;14;100.0;100.0;100;86;G4;1986;0.0;21.43
22901;1077LT;1077LX;36;100.0;100.0;100;64;G4;2669;0.0;41.67
22904;1077LZ;1077LZ;10;100.0;100.0;100;60;G4;3174;0.0;70.0
22906;1077MA;1077MC;30;100.0;96.67;100;77;G4;3451;0.0;20.0
22908;1077MD;1077MD;15;100.0;100.0;100;67;G4;2415;0.0;6.67
22910;1077ME;1077ME;12;100.0;100.0;100;67;G4;2000;0.0;0.0
22912;1077MG;1077MG;12;100.0;100.0;100;50;G4;1891;0.0;0.0
22914;1077MH;1077MJ;19;100.0;100.0;100;95;G4;1591;0.0;78.95
22916;1077MK;1077MK;12;100.0;100.0;100;92;G4;9645;0.0;58.33
22918;1077ML;1077MP;26;100.0;100.0;100;77;G4;2055;0.0;46.15
22921;1077MR;1077MR;10;100.0;100.0;100;70;G4;1470;0.0;0.0
22923;1077MS;1077MS;13;100.0;100.0;100;77;G4;2431;0.0;15.38
22925;1077MT;1077MT;14;100.0;100.0;100;64;G4;2843;0.0;28.57
22927;1077MV;1077MV;10;100.0;100.0;100;90;G4;594;0.0;10.0
22929;1077MX;1077MX;10;100.0;90.0;100;100;G4;25;0.0;10.0
22931;1077MZ;1077MZ;11;100.0;100.0;100;100;G4;66;0.0;100.0
22933;1077NA;1077NA;14;100.0;100.0;100;86;G4;471;0.0;57.14
22935;1077NB;1077NB;13;100.0;100.0;100;100;G4;219;0.0;0.0
22937;1077NC;1077NE;29;100.0;96.55;100;86;G4;764;0.0;68.97
22940;1077NG;1077NG;11;100.0;100.0;100;100;G4;1396;0.0;100.0
22942;1077NH;1077NH;10;100.0;100.0;100;100;G4;2016;0.0;100.0
22944;1077NJ;1077NJ;15;100.0;100.0;100;67;G4;1800;0.0;53.33
22946;1077NK;1077NK;11;100.0;90.91;100;82;G4;1026;0.0;54.55
22948;1077NL;1077NL;15;100.0;100.0;100;93;G4;1917;0.0;53.33
22950;1077NM;1077NM;11;100.0;100.0;100;100;G4;40;0.0;100.0
22952;1077NN;1077NN;14;100.0;78.57;100;79;G4;420;0.0;64.29
22954;1077NP;1077NP;16;100.0;100.0;100;100;G4;32;0.0;100.0
22956;1077NR;1077NR;16;100.0;100.0;100;94;G4;1274;0.0;93.75
22958;1077NS;1077NT;29;100.0;100.0;100;90;G4;2423;0.0;17.24
22961;1077NV;1077NV;10;100.0;100.0;100;80;G6;8894;0.0;80.0
22963;1077NX;1077NX;16;100.0;100.0;100;50;G4;2655;0.0;31.25
22965;1077NZ;1077PA;21;100.0;100.0;100;86;G4;1571;0.0;47.62
22968;1077PB;1077PB;17;100.0;100.0;100;94;G4;2075;0.0;94.12
22970;1077PC;1077PC;15;100.0;100.0;100;93;G4;1499;0.0;93.33
22972;1077PD;1077PD;11;100.0;90.91;100;100;G4;219;0.0;90.91
22974;1077PE;1077PE;11;100.0;100.0;100;100;G4;18;0.0;0.0
22976;1077PG;1077PM;48;100.0;97.92;100;79;G4;2282;0.0;37.5
22978;1077PN;1077PN;17;100.0;100.0;100;76;G4;2420;0.0;29.41
22980;1077PP;1077PP;10;100.0;90.0;100;70;G4;2496;0.0;30.0
22982;1077PR;1077PW;39;100.0;100.0;100;74;G4;2610;0.0;25.64
22985;1077PX;1077PX;13;100.0;100.0;100;85;G4;3856;0.0;38.46
22987;1077PZ;1077PZ;11;100.0;100.0;100;73;G4;2898;0.0;54.55
22989;1077RA;1077RG;48;100.0;100.0;100;73;G4;2760;0.0;52.08
22993;1077RH;1077RH;13;100.0;100.0;100;85;G4;2746;0.0;46.15
22995;1077RJ;1077RM;37;100.0;100.0;100;95;G4;2207;0.0;43.24
22997;1077RN;1077RN;13;100.0;100.0;100;92;G4;2522;0.0;30.77
22999;1077RP;1077RP;12;100.0;100.0;100;100;G4;2168;0.0;75.0
23001;1077RR;1077RV;36;100.0;97.22;100;64;G4;3311;0.0;52.78
23006;1077RW;1077RW;16;100.0;87.5;100;75;G4;2723;0.0;43.75
23008;1077RX;1077SC;32;100.0;96.88;100;97;G4;2150;0.0;3.13
23013;1077SE;1077SE;10;100.0;100.0;100;50;G4;167;0.0;0.0
23015;1077SG;1077SH;20;100.0;90.0;100;90;G4;841;0.0;5.0
23018;1077SJ;1077SL;31;100.0;100.0;100;97;G4;2331;0.0;0.0
23021;1077SM;1077SM;12;100.0;100.0;100;75;G4;3994;0.0;58.33
23023;1077SN;1077SN;12;100.0;100.0;100;92;G4;3858;0.0;83.33
23025;1077SP;1077SP;10;100.0;100.0;100;80;G4;3904;0.0;70.0
23027;1077SR;1077SR;16;100.0;100.0;100;88;G4;2293;0.0;68.75
23029;1077ST;1077ST;12;100.0;100.0;100;100;G4;441;0.0;91.67
23031;1077SV;1077SV;16;100.0;100.0;100;100;G4;26;0.0;0.0
23033;1077SW;1077SW;11;100.0;100.0;100;100;G4;24;0.0;0.0
23035;1077SX;1077TB;36;100.0;100.0;100;100;G4;134;0.0;11.11
23040;1077TC;1077TC;11;100.0;100.0;100;91;G4;2439;0.0;0.0
23042;1077TD;1077TD;16;100.0;93.75;100;94;G4;1506;0.0;87.5
23044;1077TE;1077TE;18;100.0;100.0;100;78;G4;1961;0.0;22.22
23046;1077TG;1077TG;23;100.0;100.0;100;100;G4;349;0.0;95.65
23048;1077TH;1077TH;17;100.0;94.12;100;94;G4;218;0.0;11.76
23050;1077TJ;1077TJ;14;100.0;100.0;100;79;G6;318;0.0;0.0
23052;1077TK;1077TK;16;100.0;93.75;100;69;G6;139;0.0;0.0
23054;1077TL;1077TL;16;100.0;100.0;100;100;G4;20;0.0;12.5
23056;1077TM;1077TM;15;100.0;100.0;100;100;G4;795;0.0;0.0
23058;1077TN;1077TN;18;100.0;100.0;100;100;G4;63;0.0;100.0
23060;1077TP;1077TP;12;100.0;91.67;100;100;G4;32;0.0;16.67
23062;1077TR;1077TS;20;100.0;95.0;100;55;G4;210;0.0;45.0
23065;1077TT;1077TT;18;100.0;100.0;100;56;G4;230;0.0;100.0
23067;1077TV;1077TV;15;100.0;100.0;100;100;G4;26;0.0;6.67
23069;1077TW;1077TW;16;100.0;87.5;100;94;G4;142;0.0;0.0
23071;1077TX;1077TX;13;100.0;84.62;100;46;G6;7281;0.0;30.77
23073;1077TZ;1077TZ;12;100.0;100.0;100;67;G4;6923;0.0;75.0
23075;1077VA;1077VA;11;100.0;100.0;100;100;G4;272;0.0;36.36
23077;1077VB;1077VB;18;100.0;100.0;100;83;G4;1689;0.0;83.33
23079;1077VC;1077VC;19;100.0;100.0;100;95;G4;2009;0.0;73.68
23081;1077VD;1077VG;37;100.0;89.19;100;97;G4;594;0.0;78.38
23085;1077VH;1077VH;15;100.0;86.67;100;93;G4;57;0.0;93.33
23087;1077VJ;1077VJ;11;100.0;100.0;100;91;G4;2159;0.0;63.64
23089;1077VK;1077VK;14;100.0;85.71;100;100;G4;20;0.0;0.0
23091;1077VL;1077VL;11;100.0;100.0;100;100;G4;988;0.0;63.64
23093;1077VM;1077VM;16;100.0;100.0;100;94;G4;1896;0.0;75.0
23095;1077VN;1077VN;17;100.0;100.0;100;100;G4;507;0.0;100.0
23097;1077VP;1077VP;16;100.0;100.0;100;100;G4;1173;0.0;100.0
23099;1077VR;1077VR;18;100.0;100.0;100;89;G4;1965;0.0;55.56
23101;1077VS;1077VS;17;100.0;100.0;100;94;G4;1692;0.0;58.82
23103;1077VT;1077VX;32;100.0;96.88;100;50;G6;6760;0.0;34.38
23106;1077VZ;1077VZ;10;100.0;100.0;100;90;G4;3839;0.0;40.0
23108;1077WB;1077WB;11;100.0;100.0;100;55;G6;6748;0.0;0.0
23110;1077WC;1077WJ;42;100.0;92.86;100;48;G6;5018;0.0;14.29
23112;1077WK;1077WK;11;100.0;100.0;100;45;G4;3308;0.0;18.18
23114;1077WL;1077WS;39;100.0;100.0;100;56;G4;5470;0.0;2.56
23117;1077WT;1077XC;36;100.0;86.11;100;72;G6;3974;0.0;50.0
23121;1077XD;1077XD;15;100.0;100.0;100;60;G6;2353;0.0;0.0
23123;1077XE;1077XE;12;100.0;100.0;100;50;G4;2459;0.0;0.0
23125;1077XG;1077XG;18;100.0;100.0;100;83;G6;2756;0.0;0.0
23127;1077XH;1077XH;12;100.0;100.0;100;75;G6;2422;0.0;16.67
23129;1077XJ;1077XJ;17;100.0;100.0;100;76;G6;2904;0.0;5.88
23131;1077XK;1077XK;15;100.0;100.0;100;80;G6;2962;0.0;0.0
23133;1077XL;1077XL;14;100.0;100.0;100;57;G6;2769;0.0;7.14
23135;1077XM;1077XM;14;100.0;100.0;100;79;G4;2361;0.0;7.14
23138;1077XP;1077XP;15;100.0;100.0;100;93;G4;164;0.0;0.0
23140;1077XR;1077XR;12;100.0;100.0;100;67;G4;143;0.0;8.33
23142;1077XV;1077ZA;21;100.0;100.0;100;81;G4;2324;0.0;42.86
23145;1077ZB;1077ZB;22;100.0;100.0;100;100;G4;2081;0.0;100.0
23147;1077ZC;1077ZC;17;100.0;100.0;100;100;G4;2242;0.0;100.0
23149;1077ZD;1077ZD;18;100.0;94.44;100;83;G4;702;0.0;66.67
23151;1077ZE;1077ZE;26;100.0;96.15;100;96;G4;2005;0.0;73.08
23153;1077ZG;1077ZG;17;100.0;100.0;100;100;G4;877;0.0;76.47
23155;1077ZH;1077ZH;16;100.0;93.75;100;100;G4;1335;0.0;75.0
23157;1077ZJ;1077ZJ;20;100.0;100.0;100;100;G4;950;0.0;100.0
23159;1077ZK;1077ZK;11;100.0;100.0;100;100;G4;2004;0.0;100.0
23161;1077ZL;1077ZL;23;100.0;95.65;100;96;G4;479;0.0;0.0
23163;1077ZM;1077ZM;27;100.0;100.0;100;81;G4;1694;0.0;3.7
23165;1077ZN;1077ZN;20;100.0;100.0;100;85;G4;2124;0.0;0.0
23167;1077ZP;1077ZP;20;100.0;95.0;100;95;G4;3320;0.0;75.0
23169;1077ZR;1077ZR;16;100.0;100.0;100;94;G4;1899;0.0;93.75
23171;1077ZS;1077ZS;16;100.0;100.0;100;100;G4;2103;0.0;100.0
23172;1077ZT;1077ZT;22;100.0;100.0;100;100;G4;1998;0.0;100.0
23175;1077ZV;1077ZV;22;100.0;100.0;100;73;G4;2662;0.0;40.91
23177;1077ZW;1077ZW;21;100.0;100.0;100;100;G4;1176;0.0;95.24
23180;1078AA;1078AA;31;100.0;100.0;100;100;G4;1074;0.0;54.84
23182;1078AB;1078AB;21;100.0;100.0;100;95;G4;1217;0.0;66.67
23184;1078AC;1078AC;24;100.0;100.0;100;100;G4;1129;0.0;83.33
23186;1078AD;1078AD;21;100.0;76.19;100;95;G4;1080;0.0;38.1
23188;1078AE;1078AE;32;100.0;100.0;100;97;G4;1307;0.0;59.38
23190;1078AG;1078AG;29;100.0;100.0;100;100;G4;1134;0.0;3.45
23192;1078AH;1078AH;30;100.0;100.0;100;100;G4;1062;0.0;3.33
23194;1078AJ;1078AJ;35;100.0;100.0;100;100;G4;960;0.0;14.29
23196;1078AK;1078AK;27;100.0;100.0;100;85;G4;1275;0.0;3.7
23198;1078AL;1078AL;24;100.0;91.67;100;83;G4;1581;0.0;4.17
23200;1078AM;1078AM;28;100.0;100.0;100;96;G4;1074;0.0;0.0
23202;1078AN;1078AN;31;100.0;100.0;100;97;G4;1077;0.0;0.0
23204;1078AP;1078AP;29;100.0;93.1;100;90;G4;1215;0.0;0.0
23206;1078AR;1078AR;21;100.0;100.0;100;52;G4;1543;0.0;4.76
23208;1078AS;1078AS;24;100.0;100.0;100;63;G4;1630;0.0;0.0
23210;1078AT;1078AT;22;100.0;100.0;100;77;G4;1514;0.0;0.0
23212;1078AV;1078AV;22;100.0;100.0;100;77;G4;1527;0.0;18.18
23214;1078AW;1078AW;26;100.0;100.0;100;69;G4;1663;0.0;3.85
23216;1078AX;1078AX;20;100.0;100.0;100;80;G4;1214;0.0;0.0
23218;1078AZ;1078AZ;25;100.0;88.0;100;88;G4;734;0.0;0.0
23220;1078BA;1078BA;25;100.0;100.0;100;52;G6;1566;0.0;0.0
23222;1078BB;1078BB;20;100.0;100.0;100;60;G4;2061;0.0;0.0
23224;1078BC;1078BC;20;100.0;95.0;100;100;G4;43;0.0;5.0
23226;1078BD;1078BD;24;100.0;100.0;100;83;G4;1567;0.0;33.33
23228;1078BE;1078BE;16;100.0;100.0;100;63;G4;1349;0.0;0.0
23230;1078BG;1078BG;20;100.0;100.0;100;100;G4;125;0.0;20.0
23232;1078BH;1078BH;36;100.0;100.0;100;97;G4;996;0.0;61.11
23234;1078BJ;1078BJ;42;100.0;100.0;100;100;G4;1061;0.0;95.24
23236;1078BK;1078BK;36;100.0;100.0;100;97;G4;1180;0.0;5.56
23238;1078BL;1078BL;21;100.0;95.24;100;100;G4;946;0.0;0.0
23240;1078BM;1078BM;20;100.0;100.0;100;100;G4;1116;0.0;0.0
23242;1078BN;1078BN;13;100.0;100.0;100;92;G4;1512;0.0;7.69
23244;1078BP;1078BP;22;100.0;100.0;100;100;G4;699;0.0;22.73
23246;1078BR;1078BR;13;100.0;100.0;100;100;G4;683;0.0;7.69
23248;1078BS;1078BS;29;100.0;100.0;100;100;G4;1034;0.0;27.59
23250;1078BT;1078BT;28;100.0;100.0;100;100;G4;1242;0.0;46.43
23252;1078BV;1078BV;20;100.0;100.0;100;100;G4;1024;0.0;0.0
23254;1078BW;1078BW;17;100.0;100.0;100;100;G4;382;0.0;5.88
23256;1078BX;1078BZ;34;100.0;100.0;100;91;G4;1189;0.0;5.88
23258;1078CA;1078CA;24;100.0;100.0;100;96;G4;1148;0.0;0.0
23260;1078CB;1078CB;24;100.0;100.0;100;100;G4;1149;0.0;4.17
23262;1078CC;1078CC;24;100.0;100.0;100;96;G4;1015;0.0;58.33
23264;1078CD;1078CD;22;100.0;100.0;100;100;G4;912;0.0;86.36
23266;1078CE;1078CE;24;100.0;100.0;100;96;G4;1155;0.0;91.67
23268;1078CG;1078CG;33;100.0;100.0;100;100;G4;1099;0.0;93.94
23270;1078CH;1078CH;30;100.0;100.0;100;100;G4;1034;0.0;63.33
23272;1078CJ;1078CJ;71;100.0;100.0;100;99;G4;1177;0.0;94.37
23274;1078CK;1078CK;27;100.0;100.0;100;96;G4;1485;0.0;88.89
23276;1078CL;1078CL;33;100.0;100.0;100;97;G4;1032;0.0;90.91
23278;1078CM;1078CM;36;100.0;100.0;100;100;G4;938;0.0;61.11
23280;1078CN;1078CN;26;100.0;100.0;100;92;G4;946;0.0;57.69
23282;1078CP;1078CP;24;100.0;100.0;100;100;G4;868;0.0;100.0
23284;1078CR;1078CR;24;100.0;100.0;100;100;G4;870;0.0;100.0
23286;1078CS;1078CS;16;100.0;93.75;100;100;G4;794;0.0;87.5
23288;1078CT;1078CT;37;100.0;100.0;100;100;G4;1055;0.0;97.3
23290;1078CV;1078CV;26;100.0;100.0;100;100;G4;1221;0.0;65.38
23292;1078CW;1078CW;18;100.0;100.0;100;100;G4;1080;0.0;44.44
23294;1078CX;1078CX;34;100.0;100.0;100;100;G4;1174;0.0;47.06
23296;1078CZ;1078CZ;38;100.0;100.0;100;100;G4;1062;0.0;73.68
23298;1078DA;1078DA;20;100.0;100.0;100;95;G4;895;0.0;40.0
23300;1078DB;1078DB;14;100.0;100.0;100;100;G4;496;0.0;0.0
23302;1078DC;1078DC;15;100.0;100.0;100;100;G4;632;0.0;0.0
23304;1078DD;1078DD;16;100.0;100.0;100;100;G4;425;0.0;6.25
23306;1078DE;1078DE;21;100.0;95.24;100;100;G4;1060;0.0;0.0
23308;1078DG;1078DG;24;100.0;100.0;100;100;G4;1243;0.0;29.17
23310;1078DH;1078DH;24;100.0;100.0;100;96;G4;1301;0.0;0.0
23312;1078DJ;1078DJ;18;100.0;100.0;100;100;G4;1277;0.0;0.0
23314;1078DK;1078DK;21;100.0;100.0;100;100;G4;1242;0.0;4.76
23316;1078DL;1078DL;18;100.0;100.0;100;100;G4;1118;0.0;0.0
23318;1078DM;1078DM;17;100.0;100.0;100;88;G4;1284;0.0;0.0
23320;1078DN;1078DN;20;100.0;100.0;100;80;G4;1443;0.0;0.0
23322;1078DP;1078DP;16;100.0;100.0;100;56;G6;1423;0.0;6.25
23324;1078DR;1078DR;17;100.0;94.12;100;76;G4;1720;0.0;0.0
23326;1078DS;1078DS;17;100.0;94.12;100;59;G4;1618;0.0;0.0
23328;1078DT;1078DT;16;100.0;100.0;100;69;G4;1390;0.0;0.0
23330;1078DV;1078DV;12;100.0;100.0;100;92;G4;1188;0.0;0.0
23332;1078DW;1078DW;18;100.0;100.0;100;94;G4;1699;0.0;44.44
23334;1078DX;1078DX;16;100.0;100.0;100;100;G4;1147;0.0;50.0
23336;1078DZ;1078DZ;16;100.0;100.0;100;100;G4;1182;0.0;75.0
23338;1078EA;1078EA;17;100.0;100.0;100;94;G4;2419;0.0;88.24
23340;1078EB;1078EB;16;100.0;100.0;100;94;G4;1531;0.0;100.0
23342;1078EC;1078EC;16;100.0;100.0;100;100;G4;1483;0.0;100.0
23344;1078ED;1078ED;10;100.0;100.0;100;60;G4;1977;0.0;80.0
23346;1078EE;1078EE;23;100.0;100.0;100;83;G4;1230;0.0;0.0
23348;1078EG;1078EG;32;100.0;100.0;100;91;G4;1227;0.0;0.0
23350;1078EH;1078EH;20;100.0;100.0;100;100;G4;1200;0.0;0.0
23352;1078EJ;1078EJ;25;100.0;100.0;100;88;G4;1317;0.0;16.0
23354;1078EK;1078EK;24;100.0;100.0;100;96;G4;1078;0.0;0.0
23356;1078EL;1078EL;22;100.0;100.0;100;91;G4;1002;0.0;0.0
23358;1078EM;1078EM;18;100.0;100.0;100;94;G4;966;0.0;5.56
23360;1078EN;1078EN;20;100.0;100.0;100;90;G4;1358;0.0;0.0
23362;1078EP;1078EP;17;100.0;100.0;100;100;G4;477;0.0;0.0
23364;1078ER;1078ER;15;100.0;100.0;100;100;G4;149;0.0;6.67
23366;1078ES;1078ES;16;100.0;100.0;100;100;G4;160;0.0;6.25
23368;1078ET;1078ET;14;100.0;100.0;100;100;G4;85;0.0;7.14
23370;1078EV;1078EV;14;100.0;100.0;100;100;G4;67;0.0;0.0
23372;1078EW;1078EW;15;100.0;100.0;100;67;G4;767;0.0;40.0
23374;1078EX;1078EX;18;100.0;100.0;100;61;G4;1505;0.0;11.11
23376;1078EZ;1078EZ;20;100.0;100.0;100;50;G4;1694;0.0;80.0
23378;1078GA;1078GA;22;100.0;100.0;100;100;G4;48;0.0;0.0
23380;1078GB;1078GB;23;100.0;100.0;100;74;G4;1696;0.0;4.35
23382;1078GC;1078GC;14;100.0;100.0;100;79;G4;1798;0.0;28.57
23384;1078GD;1078GD;25;100.0;96.0;100;72;G4;1763;0.0;88.0
23386;1078GE;1078GE;17;100.0;88.24;100;82;G4;1182;0.0;17.65
23388;1078GG;1078GG;24;100.0;95.83;100;88;G4;1430;0.0;8.33
23390;1078GH;1078GH;23;100.0;100.0;100;57;G4;2746;0.0;0.0
23392;1078GJ;1078GJ;26;100.0;96.15;100;69;G4;2716;0.0;0.0
23394;1078GK;1078GK;29;100.0;100.0;100;69;G4;2278;0.0;13.79
23396;1078GL;1078GL;15;100.0;100.0;100;93;G4;1448;0.0;6.67
23398;1078GM;1078GM;25;100.0;100.0;100;80;G4;1226;0.0;8.0
23400;1078GN;1078GN;24;100.0;91.67;100;71;G4;1357;0.0;4.17
23402;1078GP;1078GP;26;100.0;100.0;100;58;G4;1204;0.0;26.92
23404;1078GR;1078GR;18;100.0;100.0;100;67;G4;4140;0.0;16.67
23406;1078GS;1078GS;22;100.0;100.0;100;50;G4;1943;0.0;0.0
23408;1078GT;1078GT;15;100.0;100.0;100;73;G4;2024;0.0;6.67
23410;1078GV;1078GV;13;100.0;92.31;100;77;G4;1060;0.0;7.69
23412;1078GW;1078GW;18;100.0;100.0;100;78;G4;2197;0.0;0.0
23414;1078GX;1078GX;14;100.0;100.0;100;93;G4;125;0.0;7.14
23416;1078GZ;1078GZ;10;100.0;100.0;100;100;G4;31;0.0;0.0
23418;1078HA;1078HA;16;100.0;100.0;100;94;G4;1051;0.0;0.0
23420;1078HB;1078HB;16;100.0;100.0;100;94;G4;1073;0.0;0.0
23422;1078HC;1078HC;32;100.0;100.0;100;88;G4;1455;0.0;37.5
23424;1078HD;1078HD;19;100.0;100.0;100;89;G4;1607;0.0;0.0
23426;1078HE;1078HE;22;100.0;100.0;100;82;G4;1432;0.0;4.55
23428;1078HG;1078HG;25;100.0;100.0;100;96;G4;1935;0.0;20.0
23430;1078HH;1078HH;29;100.0;100.0;100;86;G4;1288;0.0;17.24
23432;1078HJ;1078HJ;20;100.0;90.0;100;75;G4;1427;0.0;0.0
23434;1078HK;1078HK;29;100.0;96.55;100;79;G4;1624;0.0;10.34
23436;1078HL;1078HL;33;100.0;100.0;100;88;G4;1514;0.0;6.06
23438;1078HM;1078HM;26;100.0;100.0;100;77;G4;1767;0.0;3.85
23440;1078HN;1078HN;25;100.0;96.0;100;72;G4;1291;0.0;4.0
23442;1078HP;1078HP;19;100.0;100.0;100;74;G4;1411;0.0;10.53
23444;1078HR;1078HR;22;100.0;100.0;100;86;G4;1782;0.0;0.0
23446;1078HS;1078HS;22;100.0;100.0;100;77;G4;1410;0.0;0.0
23448;1078HT;1078HT;24;100.0;100.0;100;88;G4;1740;0.0;12.5
23450;1078HV;1078HV;28;100.0;100.0;100;86;G4;1189;0.0;25.0
23452;1078HW;1078HW;30;100.0;100.0;100;83;G4;1419;0.0;3.33
23454;1078HX;1078HX;21;100.0;95.24;100;100;G4;329;0.0;19.05
23456;1078HZ;1078HZ;24;100.0;100.0;100;92;G4;1529;0.0;16.67
23458;1078JA;1078JA;24;100.0;100.0;100;83;G4;1565;0.0;4.17
23460;1078JB;1078JB;24;100.0;100.0;100;92;G4;1233;0.0;33.33
23462;1078JC;1078JC;24;100.0;100.0;100;83;G4;1391;0.0;12.5
23464;1078JD;1078JD;12;100.0;100.0;100;100;G4;1356;0.0;0.0
23466;1078JE;1078JE;25;100.0;100.0;100;96;G4;2309;0.0;0.0
23468;1078JG;1078JG;28;100.0;100.0;100;96;G4;1144;0.0;17.86
23470;1078JH;1078JH;23;100.0;100.0;100;96;G4;1306;0.0;4.35
23472;1078JJ;1078JJ;29;100.0;100.0;100;86;G4;1263;0.0;58.62
23474;1078JK;1078JK;15;100.0;100.0;100;80;G4;245;0.0;0.0
23476;1078JL;1078JL;19;100.0;100.0;100;89;G4;1291;0.0;5.26
23478;1078JM;1078JM;18;100.0;100.0;100;83;G4;1294;0.0;0.0
23480;1078JN;1078JN;21;100.0;100.0;100;81;G4;1190;0.0;0.0
23482;1078JP;1078JP;22;100.0;100.0;100;86;G4;1262;0.0;13.64
23484;1078JR;1078JR;21;100.0;95.24;100;86;G4;1436;0.0;9.52
23486;1078JS;1078JS;19;100.0;100.0;100;84;G4;1194;0.0;10.53
23488;1078JT;1078JT;19;100.0;100.0;100;84;G4;1139;0.0;0.0
23490;1078JV;1078JV;24;100.0;100.0;100;96;G4;1191;0.0;4.17
23492;1078JW;1078JX;20;100.0;100.0;100;65;G4;702;0.0;5.0
23494;1078JZ;1078JZ;14;100.0;100.0;100;71;G4;1686;0.0;0.0
23496;1078KA;1078KA;14;100.0;100.0;100;57;G6;3320;0.0;0.0
23498;1078KB;1078KB;12;100.0;100.0;100;50;G6;1677;0.0;0.0
23500;1078KC;1078KD;19;100.0;94.74;100;58;G6;4890;0.0;36.84
23503;1078KE;1078KE;28;100.0;100.0;100;93;G4;1517;0.0;0.0
23505;1078KG;1078KG;25;100.0;100.0;100;84;G4;1336;0.0;4.0
23507;1078KH;1078KH;33;100.0;96.97;100;82;G4;997;0.0;12.12
23509;1078KJ;1078KJ;41;100.0;97.56;100;78;G4;1229;0.0;2.44
23511;1078KK;1078KK;23;100.0;100.0;100;57;G4;1354;0.0;0.0
23513;1078KL;1078KL;70;100.0;100.0;100;94;G4;1183;0.0;2.86
23515;1078KM;1078KM;33;100.0;96.97;100;76;G4;1497;0.0;3.03
23517;1078KN;1078KN;21;100.0;100.0;100;86;G4;1252;0.0;9.52
23519;1078KP;1078KP;18;100.0;100.0;100;67;G4;1496;0.0;0.0
23521;1078KR;1078KR;22;100.0;100.0;100;95;G4;1421;0.0;4.55
23523;1078KS;1078KS;19;100.0;100.0;100;89;G4;1217;0.0;0.0
23525;1078KT;1078KT;15;100.0;100.0;100;73;G4;1601;0.0;40.0
23527;1078KV;1078KV;33;100.0;100.0;100;85;G4;1401;0.0;0.0
23529;1078KW;1078KW;21;100.0;100.0;100;81;G4;2607;0.0;4.76
23531;1078KX;1078KX;17;100.0;100.0;100;88;G4;1427;0.0;0.0
23533;1078KZ;1078KZ;33;100.0;100.0;100;94;G4;1390;0.0;0.0
23535;1078LA;1078LA;22;100.0;100.0;100;73;G4;1266;0.0;0.0
23537;1078LB;1078LB;29;100.0;100.0;100;83;G4;1197;0.0;0.0
23539;1078LC;1078LC;24;100.0;100.0;100;79;G4;1331;0.0;0.0
23541;1078LD;1078LD;24;100.0;100.0;100;67;G4;1134;0.0;4.17
23543;1078LE;1078LE;22;100.0;100.0;100;86;G4;1817;0.0;0.0
23545;1078LG;1078LG;23;100.0;100.0;100;70;G4;1646;0.0;4.35
23547;1078LH;1078LH;27;100.0;100.0;100;81;G4;1426;0.0;0.0
23549;1078LJ;1078LJ;32;100.0;100.0;100;91;G4;1196;0.0;12.5
23551;1078LK;1078LK;34;100.0;100.0;100;82;G4;1254;0.0;0.0
23553;1078LL;1078LL;38;100.0;100.0;100;95;G4;1388;0.0;0.0
23555;1078LM;1078LM;35;100.0;100.0;100;97;G4;1406;0.0;14.29
23557;1078LN;1078LN;25;100.0;100.0;100;76;G4;1372;0.0;4.0
23559;1078LP;1078LP;25;100.0;100.0;100;96;G4;1449;0.0;0.0
23561;1078LR;1078LR;24;100.0;100.0;100;83;G4;1427;0.0;4.17
23563;1078LS;1078LS;24;100.0;100.0;100;75;G4;1346;0.0;4.17
23565;1078LT;1078LT;24;100.0;100.0;100;71;G4;1882;0.0;0.0
23567;1078LV;1078LV;18;100.0;100.0;100;83;G4;1419;0.0;0.0
23569;1078LW;1078LW;27;100.0;100.0;100;100;G4;1263;0.0;14.81
23571;1078LX;1078LX;22;100.0;90.91;100;73;G4;1272;0.0;4.55
23573;1078LZ;1078LZ;21;100.0;100.0;100;71;G4;1411;0.0;4.76
23575;1078MA;1078MA;24;100.0;100.0;100;75;G4;1486;0.0;4.17
23577;1078MB;1078MB;17;100.0;100.0;100;88;G4;1220;0.0;0.0
23579;1078MC;1078MC;32;100.0;100.0;100;88;G4;1513;0.0;3.13
23581;1078MD;1078MD;26;100.0;100.0;100;88;G4;1452;0.0;0.0
23583;1078ME;1078ME;26;100.0;100.0;100;88;G4;1311;0.0;0.0
23585;1078MG;1078MG;24;100.0;95.83;100;79;G4;3164;0.0;0.0
23587;1078MH;1078MH;20;100.0;100.0;100;90;G4;1357;0.0;5.0
23589;1078MJ;1078MJ;20;100.0;100.0;100;90;G4;1129;0.0;0.0
23591;1078MK;1078MK;33;100.0;100.0;100;88;G4;1353;0.0;3.03
23593;1078ML;1078ML;29;100.0;96.55;100;76;G4;1332;0.0;0.0
23595;1078MN;1078MN;24;100.0;100.0;100;83;G4;1248;0.0;0.0
23597;1078MP;1078MP;24;100.0;100.0;100;83;G4;2366;0.0;16.67
23599;1078MR;1078MR;15;100.0;100.0;100;100;G4;1399;0.0;0.0
23601;1078MS;1078MS;25;100.0;100.0;100;80;G4;1403;0.0;8.0
23603;1078MT;1078MT;24;100.0;100.0;100;71;G4;1260;0.0;0.0
23605;1078MV;1078MV;24;100.0;100.0;100;96;G4;1219;0.0;0.0
23607;1078MX;1078MX;24;100.0;100.0;100;88;G4;1189;0.0;16.67
23609;1078MZ;1078MZ;27;100.0;96.3;100;85;G4;1168;0.0;7.41
23611;1078NA;1078NA;18;100.0;100.0;100;100;G4;708;0.0;0.0
23613;1078NB;1078NB;24;100.0;100.0;100;96;G4;748;0.0;4.17
23615;1078NC;1078NC;17;100.0;100.0;100;94;G4;1971;0.0;29.41
23617;1078ND;1078ND;17;100.0;100.0;100;100;G4;621;0.0;5.88
23619;1078NE;1078NE;24;100.0;100.0;100;100;G4;436;0.0;4.17
23621;1078NG;1078NG;16;100.0;100.0;100;88;G4;1151;0.0;25.0
23623;1078NH;1078NH;15;100.0;100.0;100;100;G4;316;0.0;0.0
23625;1078NJ;1078NJ;15;100.0;100.0;100;100;G4;515;0.0;6.67
23627;1078NK;1078NK;16;100.0;93.75;100;100;G4;943;0.0;6.25
23629;1078NL;1078NM;29;100.0;96.55;100;55;G4;1214;0.0;0.0
23632;1078NN;1078NN;17;100.0;100.0;100;59;G4;1708;0.0;5.88
23634;1078NP;1078NP;16;100.0;100.0;100;69;G4;1677;0.0;0.0
23636;1078NR;1078NR;17;100.0;100.0;100;88;G4;1483;0.0;0.0
23638;1078NS;1078NS;19;100.0;100.0;100;74;G4;1532;0.0;5.26
23640;1078NT;1078NT;19;100.0;100.0;100;68;G4;1382;0.0;0.0
23642;1078NV;1078NV;18;100.0;100.0;100;67;G4;1326;0.0;0.0
23644;1078NW;1078NW;23;100.0;100.0;100;74;G4;1487;0.0;4.35
23646;1078NX;1078NX;26;100.0;100.0;100;58;G4;1683;0.0;19.23
23648;1078NZ;1078NZ;16;100.0;100.0;100;100;G4;29;0.0;6.25
23650;1078PA;1078PA;15;100.0;100.0;100;100;G4;22;0.0;0.0
23652;1078PB;1078PB;12;100.0;100.0;100;100;G4;1326;0.0;8.33
23654;1078PC;1078PC;11;100.0;100.0;100;100;G4;901;0.0;0.0
23656;1078PD;1078PD;38;100.0;100.0;100;89;G4;1209;0.0;10.53
23658;1078PE;1078PE;19;100.0;100.0;100;89;G4;1181;0.0;0.0
23660;1078PG;1078PG;31;100.0;100.0;100;97;G4;924;0.0;0.0
23662;1078PH;1078PH;11;100.0;81.82;100;55;G4;3706;0.0;9.09
23664;1078PJ;1078PJ;36;100.0;91.67;100;94;G4;1348;0.0;22.22
23666;1078PK;1078PK;23;100.0;100.0;100;83;G4;1071;0.0;4.35
23668;1078PL;1078PL;24;100.0;100.0;100;96;G4;896;0.0;8.33
23670;1078PM;1078PM;29;100.0;96.55;100;76;G4;1153;0.0;6.9
23672;1078PN;1078PN;24;100.0;100.0;100;92;G4;1078;0.0;0.0
23674;1078PP;1078PP;17;100.0;100.0;100;100;G4;1062;0.0;0.0
23676;1078PR;1078PR;19;100.0;100.0;100;95;G4;1306;0.0;0.0
23678;1078PS;1078PS;26;100.0;96.15;100;92;G4;1056;0.0;34.62
23680;1078PT;1078PT;27;100.0;100.0;100;93;G4;1290;0.0;7.41
23682;1078PV;1078PV;25;100.0;96.0;100;92;G4;1100;0.0;16.0
23684;1078PW;1078PW;21;100.0;100.0;100;76;G4;3187;0.0;0.0
23686;1078PX;1078PX;19;100.0;100.0;100;84;G4;1260;0.0;21.05
23688;1078PZ;1078PZ;20;100.0;100.0;100;95;G4;1226;0.0;25.0
23690;1078RA;1078RA;25;100.0;100.0;100;96;G4;1271;0.0;0.0
23692;1078RB;1078RB;24;100.0;95.83;100;92;G4;1432;0.0;8.33
23694;1078RC;1078RC;25;100.0;92.0;100;72;G4;1077;0.0;0.0
23696;1078RD;1078RD;29;100.0;96.55;100;79;G4;1189;0.0;0.0
23698;1078RE;1078RE;30;100.0;96.67;100;93;G4;1002;0.0;0.0
23700;1078RG;1078RG;23;100.0;100.0;100;100;G4;1449;0.0;0.0
23702;1078RH;1078RH;24;100.0;100.0;100;92;G4;1266;0.0;0.0
23704;1078RJ;1078RJ;27;100.0;100.0;100;81;G4;1240;0.0;0.0
23706;1078RK;1078RK;36;100.0;100.0;100;100;G4;1099;0.0;2.78
23708;1078RL;1078RL;32;100.0;100.0;100;100;G4;1310;0.0;0.0
23710;1078RM;1078RM;48;100.0;100.0;100;100;G4;1422;0.0;2.08
23712;1078RN;1078RN;21;100.0;100.0;100;100;G4;1375;0.0;4.76
23714;1078RP;1078RP;19;100.0;100.0;100;68;G4;1506;0.0;94.74
23716;1078RR;1078RR;18;100.0;100.0;100;56;G4;1445;0.0;77.78
23718;1078RS;1078RS;22;100.0;95.45;100;50;G4;1507;0.0;59.09
23720;1078RT;1078RT;22;100.0;90.91;100;82;G4;1568;0.0;9.09
23722;1078RV;1078SR;36;100.0;97.22;100;97;G4;1472;0.0;0.0
23725;1078ST;1078ST;42;100.0;97.62;100;98;G4;1063;0.0;0.0
23727;1078SV;1078SV;25;100.0;100.0;100;92;G4;1510;0.0;4.0
23729;1078SW;1078SW;25;100.0;100.0;100;100;G4;1299;0.0;0.0
23731;1078SX;1078SX;12;100.0;100.0;100;92;G4;1281;0.0;33.33
23733;1078SZ;1078SZ;50;100.0;98.0;100;98;G4;1068;0.0;88.0
23735;1078TA;1078TA;26;100.0;96.15;100;92;G4;1196;0.0;53.85
23737;1078TB;1078TB;10;100.0;100.0;100;100;G4;1197;0.0;0.0
23739;1078TC;1078TC;36;100.0;97.22;100;94;G4;1804;0.0;94.44
23741;1078TD;1078TD;24;100.0;100.0;100;100;G4;1155;0.0;50.0
23743;1078TE;1078TE;40;100.0;100.0;100;98;G4;824;0.0;5.0
23745;1078TG;1078TG;23;100.0;100.0;100;100;G4;1224;0.0;86.96
23747;1078TH;1078TH;40;100.0;100.0;100;100;G4;843;0.0;2.5
23749;1078TJ;1078TJ;25;100.0;100.0;100;100;G4;1146;0.0;48.0
23751;1078TK;1078TL;30;100.0;100.0;100;100;G4;1132;0.0;73.33
23753;1078TM;1078TM;23;100.0;100.0;100;96;G4;1216;0.0;4.35
23755;1078TN;1078TN;24;100.0;100.0;100;100;G4;994;0.0;0.0
23757;1078TP;1078TP;24;100.0;100.0;100;96;G4;1204;0.0;4.17
23759;1078TR;1078TR;24;100.0;100.0;100;96;G4;946;0.0;0.0
23761;1078TS;1078TS;15;100.0;100.0;100;100;G4;1304;0.0;0.0
23763;1078TT;1078TT;33;100.0;100.0;100;100;G4;1498;0.0;0.0
23765;1078TV;1078TV;25;100.0;100.0;100;100;G4;1330;0.0;8.0
23767;1078TW;1078TW;20;100.0;100.0;100;100;G4;1083;0.0;90.0
23769;1078TX;1078TZ;39;100.0;97.44;100;97;G4;1184;0.0;84.62
23772;1078VA;1078VA;19;100.0;100.0;100;95;G4;2113;0.0;78.95
23774;1078VB;1078VB;27;100.0;100.0;100;100;G4;1263;0.0;59.26
23776;1078VC;1078VC;24;100.0;100.0;100;100;G4;1234;0.0;100.0
23778;1078VD;1078VD;20;100.0;100.0;100;100;G4;932;0.0;85.0
23780;1078VE;1078VE;21;100.0;100.0;100;100;G4;1205;0.0;76.19
23782;1078VG;1078VG;23;100.0;100.0;100;87;G4;1447;0.0;4.35
23784;1078VH;1078VH;29;100.0;100.0;100;66;G4;1329;0.0;3.45
23786;1078VJ;1078VJ;17;100.0;100.0;100;100;G4;418;0.0;0.0
23788;1078VK;1078VK;34;100.0;100.0;100;85;G4;1684;0.0;23.53
23790;1078VL;1078VL;20;100.0;100.0;100;90;G4;1405;0.0;5.0
23792;1078VM;1078VM;18;100.0;100.0;100;72;G4;1130;0.0;5.56
23794;1078VN;1078VN;24;100.0;91.67;100;67;G4;1925;0.0;4.17
23796;1078VP;1078VP;21;100.0;100.0;100;90;G4;1546;0.0;4.76
23798;1078VR;1078VR;24;100.0;100.0;100;83;G4;1372;0.0;0.0
23800;1078VS;1078VS;19;100.0;100.0;100;95;G4;1323;0.0;5.26
23802;1078VT;1078VT;16;100.0;100.0;100;100;G4;1452;0.0;0.0
23804;1078VV;1078VV;23;100.0;100.0;100;78;G4;2879;0.0;4.35
23806;1078VW;1078VW;17;100.0;100.0;100;100;G4;1525;0.0;5.88
23808;1078VX;1078VX;17;100.0;100.0;100;76;G4;1721;0.0;5.88
23810;1078VZ;1078VZ;16;100.0;100.0;100;94;G4;583;0.0;6.25
23812;1078WB;1078WB;49;100.0;97.96;100;98;G4;824;0.0;95.92
23814;1078XA;1078XA;20;100.0;100.0;100;65;G4;1312;0.0;0.0
23816;1078XB;1078XB;21;100.0;95.24;100;100;G4;1556;0.0;28.57
23818;1078XC;1078XC;17;100.0;100.0;100;94;G4;1307;0.0;0.0
23820;1078XD;1078XD;16;100.0;100.0;100;94;G4;1711;0.0;0.0
23822;1078XE;1078XE;22;100.0;100.0;100;82;G4;1464;0.0;0.0
23824;1078XG;1078XG;22;100.0;100.0;100;95;G4;1804;0.0;4.55
23826;1078XH;1078XH;32;100.0;100.0;100;94;G4;1312;0.0;3.13
23828;1078XJ;1078XJ;17;100.0;100.0;100;88;G4;1454;0.0;11.76
23830;1078XK;1078XK;18;100.0;100.0;100;72;G4;1503;0.0;16.67
23832;1078XL;1078XL;19;100.0;94.74;100;68;G4;1668;0.0;15.79
23834;1078XM;1078XM;28;100.0;100.0;100;82;G4;1284;0.0;0.0
23836;1078XN;1078XN;27;100.0;100.0;100;78;G4;1266;0.0;3.7
23838;1078XP;1078XP;66;100.0;98.48;100;88;G4;1007;0.0;1.52
23840;1078XR;1078XR;23;100.0;100.0;100;83;G4;1190;0.0;0.0
23842;1078XS;1078XS;32;100.0;96.88;100;81;G4;1153;0.0;0.0
23844;1078XT;1078XT;21;100.0;100.0;100;62;G4;1219;0.0;4.76
23846;1078XV;1078XV;21;100.0;100.0;100;67;G4;1499;0.0;28.57
23848;1078XW;1078XW;21;100.0;100.0;100;86;G4;1265;0.0;0.0
23850;1078XX;1078XX;17;100.0;100.0;100;82;G4;1220;0.0;11.76
23852;1078XZ;1078XZ;25;100.0;100.0;100;64;G4;1334;0.0;4.0
23854;1079AA;1079AA;16;100.0;100.0;100;50;G4;2027;0.0;12.5
23856;1079AB;1079AB;17;100.0;100.0;100;71;G4;1487;0.0;0.0
23858;1079AC;1079AC;16;100.0;100.0;100;88;G4;730;0.0;0.0
23860;1079AD;1079AD;18;100.0;100.0;100;78;G4;1200;0.0;11.11
23862;1079AE;1079AE;19;100.0;100.0;100;63;G4;1717;0.0;0.0
23864;1079AG;1079AG;16;100.0;100.0;100;88;G4;1704;0.0;0.0
23866;1079AH;1079AH;16;100.0;100.0;100;63;G4;1726;0.0;0.0
23868;1079AJ;1079AJ;16;100.0;100.0;100;56;G6;1512;0.0;0.0
23870;1079AK;1079AK;16;100.0;100.0;100;56;G6;1822;0.0;0.0
23872;1079AL;1079AL;16;100.0;100.0;100;56;G6;1652;0.0;0.0
23874;1079AM;1079AM;14;100.0;100.0;100;71;G6;1241;0.0;0.0
23876;1079AN;1079AN;12;100.0;100.0;100;58;G4;1548;0.0;0.0
23878;1079AP;1079AP;15;100.0;100.0;100;100;G4;84;0.0;0.0
23880;1079AR;1079AR;16;100.0;100.0;100;100;G4;187;0.0;0.0
23882;1079AS;1079AS;17;100.0;100.0;100;100;G4;891;0.0;0.0
23884;1079AT;1079AT;17;100.0;100.0;100;76;G4;117;0.0;5.88
23886;1079AV;1079AV;15;100.0;100.0;100;67;G4;107;0.0;0.0
23888;1079AW;1079AW;17;100.0;94.12;100;100;G4;83;0.0;58.82
23890;1079AX;1079AX;13;100.0;100.0;100;100;G4;95;0.0;46.15
23892;1079AZ;1079AZ;41;100.0;100.0;100;95;G4;1550;0.0;4.88
23894;1079BA;1079BA;12;100.0;100.0;100;83;G4;1731;0.0;0.0
23896;1079BB;1079BB;20;100.0;100.0;100;90;G4;1069;0.0;0.0
23898;1079BC;1079BC;11;100.0;100.0;100;64;G4;1032;0.0;9.09
23900;1079BD;1079BD;21;100.0;100.0;100;100;G4;1054;0.0;0.0
23902;1079BE;1079BE;24;100.0;100.0;100;83;G4;1722;0.0;4.17
23904;1079BG;1079BG;23;100.0;95.65;100;91;G4;1303;0.0;0.0
23906;1079BH;1079BH;24;100.0;100.0;100;100;G4;1055;0.0;8.33
23908;1079BJ;1079BJ;24;100.0;100.0;100;100;G4;1160;0.0;0.0
23910;1079BK;1079BK;22;100.0;90.91;100;82;G4;859;0.0;0.0
23912;1079BL;1079BL;25;100.0;100.0;100;80;G4;1216;0.0;0.0
23914;1079BM;1079BM;20;100.0;100.0;100;95;G4;1169;0.0;5.0
23916;1079BN;1079BN;24;100.0;100.0;100;100;G4;1108;0.0;0.0
23918;1079BP;1079BP;24;100.0;100.0;100;92;G4;1244;0.0;0.0
23920;1079BR;1079BR;27;100.0;100.0;100;96;G4;1066;0.0;3.7
23922;1079BS;1079BS;43;100.0;100.0;100;100;G4;1107;0.0;0.0
23924;1079BT;1079BT;20;100.0;100.0;100;85;G4;1621;0.0;5.0
23926;1079BV;1079BV;20;100.0;100.0;100;85;G4;1413;0.0;20.0
23928;1079BW;1079BW;20;100.0;100.0;100;100;G4;1043;0.0;0.0
23930;1079BX;1079BX;24;100.0;100.0;100;100;G4;840;0.0;0.0
23932;1079BZ;1079BZ;25;100.0;96.0;100;96;G4;1000;0.0;0.0
23934;1079CA;1079CA;20;100.0;100.0;100;100;G4;847;0.0;0.0
23936;1079CB;1079CB;25;100.0;100.0;100;96;G4;1206;0.0;0.0
23938;1079CC;1079CC;24;100.0;100.0;100;96;G4;803;0.0;0.0
23940;1079CD;1079CD;24;100.0;100.0;100;100;G4;978;0.0;4.17
23942;1079CE;1079CE;25;100.0;96.0;100;96;G4;1169;0.0;12.0
23944;1079CG;1079CG;20;100.0;100.0;100;90;G4;1288;0.0;0.0
23946;1079CH;1079CH;16;100.0;100.0;100;88;G4;1185;0.0;43.75
23948;1079CJ;1079CJ;17;100.0;100.0;100;88;G4;1812;0.0;0.0
23950;1079CK;1079CK;23;100.0;100.0;100;87;G4;1230;0.0;0.0
23952;1079CL;1079CL;16;100.0;100.0;100;100;G4;991;0.0;0.0
23954;1079CM;1079CM;27;100.0;100.0;100;100;G4;955;0.0;0.0
23956;1079CN;1079CN;36;100.0;100.0;100;100;G4;1128;0.0;0.0
23958;1079CP;1079CP;20;100.0;100.0;100;95;G4;1111;0.0;0.0
23960;1079CR;1079CR;25;100.0;100.0;100;88;G4;1545;0.0;4.0
23962;1079CS;1079CS;20;100.0;100.0;100;90;G4;921;0.0;5.0
23964;1079CT;1079CV;25;100.0;100.0;100;100;G4;1207;0.0;4.0
23966;1079CW;1079CW;24;100.0;95.83;100;83;G4;2299;0.0;0.0
23968;1079CX;1079CX;18;100.0;100.0;100;100;G4;934;0.0;0.0
23970;1079CZ;1079CZ;18;100.0;100.0;100;100;G4;1014;0.0;0.0
23972;1079DA;1079DA;18;100.0;100.0;100;100;G4;894;0.0;0.0
23974;1079DB;1079DB;25;100.0;100.0;100;96;G4;165;0.0;0.0
23976;1079DC;1079DC;29;100.0;100.0;100;83;G4;1375;0.0;0.0
23978;1079DD;1079DD;25;100.0;100.0;100;80;G4;1699;0.0;0.0
23980;1079DE;1079DE;25;100.0;100.0;100;96;G4;1413;0.0;0.0
23982;1079DG;1079DG;24;100.0;100.0;100;96;G4;1128;0.0;4.17
23984;1079DH;1079DH;24;100.0;100.0;100;96;G4;960;0.0;4.17
23986;1079DJ;1079DJ;32;100.0;100.0;100;100;G4;1187;0.0;3.13
23988;1079DK;1079DK;40;100.0;97.5;100;95;G4;985;0.0;0.0
23990;1079DL;1079DL;22;100.0;100.0;100;91;G4;2017;0.0;0.0
23992;1079DM;1079DM;24;100.0;100.0;100;96;G4;1136;0.0;4.17
23994;1079DN;1079DN;24;100.0;100.0;100;96;G4;1232;0.0;0.0
23996;1079DP;1079DP;30;100.0;100.0;100;70;G4;1336;0.0;26.67
23998;1079DR;1079DR;25;100.0;100.0;100;92;G4;1115;0.0;0.0
24000;1079DS;1079DS;24;100.0;100.0;100;79;G4;1174;0.0;4.17
24002;1079DT;1079DT;23;100.0;100.0;100;96;G4;1122;0.0;0.0
24004;1079DV;1079DV;24;100.0;100.0;100;96;G4;1051;0.0;0.0
24006;1079DW;1079DW;32;100.0;100.0;100;100;G4;942;0.0;0.0
24008;1079DX;1079DX;32;100.0;100.0;100;100;G4;911;0.0;3.13
24010;1079DZ;1079DZ;24;100.0;100.0;100;100;G4;984;0.0;0.0
24012;1079EA;1079EA;26;100.0;100.0;100;58;G4;1515;0.0;3.85
24014;1079EB;1079EB;24;100.0;100.0;100;71;G4;1586;0.0;0.0
24016;1079EC;1079EC;24;100.0;100.0;100;67;G4;1503;0.0;4.17
24018;1079ED;1079ED;23;100.0;100.0;100;100;G4;1087;0.0;0.0
24020;1079EE;1079EE;24;100.0;100.0;100;100;G4;845;0.0;4.17
24022;1079EG;1079EG;24;100.0;100.0;100;100;G4;933;0.0;0.0
24024;1079EH;1079EH;16;100.0;93.75;100;100;G4;959;0.0;0.0
24026;1079EJ;1079EJ;17;100.0;100.0;100;100;G4;902;0.0;0.0
24028;1079EK;1079EK;51;100.0;100.0;100;98;G4;1266;0.0;0.0
24030;1079EL;1079EL;19;100.0;94.74;100;89;G4;3553;0.0;0.0
24032;1079EM;1079EM;24;100.0;100.0;100;88;G4;3471;0.0;4.17
24034;1079EN;1079EN;24;100.0;100.0;100;100;G4;1131;0.0;4.17
24036;1079EP;1079EP;24;100.0;100.0;100;100;G4;1054;0.0;0.0
24038;1079ER;1079ER;24;100.0;100.0;100;100;G4;1034;0.0;0.0
24040;1079ES;1079ES;17;100.0;100.0;100;100;G4;985;0.0;0.0
24042;1079ET;1079ET;26;100.0;96.15;100;88;G4;1212;0.0;3.85
24044;1079EV;1079EV;25;100.0;100.0;100;68;G4;1460;0.0;0.0
24046;1079EW;1079EW;26;100.0;100.0;100;77;G4;1512;0.0;7.69
24048;1079EX;1079EX;24;100.0;100.0;100;75;G4;1768;0.0;4.17
24050;1079EZ;1079EZ;22;100.0;100.0;100;64;G4;1608;0.0;0.0
24052;1079GA;1079GA;20;100.0;100.0;100;70;G4;1591;0.0;5.0
24054;1079GB;1079GB;23;100.0;100.0;100;96;G4;997;0.0;0.0
24056;1079GC;1079GC;25;100.0;96.0;100;100;G4;1409;0.0;4.0
24058;1079GD;1079GD;24;100.0;100.0;100;100;G4;1348;0.0;0.0
24060;1079GE;1079GE;18;100.0;100.0;100;100;G4;1173;0.0;0.0
24062;1079GG;1079GG;18;100.0;94.44;100;100;G4;1278;0.0;16.67
24064;1079GH;1079GH;32;100.0;100.0;100;97;G4;1154;0.0;0.0
24066;1079GJ;1079GJ;24;100.0;100.0;100;100;G4;1115;0.0;4.17
24068;1079GK;1079GK;24;100.0;100.0;100;96;G4;1110;0.0;0.0
24070;1079GL;1079GL;26;100.0;96.15;100;96;G4;1057;0.0;3.85
24072;1079GM;1079GM;24;100.0;100.0;100;100;G4;1069;0.0;0.0
24074;1079GN;1079GN;25;100.0;100.0;100;96;G4;1068;0.0;8.0
24076;1079GP;1079GP;24;100.0;100.0;100;100;G4;1060;0.0;0.0
24078;1079GR;1079GR;24;100.0;100.0;100;100;G4;1281;0.0;0.0
24080;1079GS;1079GS;16;100.0;100.0;100;100;G4;1133;0.0;0.0
24082;1079GT;1079GT;12;100.0;100.0;100;92;G4;1350;0.0;0.0
24084;1079GV;1079GV;24;100.0;100.0;100;100;G4;1025;0.0;0.0
24086;1079GW;1079GW;17;100.0;100.0;100;82;G4;2107;0.0;0.0
24088;1079GX;1079GX;17;100.0;100.0;100;82;G4;1301;0.0;0.0
24090;1079GZ;1079GZ;15;100.0;93.33;100;100;G4;1976;0.0;0.0
24092;1079HA;1079HA;17;100.0;100.0;100;82;G4;2191;0.0;17.65
24094;1079HB;1079HB;22;100.0;100.0;100;95;G4;1374;0.0;36.36
24096;1079HC;1079HC;14;100.0;92.86;100;86;G4;1789;0.0;0.0
24098;1079HD;1079HD;25;100.0;100.0;100;92;G4;1308;0.0;4.0
24100;1079HE;1079HE;22;100.0;100.0;100;91;G4;1636;0.0;18.18
24102;1079HG;1079HG;16;100.0;100.0;100;81;G4;1615;0.0;6.25
24104;1079HH;1079HH;21;100.0;100.0;100;100;G4;1376;0.0;0.0
24106;1079HJ;1079HJ;23;100.0;100.0;100;96;G4;844;0.0;65.22
24108;1079HK;1079HK;19;100.0;100.0;100;100;G4;749;0.0;5.26
24110;1079HL;1079HL;15;100.0;100.0;100;100;G4;1154;0.0;6.67
24112;1079HM;1079HM;19;100.0;100.0;100;100;G4;1248;0.0;0.0
24114;1079HN;1079HN;21;100.0;100.0;100;100;G4;698;0.0;0.0
24116;1079HP;1079HP;18;100.0;100.0;100;83;G4;870;0.0;16.67
24118;1079HR;1079HR;20;100.0;95.0;100;70;G4;1495;0.0;50.0
24120;1079HS;1079HS;25;100.0;100.0;100;72;G4;1477;0.0;48.0
24122;1079HT;1079HT;27;100.0;100.0;100;96;G4;1140;0.0;0.0
24124;1079HV;1079HV;23;100.0;100.0;100;74;G4;1320;0.0;17.39
24126;1079HW;1079HW;18;100.0;100.0;100;89;G4;1381;0.0;22.22
24128;1079JA;1079JA;33;100.0;100.0;100;94;G4;1255;0.0;3.03
24130;1079JB;1079JB;19;100.0;100.0;100;95;G4;1490;0.0;15.79
24132;1079JC;1079JC;26;100.0;100.0;100;96;G4;1392;0.0;0.0
24134;1079JD;1079JD;25;100.0;100.0;100;96;G4;1084;0.0;0.0
24136;1079JE;1079JE;24;100.0;95.83;100;96;G4;1204;0.0;0.0
24138;1079JG;1079JG;24;100.0;100.0;100;100;G4;1307;0.0;0.0
24140;1079JH;1079JH;21;100.0;100.0;100;100;G4;1317;0.0;0.0
24142;1079JJ;1079JJ;18;100.0;100.0;100;94;G4;1294;0.0;0.0
24144;1079JK;1079JK;24;100.0;100.0;100;96;G4;948;0.0;4.17
24146;1079JL;1079JL;16;100.0;100.0;100;100;G4;874;0.0;6.25
24148;1079JM;1079JM;12;100.0;100.0;100;100;G4;855;0.0;0.0
24150;1079JN;1079JN;22;100.0;100.0;100;86;G4;1746;0.0;0.0
24152;1079JP;1079JP;36;100.0;100.0;100;92;G4;1097;0.0;0.0
24154;1079JR;1079JR;28;100.0;100.0;100;100;G4;1001;0.0;0.0
24156;1079JS;1079JS;24;100.0;100.0;100;100;G4;1147;0.0;0.0
24158;1079JT;1079JT;24;100.0;100.0;100;96;G4;1152;0.0;0.0
24160;1079JV;1079JV;24;100.0;83.33;100;83;G4;1068;0.0;0.0
24162;1079JW;1079JW;24;100.0;100.0;100;96;G4;1060;0.0;4.17
24164;1079KA;1079KA;27;100.0;100.0;100;96;G4;1403;0.0;81.48
24166;1079KB;1079KB;20;100.0;100.0;100;90;G4;1244;0.0;70.0
24168;1079KC;1079KC;21;100.0;100.0;100;100;G4;1680;0.0;42.86
24170;1079KD;1079KD;30;100.0;100.0;100;93;G4;1496;0.0;66.67
24172;1079KE;1079KE;20;100.0;100.0;100;95;G4;1177;0.0;25.0
24174;1079KG;1079KG;22;100.0;100.0;100;95;G4;1184;0.0;72.73
24176;1079KH;1079KH;23;100.0;100.0;100;70;G4;1460;0.0;47.83
24178;1079KJ;1079KJ;25;100.0;100.0;100;96;G4;1276;0.0;8.0
24180;1079KK;1079KK;21;100.0;95.24;100;81;G4;2338;0.0;4.76
24182;1079KL;1079KL;16;100.0;100.0;100;100;G4;2094;0.0;0.0
24184;1079KM;1079KM;18;100.0;100.0;100;94;G4;2911;0.0;0.0
24186;1079KN;1079KN;29;100.0;100.0;100;97;G4;1058;0.0;3.45
24188;1079KP;1079KP;32;100.0;100.0;100;100;G4;1076;0.0;3.13
24190;1079KR;1079KR;32;100.0;100.0;100;100;G4;1087;0.0;0.0
24192;1079KS;1079KS;32;100.0;100.0;100;100;G4;961;0.0;0.0
24194;1079KT;1079KT;32;100.0;100.0;100;100;G4;1061;0.0;3.13
24196;1079KV;1079KV;30;100.0;100.0;100;100;G4;1141;0.0;0.0
24198;1079KW;1079KW;19;100.0;100.0;100;95;G4;949;0.0;5.26
24200;1079KX;1079KX;22;100.0;100.0;100;100;G4;1016;0.0;9.09
24202;1079KZ;1079KZ;21;100.0;100.0;100;100;G4;1005;0.0;0.0
24204;1079LA;1079LA;23;100.0;100.0;100;100;G4;999;0.0;4.35
24206;1079LB;1079LB;21;100.0;100.0;100;100;G4;1080;0.0;0.0
24208;1079LC;1079LC;25;100.0;100.0;100;96;G4;1122;0.0;0.0
24210;1079LD;1079LD;27;100.0;100.0;100;93;G4;1061;0.0;0.0
24212;1079LE;1079LE;27;100.0;96.3;100;81;G4;1567;0.0;0.0
24214;1079LG;1079LG;18;100.0;100.0;100;50;G4;2726;0.0;0.0
24216;1079LH;1079LH;21;100.0;100.0;100;52;G4;2031;0.0;19.05
24218;1079LK;1079LL;24;100.0;95.83;100;50;G6;8746;0.0;12.5
24221;1079LM;1079LM;43;100.0;97.67;100;98;G4;1899;0.0;4.65
24223;1079LN;1079LN;13;100.0;100.0;100;100;G4;2485;0.0;7.69
24225;1079LP;1079LP;16;100.0;100.0;100;94;G4;1038;0.0;6.25
24227;1079LR;1079LR;18;100.0;100.0;100;100;G4;1117;0.0;0.0
24229;1079LS;1079LS;17;100.0;100.0;100;82;G4;985;0.0;0.0
24231;1079LT;1079LT;22;100.0;100.0;100;95;G4;1328;0.0;0.0
24233;1079LV;1079LV;21;100.0;100.0;100;76;G4;1185;0.0;0.0
24235;1079LW;1079LW;21;100.0;100.0;100;95;G4;1288;0.0;4.76
24237;1079LX;1079LX;23;100.0;100.0;100;100;G4;1337;0.0;13.04
24239;1079LZ;1079LZ;18;100.0;100.0;100;100;G4;871;0.0;0.0
24241;1079MA;1079MA;18;100.0;100.0;100;94;G4;947;0.0;5.56
24243;1079MB;1079MC;18;100.0;100.0;100;83;G4;4164;0.0;66.67
24246;1079MD;1079MD;38;100.0;100.0;100;97;G4;29;0.0;92.11
24248;1079ME;1079ME;36;100.0;97.22;100;100;G4;23;0.0;94.44
24250;1079MG;1079MG;37;100.0;97.3;100;100;G4;11;0.0;97.3
24252;1079MH;1079MH;37;100.0;100.0;100;100;G4;21;0.0;94.59
24254;1079MJ;1079MJ;36;100.0;94.44;100;97;G4;26;0.0;91.67
24256;1079MK;1079MK;37;100.0;100.0;100;100;G4;108;0.0;97.3
24258;1079ML;1079ML;37;100.0;100.0;100;100;G4;21;0.0;94.59
24260;1079MN;1079MN;24;100.0;100.0;100;100;G4;24;0.0;91.67
24262;1079MP;1079MP;17;100.0;100.0;100;71;G4;477;0.0;0.0
24264;1079MR;1079MR;16;100.0;100.0;100;56;G4;573;0.0;0.0
24266;1079MS;1079MS;17;100.0;100.0;100;71;G4;373;0.0;5.88
24268;1079MT;1079MT;16;100.0;100.0;100;94;G6;423;0.0;50.0
24270;1079MV;1079MV;16;100.0;100.0;100;50;G4;377;0.0;0.0
24272;1079MX;1079MX;16;100.0;100.0;100;94;G6;398;0.0;0.0
24274;1079MZ;1079NB;26;100.0;100.0;100;81;G4;1145;0.0;0.0
24278;1079NC;1079NC;24;100.0;95.83;100;92;G4;1110;0.0;0.0
24280;1079ND;1079ND;18;100.0;100.0;100;83;G4;1143;0.0;5.56
24282;1079NE;1079NE;20;100.0;100.0;100;100;G4;952;0.0;0.0
24284;1079NG;1079NG;29;100.0;100.0;100;97;G4;1123;0.0;3.45
24286;1079NH;1079NH;30;100.0;100.0;100;97;G4;1154;0.0;0.0
24288;1079NJ;1079NJ;27;100.0;100.0;100;100;G4;974;0.0;0.0
24290;1079NK;1079NK;20;100.0;100.0;100;100;G4;1274;0.0;70.0
24292;1079NL;1079NL;21;100.0;100.0;100;100;G4;1071;0.0;0.0
24294;1079NM;1079NM;15;100.0;100.0;100;100;G4;1226;0.0;0.0
24296;1079NN;1079NN;19;100.0;100.0;100;100;G4;1177;0.0;31.58
24298;1079NP;1079NP;18;100.0;100.0;100;100;G4;1069;0.0;16.67
24300;1079NR;1079NR;28;100.0;100.0;100;100;G4;1122;0.0;0.0
24302;1079NS;1079NS;20;100.0;100.0;100;95;G4;1243;0.0;5.0
24304;1079NT;1079NT;16;100.0;100.0;100;94;G4;1243;0.0;0.0
24306;1079NV;1079NV;16;100.0;100.0;100;94;G4;1206;0.0;6.25
24308;1079NX;1079NX;18;100.0;100.0;100;89;G4;1185;0.0;38.89
24310;1079PA;1079PD;26;100.0;84.62;100;65;G6;3472;0.0;23.08
24315;1079PE;1079PE;66;100.0;100.0;100;83;G4;633;0.0;3.03
24317;1079PG;1079PG;12;100.0;100.0;100;92;G6;378;0.0;8.33
24319;1079PH;1079PH;12;100.0;100.0;100;83;G6;325;0.0;0.0
24321;1079PJ;1079PJ;12;100.0;100.0;100;83;G6;289;0.0;0.0
24323;1079PK;1079PK;12;100.0;100.0;100;92;G6;353;0.0;0.0
24325;1079PL;1079PL;12;100.0;100.0;100;67;G6;350;0.0;0.0
24327;1079PM;1079PM;12;100.0;100.0;100;83;G6;403;0.0;0.0
24329;1079PN;1079PN;12;100.0;100.0;100;75;G6;289;0.0;0.0
24331;1079PP;1079PP;12;100.0;100.0;100;75;G6;281;0.0;0.0
24333;1079PR;1079PR;30;100.0;100.0;100;63;G4;1394;0.0;10.0
24335;1079PS;1079PS;10;100.0;100.0;100;100;G6;2125;0.0;0.0
24337;1079PT;1079PT;12;100.0;100.0;100;100;G6;2651;0.0;8.33
24339;1079PV;1079PV;10;100.0;100.0;100;100;G6;2164;0.0;0.0
24341;1079PW;1079PW;12;100.0;100.0;100;92;G6;332;0.0;0.0
24343;1079PX;1079PX;12;100.0;100.0;100;75;G6;435;0.0;0.0
24345;1079PZ;1079PZ;12;100.0;100.0;100;92;G6;286;0.0;0.0
24347;1079RA;1079RA;14;100.0;100.0;100;57;G6;3941;0.0;7.14
24349;1079RB;1079RB;17;100.0;100.0;100;82;G6;1785;0.0;76.47
24351;1079RC;1079RC;15;100.0;100.0;100;93;G6;2103;0.0;86.67
24353;1079RD;1079RD;12;100.0;100.0;100;67;G6;370;0.0;0.0
24355;1079RE;1079RE;12;100.0;100.0;100;92;G6;272;0.0;0.0
24358;1079RJ;1079RJ;12;100.0;100.0;100;50;G4;4124;0.0;33.33
24360;1079RK;1079RK;22;100.0;90.91;100;68;G4;2140;0.0;4.55
24362;1079RL;1079RN;116;100.0;93.97;100;94;G4;599;0.0;31.03
24364;1079RP;1079RP;16;100.0;100.0;100;100;G4;1053;0.0;12.5
24366;1079SR;1079SR;27;100.0;100.0;100;96;G4;1246;0.0;0.0
24368;1079ST;1079ST;29;100.0;100.0;100;100;G4;1149;0.0;0.0
24370;1079SV;1079SV;29;100.0;96.55;100;100;G4;1372;0.0;0.0
24372;1079SW;1079SW;33;100.0;96.97;100;94;G4;1153;0.0;0.0
24374;1079SX;1079SX;29;100.0;100.0;100;97;G4;1167;0.0;0.0
24376;1079SZ;1079SZ;18;100.0;100.0;100;100;G4;2510;0.0;0.0
24378;1079TA;1079TA;19;100.0;100.0;100;95;G4;1193;0.0;0.0
24380;1079TB;1079TB;26;100.0;100.0;100;100;G4;1134;0.0;11.54
24382;1079TC;1079TC;25;100.0;100.0;100;100;G4;1081;0.0;0.0
24384;1079TD;1079TD;21;100.0;100.0;100;100;G4;1507;0.0;4.76
24386;1079TE;1079TE;27;100.0;100.0;100;96;G4;1270;0.0;0.0
24388;1079TG;1079TG;27;100.0;96.3;100;96;G4;1235;0.0;0.0
24390;1079TH;1079TH;25;100.0;96.0;100;96;G4;1129;0.0;12.0
24392;1079TJ;1079TJ;24;100.0;100.0;100;92;G4;1144;0.0;0.0
24394;1079TK;1079TK;24;100.0;100.0;100;100;G4;1338;0.0;4.17
24396;1079TL;1079TL;15;100.0;100.0;100;80;G4;1227;0.0;0.0
24398;1079TM;1079TM;36;100.0;91.67;100;100;G4;1524;0.0;0.0
24400;1079TN;1079TN;27;100.0;100.0;100;100;G4;1024;0.0;0.0
24402;1079TP;1079TP;26;100.0;100.0;100;100;G4;869;0.0;0.0
24404;1079TR;1079TR;20;100.0;100.0;100;100;G4;968;0.0;0.0
24406;1079TS;1079TS;19;100.0;100.0;100;100;G4;1180;0.0;0.0
24407;1079TT;1079TT;28;100.0;100.0;100;100;G4;1182;0.0;0.0
24410;1079TV;1079TV;14;100.0;100.0;100;93;G4;1187;0.0;0.0
24412;1079TW;1079TW;21;100.0;100.0;100;76;G4;1326;0.0;0.0
24414;1079TX;1079TX;76;100.0;100.0;100;100;G4;887;0.0;1.32
24416;1079TZ;1079VA;37;100.0;100.0;100;97;G4;1005;0.0;0.0
24419;1079VB;1079VB;30;100.0;100.0;100;100;G4;1102;0.0;0.0
24421;1079VC;1079VC;16;100.0;100.0;100;75;G4;2724;0.0;6.25
24423;1079VD;1079VD;22;100.0;100.0;100;95;G4;1388;0.0;0.0
24425;1079VE;1079VE;25;100.0;96.0;100;92;G4;991;0.0;12.0
24427;1079VG;1079VG;20;100.0;95.0;100;95;G4;1310;0.0;10.0
24429;1079VH;1079VH;26;100.0;96.15;100;100;G4;811;0.0;3.85
24431;1079VJ;1079VJ;24;100.0;100.0;100;96;G4;871;0.0;8.33
24433;1079VK;1079VK;24;100.0;100.0;100;96;G4;872;0.0;0.0
24435;1079VL;1079VL;45;100.0;100.0;100;100;G4;890;0.0;0.0
24437;1079VM;1079VM;44;100.0;100.0;100;98;G4;732;0.0;6.82
24439;1079VN;1079VN;39;100.0;97.44;100;92;G4;1069;0.0;2.56
24441;1079VP;1079VP;32;100.0;100.0;100;100;G4;1118;0.0;0.0
24443;1079VR;1079VR;22;100.0;100.0;100;91;G4;1488;0.0;0.0
24445;1079VS;1079VS;20;100.0;100.0;100;95;G4;1112;0.0;0.0
24447;1079VT;1079VT;24;100.0;100.0;100;96;G4;1100;0.0;4.17
24449;1079VV;1079VV;28;100.0;100.0;100;100;G4;979;0.0;0.0
24451;1079VW;1079VW;22;100.0;100.0;100;95;G4;1577;0.0;0.0
24453;1079VX;1079VX;24;100.0;100.0;100;100;G4;1664;0.0;0.0
24455;1079VZ;1079VZ;18;100.0;100.0;100;94;G4;1631;0.0;0.0
24457;1079WB;1079WB;16;100.0;100.0;100;94;G4;1432;0.0;0.0
24459;1079WC;1079WC;23;100.0;100.0;100;100;G4;364;0.0;0.0
24461;1079WD;1079WD;17;100.0;94.12;100;82;G4;2643;0.0;0.0
24463;1079WE;1079WE;24;100.0;100.0;100;100;G4;1133;0.0;0.0
24465;1079WG;1079WG;21;100.0;100.0;100;100;G4;1012;0.0;9.52
24467;1079WH;1079WH;21;100.0;100.0;100;95;G4;1044;0.0;9.52
24469;1079WJ;1079WJ;18;100.0;100.0;100;89;G4;1175;0.0;16.67
24471;1079WK;1079WK;26;100.0;88.46;100;100;G4;1347;0.0;15.38
24473;1079WL;1079WL;24;100.0;100.0;100;100;G4;1325;0.0;4.17
24475;1079WN;1079WN;21;100.0;100.0;100;100;G4;1235;0.0;0.0
24477;1079WP;1079WP;18;100.0;100.0;100;94;G4;1119;0.0;0.0
24479;1079WR;1079WR;26;100.0;100.0;100;96;G4;1363;0.0;0.0
24481;1079WS;1079WS;24;100.0;100.0;100;96;G4;1276;0.0;0.0
24483;1079WT;1079WT;18;100.0;100.0;100;100;G4;1400;0.0;0.0
24485;1079WV;1079WV;18;100.0;100.0;100;94;G4;1297;0.0;0.0
24487;1079WX;1079WX;13;100.0;100.0;100;100;G4;1198;0.0;0.0
24489;1079WZ;1079WZ;16;100.0;100.0;100;88;G4;1227;0.0;0.0
24491;1079XA;1079XA;18;100.0;100.0;100;94;G4;961;0.0;5.56
24493;1079XB;1079XB;19;100.0;100.0;100;95;G4;1376;0.0;0.0
24495;1079XC;1079XC;16;100.0;100.0;100;100;G4;1680;0.0;0.0
24497;1079XD;1079XD;37;100.0;100.0;100;100;G4;1028;0.0;5.41
24499;1079XH;1079XJ;21;100.0;95.24;100;95;G4;1039;0.0;0.0
24502;1079XK;1079XK;18;100.0;100.0;100;100;G4;981;0.0;5.56
24504;1079XL;1079XL;18;100.0;100.0;100;100;G4;1006;0.0;5.56
24506;1079XM;1079XM;24;100.0;100.0;100;100;G4;1172;0.0;8.33
24508;1079XN;1079XN;18;100.0;100.0;100;100;G4;945;0.0;0.0
24510;1079XP;1079XP;18;100.0;100.0;100;100;G4;840;0.0;0.0
24512;1079XR;1079XR;24;100.0;100.0;100;96;G4;938;0.0;16.67
24514;1079XS;1079XS;21;100.0;100.0;100;100;G4;1036;0.0;0.0
24516;1079XT;1079XT;23;100.0;100.0;100;100;G4;867;0.0;4.35
24518;1079XV;1079XV;24;100.0;100.0;100;100;G4;892;0.0;12.5
24520;1079XW;1079XW;24;100.0;100.0;100;100;G4;748;0.0;16.67
24522;1079XX;1079XX;16;100.0;100.0;100;94;G4;902;0.0;12.5
24524;1079XZ;1079XZ;19;100.0;94.74;100;100;G4;1068;0.0;5.26
24526;1079ZA;1079ZA;24;100.0;100.0;100;100;G4;891;0.0;0.0
24528;1079ZB;1079ZB;24;100.0;100.0;100;100;G4;1147;0.0;4.17
24530;1079ZC;1079ZC;24;100.0;100.0;100;100;G4;1140;0.0;0.0
24532;1079ZD;1079ZD;16;100.0;100.0;100;94;G4;1257;0.0;0.0
24534;1079ZE;1079ZE;18;100.0;100.0;100;100;G4;1114;0.0;0.0
24536;1079ZG;1079ZG;24;100.0;100.0;100;96;G4;1242;0.0;4.17
24538;1079ZH;1079ZH;24;100.0;100.0;100;100;G4;1177;0.0;0.0
24540;1079ZJ;1079ZJ;24;100.0;100.0;100;96;G4;1215;0.0;0.0
24542;1079ZK;1079ZK;18;100.0;100.0;100;100;G4;1228;0.0;0.0
24544;1079ZL;1079ZL;23;100.0;100.0;100;100;G4;1075;0.0;0.0
24546;1079ZM;1079ZM;24;100.0;100.0;100;100;G4;990;0.0;4.17
24548;1079ZN;1079ZN;24;100.0;100.0;100;100;G4;1092;0.0;0.0
24550;1079ZP;1079ZP;24;100.0;100.0;100;96;G4;1153;0.0;0.0
24552;1079ZR;1079ZR;23;100.0;100.0;100;100;G4;1084;0.0;0.0
24554;1079ZS;1079ZS;21;100.0;95.24;100;100;G4;1191;0.0;0.0
24556;1079ZT;1079ZT;24;100.0;100.0;100;96;G4;961;0.0;0.0
24558;1079ZV;1079ZV;24;100.0;100.0;100;96;G4;1078;0.0;0.0
24560;1079ZW;1079ZW;45;100.0;100.0;100;100;G4;865;0.0;0.0
24562;1079ZX;1079ZX;24;100.0;100.0;100;100;G4;904;0.0;0.0
24564;1079ZZ;1079ZZ;26;100.0;100.0;100;100;G4;889;0.0;0.0
24566;1081AA;1081AD;28;100.0;89.29;100;75;G4;3913;0.0;0.0
24571;1081AE;1081AG;21;100.0;100.0;100;67;G4;1902;0.0;28.57
24574;1081AH;1081AJ;18;100.0;100.0;100;72;G4;2211;0.0;61.11
24576;1081AK;1081AK;10;100.0;100.0;100;100;G4;230;0.0;30.0
24578;1081AL;1081AL;11;100.0;100.0;100;100;G4;123;0.0;72.73
24580;1081AM;1081AR;97;100.0;85.57;100;92;G4;1789;0.0;0.0
24582;1081AS;1081AS;80;100.0;100.0;100;99;G4;1319;0.0;0.0
24584;1081AT;1081AT;21;100.0;100.0;100;67;G4;2127;0.0;61.9
24586;1081AV;1081AV;20;100.0;100.0;100;95;G4;1934;0.0;0.0
24588;1081AW;1081AW;12;100.0;100.0;100;58;G4;2042;0.0;33.33
24590;1081AX;1081AX;18;100.0;100.0;100;61;G6;1861;0.0;0.0
24592;1081AZ;1081AZ;46;100.0;100.0;100;87;G4;1032;0.0;2.17
24594;1081BA;1081BA;10;100.0;100.0;100;80;G4;2176;0.0;30.0
24596;1081BB;1081BC;21;100.0;100.0;100;100;G4;1980;0.0;52.38
24599;1081BD;1081BD;18;100.0;100.0;100;72;G4;2026;0.0;50.0
24601;1081BE;1081BE;35;100.0;57.14;100;97;G4;631;0.0;0.0
24603;1081BG;1081BG;12;100.0;100.0;100;75;G4;2050;0.0;58.33
24605;1081BH;1081BH;13;100.0;100.0;100;62;G4;1923;0.0;30.77
24607;1081BJ;1081BJ;10;100.0;100.0;100;100;G6;2318;0.0;70.0
24609;1081BK;1081BL;21;100.0;100.0;100;67;G6;2218;0.0;9.52
24611;1081BM;1081BN;23;100.0;100.0;100;52;G6;1831;0.0;21.74
24613;1081BP;1081BP;15;100.0;100.0;100;53;G6;2932;0.0;20.0
24615;1081BR;1081BR;18;100.0;100.0;100;56;G6;2126;0.0;5.56
24617;1081BS;1081BS;18;100.0;100.0;100;72;G4;2038;0.0;38.89
24619;1081BT;1081BV;24;100.0;100.0;100;92;G6;2713;0.0;4.17
24622;1081BW;1081BX;20;100.0;100.0;100;70;G4;1982;0.0;70.0
24625;1081CA;1081CA;12;100.0;100.0;100;83;G6;1912;0.0;33.33
24627;1081CB;1081CB;18;100.0;100.0;100;72;G6;2083;0.0;22.22
24629;1081CC;1081CC;21;100.0;100.0;100;100;G4;192;0.0;0.0
24631;1081CD;1081CD;11;100.0;100.0;100;100;G4;160;0.0;0.0
24633;1081CE;1081CE;11;100.0;100.0;100;55;G4;1750;0.0;54.55
24635;1081CG;1081CH;21;100.0;100.0;100;57;G4;1840;0.0;52.38
24638;1081CJ;1081CJ;18;100.0;100.0;100;56;G6;1672;0.0;38.89
24640;1081CK;1081CK;13;100.0;84.62;100;62;G4;5505;0.0;15.38
24642;1081CL;1081CP;31;100.0;96.77;100;65;G6;4594;0.0;25.81
24647;1081CR;1081CS;25;100.0;100.0;100;64;G4;2222;0.0;48.0
24653;1081CX;1081CX;21;100.0;100.0;100;100;G4;25;0.0;0.0
24655;1081CZ;1081CZ;14;100.0;100.0;100;100;G4;20;0.0;0.0
24657;1081DA;1081EA;14;100.0;100.0;100;93;G4;471;0.0;0.0
24659;1081EB;1081EB;18;100.0;100.0;100;100;G4;29;0.0;5.56
24661;1081EC;1081EC;18;100.0;83.33;100;83;G4;40;0.0;0.0
24663;1081ED;1081ED;21;100.0;90.48;100;100;G4;165;0.0;0.0
24665;1081EE;1081EE;14;100.0;100.0;100;100;G4;31;0.0;0.0
24667;1081EG;1081EG;15;100.0;100.0;100;100;G4;18;0.0;0.0
24669;1081EH;1081EH;20;100.0;100.0;100;100;G4;27;0.0;5.0
24671;1081EJ;1081EJ;15;100.0;100.0;100;100;G4;21;0.0;0.0
24673;1081EK;1081EK;14;100.0;100.0;100;100;G4;25;0.0;0.0
24675;1081EL;1081EL;17;100.0;100.0;100;100;G4;25;0.0;5.88
24677;1081EM;1081EM;18;100.0;100.0;100;100;G4;19;0.0;0.0
24679;1081EN;1081EN;22;100.0;95.45;100;100;G4;22;0.0;9.09
24681;1081EP;1081EP;15;100.0;100.0;100;100;G4;89;0.0;0.0
24683;1081ER;1081ER;15;100.0;100.0;100;100;G4;20;0.0;6.67
24691;1081GA;1081GA;23;100.0;100.0;100;100;G4;20;0.0;0.0
24693;1081GB;1081GB;11;100.0;90.91;100;100;G4;36;0.0;0.0
24695;1081GC;1081GC;62;100.0;95.16;100;100;G4;19;0.0;1.61
24697;1081GD;1081GD;21;100.0;95.24;100;100;G4;130;0.0;0.0
24699;1081GE;1081GE;11;100.0;100.0;100;100;G4;16;0.0;0.0
24701;1081GG;1081GG;56;100.0;87.5;100;100;G4;56;0.0;1.79
24703;1081GH;1081GH;23;100.0;100.0;100;100;G4;25;0.0;0.0
24705;1081GJ;1081GJ;12;100.0;100.0;100;100;G4;18;0.0;0.0
24707;1081GK;1081GK;67;100.0;98.51;100;100;G4;788;0.0;0.0
24709;1081GL;1081GL;23;100.0;100.0;100;100;G4;19;0.0;4.35
24711;1081GM;1081GM;12;100.0;100.0;100;100;G4;18;0.0;0.0
24713;1081GN;1081GN;67;100.0;98.51;100;100;G4;24;0.0;0.0
24715;1081GP;1081GP;38;100.0;100.0;100;100;G4;1168;0.0;0.0
24717;1081GR;1081GR;35;100.0;100.0;100;100;G4;1033;0.0;0.0
24719;1081GS;1081GS;39;100.0;100.0;100;97;G4;828;0.0;82.05
24721;1081GT;1081HG;100;100.0;100.0;100;66;G4;2485;0.0;14.0
24727;1081HH;1081HH;10;100.0;100.0;100;100;G4;462;0.0;10.0
24729;1081HJ;1081HK;24;100.0;100.0;100;54;G4;3101;0.0;41.67
24731;1081HL;1081HL;118;100.0;99.15;100;95;G4;1143;0.0;1.69
24733;1081HM;1081HM;10;100.0;100.0;100;70;G6;4985;0.0;70.0
24735;1081HN;1081JD;107;100.0;91.59;100;60;G4;3907;0.0;36.45
24742;1081JE;1081JE;28;100.0;100.0;100;96;G4;1837;0.0;57.14
24744;1081JG;1081JG;16;100.0;100.0;100;100;G4;1249;0.0;87.5
24746;1081JH;1081JK;82;100.0;100.0;100;95;G4;1511;0.0;4.88
24749;1081JL;1081JL;14;100.0;100.0;100;79;G4;1627;0.0;21.43
24751;1081JM;1081JM;17;100.0;100.0;100;82;G4;2113;0.0;5.88
24753;1081JN;1081JN;27;100.0;100.0;100;85;G4;1395;0.0;7.41
24755;1081JP;1081JP;20;100.0;100.0;100;90;G4;1763;0.0;10.0
24757;1081JR;1081JR;33;100.0;90.91;100;91;G4;1111;0.0;12.12
24759;1081JS;1081JS;21;100.0;100.0;100;62;G4;1797;0.0;4.76
24761;1081JT;1081JT;18;100.0;100.0;100;56;G6;2061;0.0;0.0
24763;1081JV;1081JV;18;100.0;100.0;100;56;G4;2078;0.0;11.11
24765;1081JW;1081JW;17;100.0;100.0;100;65;G6;3493;0.0;0.0
24767;1081JX;1081JX;99;100.0;97.98;100;99;G4;917;0.0;0.0
24769;1081KA;1081KD;15;100.0;73.33;100;67;G4;3025;0.0;6.67
24772;1081KE;1081KE;10;100.0;80.0;100;90;G4;1580;0.0;20.0
24774;1081KJ;1081KK;37;100.0;100.0;100;86;G4;3462;0.0;0.0
24776;1081KP;1081KP;38;100.0;100.0;100;100;G4;1161;0.0;0.0
24778;1081KR;1081KR;20;100.0;100.0;100;100;G4;1166;0.0;5.0
24780;1081KS;1081KS;21;100.0;90.48;100;95;G4;1285;0.0;0.0
24782;1081LA;1082AB;36;100.0;91.67;100;67;G6;2957;0.0;8.33
24785;1082AC;1082AC;16;100.0;100.0;100;63;G6;2052;0.0;100.0
24787;1082AD;1082AD;11;100.0;100.0;100;82;G6;2291;0.0;90.91
24789;1082AE;1082AE;17;100.0;100.0;100;53;G6;2131;0.0;0.0
24791;1082AG;1082AH;29;100.0;96.55;100;76;G4;3200;0.0;3.45
24793;1082AJ;1082AJ;14;100.0;71.43;100;57;G4;3136;0.0;0.0
24795;1082AK;1082AK;16;100.0;100.0;100;63;G6;1642;0.0;75.0
24797;1082AL;1082AL;11;100.0;100.0;100;55;G4;1748;0.0;81.82
24799;1082AM;1082AM;21;100.0;100.0;100;67;G4;6106;0.0;0.0
24801;1082AN;1082AN;16;100.0;93.75;100;69;G6;112;0.0;0.0
24803;1082AP;1082AP;18;100.0;100.0;100;72;G6;148;0.0;0.0
24805;1082AR;1082AR;18;100.0;100.0;100;83;G4;2180;0.0;61.11
24807;1082AS;1082AS;17;100.0;94.12;100;65;G6;158;0.0;0.0
24809;1082AT;1082AT;16;100.0;87.5;100;75;G6;106;0.0;0.0
24811;1082AV;1082AV;19;100.0;100.0;100;100;G4;2142;0.0;21.05
24813;1082AW;1082AW;15;100.0;100.0;100;53;G6;180;0.0;0.0
24815;1082AX;1082AX;17;100.0;100.0;100;65;G6;118;0.0;0.0
24817;1082AZ;1082AZ;22;100.0;100.0;100;73;G4;2722;0.0;22.73
24819;1082BA;1082BB;25;100.0;100.0;100;80;G4;4472;0.0;0.0
24821;1082BC;1082BC;15;100.0;93.33;100;73;G4;3054;0.0;6.67
24823;1082BD;1082BD;16;100.0;100.0;100;94;G6;1744;0.0;6.25
24825;1082BE;1082BE;11;100.0;100.0;100;82;G4;1615;0.0;0.0
24827;1082BG;1082BG;17;100.0;100.0;100;88;G4;1900;0.0;0.0
24829;1082BH;1082BH;20;100.0;100.0;100;95;G4;1732;0.0;5.0
24831;1082BJ;1082BJ;23;100.0;100.0;100;91;G4;190;0.0;0.0
24833;1082BK;1082BK;21;100.0;100.0;100;95;G4;75;0.0;4.76
24835;1082BL;1082BL;24;100.0;95.83;100;63;G6;39;0.0;4.17
24837;1082BM;1082BM;20;100.0;100.0;100;50;G4;160;0.0;0.0
24839;1082BN;1082BN;18;100.0;94.44;100;61;G4;101;0.0;0.0
24841;1082BP;1082BP;24;100.0;100.0;100;50;G4;75;0.0;0.0
24843;1082BR;1082BR;21;100.0;95.24;100;95;G4;195;0.0;0.0
24845;1082BS;1082BS;25;100.0;100.0;100;100;G4;1161;0.0;0.0
24847;1082BT;1082BT;21;100.0;100.0;100;95;G4;1573;0.0;71.43
24849;1082BV;1082BW;27;100.0;100.0;100;93;G4;3154;0.0;3.7
24851;1082BX;1082BX;25;100.0;100.0;100;100;G4;1580;0.0;0.0
24853;1082BZ;1082BZ;18;100.0;100.0;100;100;G4;1619;0.0;0.0
24855;1082CA;1082CA;18;100.0;100.0;100;94;G4;1609;0.0;5.56
24857;1082CB;1082CB;24;100.0;100.0;100;96;G4;1230;0.0;0.0
24859;1082CC;1082CC;12;100.0;100.0;100;100;G4;1301;0.0;0.0
24861;1082CD;1082CD;16;100.0;100.0;100;100;G4;1434;0.0;0.0
24863;1082CE;1082CE;24;100.0;100.0;100;100;G4;1365;0.0;0.0
24865;1082CG;1082CG;11;100.0;100.0;100;91;G4;1235;0.0;9.09
24867;1082CH;1082CH;16;100.0;100.0;100;100;G4;1362;0.0;0.0
24869;1082CJ;1082CJ;18;100.0;100.0;100;100;G4;2131;0.0;0.0
24871;1082CK;1082CK;18;100.0;100.0;100;94;G4;2103;0.0;0.0
24873;1082CL;1082CL;24;100.0;100.0;100;100;G4;1581;0.0;0.0
24875;1082CM;1082CM;12;100.0;100.0;100;100;G4;1083;0.0;0.0
24877;1082CN;1082CN;16;100.0;100.0;100;100;G4;1366;0.0;0.0
24879;1082CP;1082CP;24;100.0;100.0;100;100;G4;1596;0.0;0.0
24881;1082CR;1082CR;11;100.0;100.0;100;100;G4;1105;0.0;0.0
24883;1082CS;1082CS;16;100.0;100.0;100;100;G4;1648;0.0;0.0
24885;1082CT;1082CT;24;100.0;100.0;100;100;G4;204;0.0;0.0
24887;1082CW;1082CW;20;100.0;100.0;100;95;G4;809;0.0;0.0
24889;1082DC;1082DC;43;100.0;100.0;100;98;G4;1523;0.0;2.33
24891;1082DD;1082DD;29;100.0;100.0;100;97;G4;1639;0.0;0.0
24893;1082EA;1082EB;28;100.0;96.43;100;100;G4;1047;0.0;7.14
24896;1082EC;1082EC;19;100.0;100.0;100;100;G4;1537;0.0;0.0
24898;1082ED;1082ED;14;100.0;100.0;100;93;G4;2418;0.0;0.0
24900;1082EE;1082EE;21;100.0;95.24;100;67;G4;197;0.0;0.0
24902;1082EG;1082EG;25;100.0;100.0;100;48;G4;1729;0.0;4.0
24904;1082EH;1082EH;21;100.0;100.0;100;100;G4;126;0.0;0.0
24906;1082EJ;1082EK;32;100.0;96.88;100;59;G4;1141;0.0;0.0
24908;1082EL;1082EL;25;100.0;92.0;100;56;G4;100;0.0;0.0
24910;1082EM;1082EM;18;100.0;100.0;100;94;G4;157;0.0;0.0
24912;1082EN;1082EN;19;100.0;100.0;100;89;G4;182;0.0;0.0
24915;1082EP;1082EP;23;100.0;95.65;100;52;G4;200;0.0;0.0
24917;1082ER;1082ER;21;100.0;100.0;100;71;G6;320;0.0;0.0
24919;1082ES;1082ES;24;100.0;95.83;100;83;G6;89;0.0;0.0
24921;1082ET;1082ET;20;100.0;95.0;100;55;G4;42;0.0;0.0
24923;1082EV;1082EV;21;100.0;95.24;100;57;G6;240;0.0;0.0
24925;1082EW;1082EW;21;100.0;100.0;100;62;G6;1632;0.0;0.0
24927;1082EX;1082EX;24;100.0;100.0;100;50;G4;1371;0.0;0.0
24929;1082EZ;1082EZ;21;100.0;100.0;100;67;G6;1616;0.0;0.0
24931;1082GA;1082GA;24;100.0;100.0;100;63;G6;128;0.0;12.5
24933;1082GB;1082GB;21;100.0;100.0;100;86;G6;245;0.0;0.0
24935;1082GD;1082GD;24;100.0;95.83;100;100;G4;124;0.0;100.0
24937;1082GE;1082GE;22;100.0;100.0;100;100;G4;27;0.0;100.0
24939;1082GK;1082GK;14;100.0;100.0;100;100;G4;147;0.0;0.0
24941;1082GL;1082GL;13;100.0;100.0;100;100;G4;14;0.0;0.0
24943;1082GM;1082GM;100;100.0;93.0;100;95;G4;1020;0.0;2.0
24945;1082GN;1082GN;21;100.0;95.24;100;90;G4;837;0.0;0.0
24947;1082GP;1082GP;18;100.0;94.44;100;94;G4;72;0.0;0.0
24949;1082GR;1082GR;24;100.0;100.0;100;100;G4;87;0.0;4.17
24951;1082GS;1082GS;23;100.0;100.0;100;100;G4;26;0.0;0.0
24953;1082GV;1082GV;16;100.0;100.0;100;69;G4;116;0.0;100.0
24955;1082GW;1082GW;13;100.0;76.92;100;69;G4;93;0.0;84.62
24957;1082GX;1082GX;16;100.0;100.0;100;63;G4;138;0.0;6.25
24959;1082GZ;1082GZ;15;100.0;100.0;100;60;G4;93;0.0;0.0
24961;1082HA;1082HA;16;100.0;100.0;100;56;G4;143;0.0;0.0
24963;1082HB;1082HB;13;100.0;100.0;100;62;G6;76;0.0;0.0
24965;1082HC;1082HC;15;100.0;100.0;100;53;G4;160;0.0;6.67
24967;1082HD;1082HD;13;100.0;100.0;100;54;G4;156;0.0;7.69
24969;1082HE;1082HE;14;100.0;92.86;100;50;G4;152;0.0;0.0
24971;1082HG;1082HG;14;100.0;100.0;100;50;G4;91;0.0;0.0
24973;1082HH;1082HH;13;100.0;100.0;100;54;G4;307;0.0;0.0
24975;1082HJ;1082HJ;16;100.0;100.0;100;63;G4;579;0.0;18.75
24977;1082HK;1082HK;15;100.0;93.33;100;93;G4;49;0.0;0.0
24979;1082HL;1082HL;13;100.0;100.0;100;85;G4;278;0.0;7.69
24981;1082HM;1082HM;15;100.0;100.0;100;100;G4;70;0.0;0.0
24983;1082HN;1082HN;16;100.0;93.75;100;100;G4;117;0.0;0.0
24985;1082HP;1082HP;15;100.0;86.67;100;93;G4;122;0.0;0.0
24987;1082HR;1082HR;16;100.0;93.75;100;94;G4;159;0.0;0.0
24989;1082HS;1082HS;15;100.0;86.67;100;93;G4;109;0.0;0.0
24991;1082HT;1082HT;16;100.0;87.5;100;100;G4;133;0.0;0.0
24993;1082HV;1082HV;15;100.0;100.0;100;100;G4;76;0.0;0.0
24995;1082HW;1082HW;14;100.0;92.86;100;100;G4;110;0.0;7.14
24997;1082HX;1082HX;14;100.0;85.71;100;86;G4;112;0.0;0.0
24999;1082HZ;1082HZ;15;100.0;100.0;100;93;G4;1226;0.0;6.67
25001;1082JA;1082JA;16;100.0;100.0;100;56;G4;158;0.0;6.25
25003;1082JB;1082JB;14;100.0;100.0;100;64;G4;110;0.0;0.0
25005;1082JC;1082JC;15;100.0;100.0;100;53;G4;179;0.0;0.0
25007;1082JD;1082JD;14;100.0;100.0;100;64;G4;159;0.0;0.0
25009;1082JE;1082JE;15;100.0;100.0;100;53;G4;131;0.0;0.0
25011;1082JG;1082JG;15;100.0;86.67;100;60;G4;69;0.0;0.0
25013;1082JH;1082JH;14;100.0;92.86;100;50;G4;155;0.0;0.0
25015;1082JJ;1082JJ;15;100.0;100.0;100;53;G6;140;0.0;6.67
25017;1082JK;1082JK;14;100.0;100.0;100;50;G4;133;0.0;0.0
25019;1082JL;1082JL;15;100.0;100.0;100;53;G6;112;0.0;0.0
25021;1082JM;1082JM;16;100.0;100.0;100;94;G4;180;0.0;100.0
25023;1082JN;1082JN;16;100.0;100.0;100;100;G4;237;0.0;100.0
25027;1082JS;1082JT;26;100.0;92.31;100;96;G4;356;0.0;38.46
25030;1082JV;1082JV;17;100.0;88.24;100;94;G4;19;0.0;88.24
25032;1082JW;1082JW;20;100.0;95.0;100;100;G4;200;0.0;30.0
25034;1082JX;1082JX;23;100.0;95.65;100;100;G4;17;0.0;0.0
25036;1082JZ;1082JZ;17;100.0;100.0;100;100;G4;121;0.0;29.41
25038;1082KA;1082KA;23;100.0;100.0;100;100;G4;124;0.0;47.83
25040;1082KB;1082KB;22;100.0;95.45;100;95;G4;15;0.0;4.55
25042;1082KC;1082KC;13;100.0;84.62;100;100;G4;21;0.0;0.0
25044;1082KD;1082KD;20;100.0;100.0;100;100;G4;93;0.0;0.0
25046;1082KE;1082KE;18;100.0;94.44;100;100;G4;124;0.0;50.0
25048;1082KG;1082KG;17;100.0;100.0;100;100;G4;19;0.0;64.71
25050;1082KH;1082KH;18;100.0;100.0;100;100;G4;108;0.0;55.56
25052;1082KJ;1082KJ;20;100.0;95.0;100;95;G4;17;0.0;95.0
25054;1082KK;1082KK;17;100.0;100.0;100;94;G4;38;0.0;100.0
25056;1082KL;1082KL;23;100.0;100.0;100;57;G4;204;0.0;0.0
25058;1082KM;1082KM;16;100.0;93.75;100;81;G4;114;0.0;31.25
25060;1082KN;1082KN;10;100.0;100.0;100;100;G4;32;0.0;100.0
25062;1082KR;1082KR;52;100.0;98.08;100;98;G4;909;0.0;0.0
25064;1082KT;1082KT;36;100.0;100.0;100;100;G4;1530;0.0;0.0
25066;1082KV;1082KV;18;100.0;100.0;100;94;G4;404;0.0;5.56
25068;1082KW;1082KW;13;100.0;76.92;100;92;G4;383;0.0;0.0
25070;1082KZ;1082LE;24;100.0;87.5;100;88;G4;662;0.0;4.17
25072;1082LG;1082LG;11;100.0;90.91;100;100;G4;220;0.0;0.0
25074;1082LH;1082LH;17;100.0;100.0;100;100;G4;163;0.0;5.88
25076;1082LJ;1082LJ;10;100.0;100.0;100;100;G4;192;0.0;0.0
25078;1082LK;1082LK;20;100.0;100.0;100;100;G4;42;0.0;0.0
25080;1082LL;1082LL;10;100.0;100.0;100;100;G4;182;0.0;0.0
25082;1082LM;1082LM;19;100.0;100.0;100;100;G4;21;0.0;0.0
25084;1082LN;1082LN;10;100.0;100.0;100;100;G4;38;0.0;0.0
25086;1082LR;1082LT;67;100.0;94.03;100;94;G4;1895;0.0;5.97
25089;1082MA;1082MB;34;100.0;100.0;100;97;G4;1076;0.0;2.94
25092;1082MC;1082MH;31;100.0;90.32;100;81;G4;2828;0.0;3.23
25096;1082ML;1082NC;27;100.0;92.59;100;93;G4;2824;0.0;55.56
25103;1082ND;1082ND;25;100.0;100.0;100;100;G4;925;0.0;60.0
25105;1082NE;1082NE;24;100.0;100.0;100;100;G4;1220;0.0;0.0
25107;1082NG;1082NG;24;100.0;100.0;100;100;G4;878;0.0;4.17
25109;1082NH;1082NH;25;100.0;100.0;100;100;G4;914;0.0;0.0
25111;1082NJ;1082NJ;25;100.0;100.0;100;100;G4;1066;0.0;4.0
25113;1082NK;1082NK;30;100.0;100.0;100;100;G4;949;0.0;0.0
25115;1082NL;1082NL;28;100.0;100.0;100;100;G4;1142;0.0;3.57
25117;1082NM;1082NM;27;100.0;100.0;100;100;G4;1040;0.0;0.0
25119;1082NN;1082NN;28;100.0;100.0;100;100;G4;977;0.0;0.0
25121;1082NP;1082NP;31;100.0;100.0;100;100;G4;890;0.0;0.0
25123;1082NR;1082NR;25;100.0;100.0;100;100;G4;888;0.0;0.0
25125;1082NS;1082NS;25;100.0;100.0;100;100;G4;880;0.0;0.0
25127;1082NT;1082NT;21;100.0;100.0;100;100;G4;916;0.0;0.0
25129;1082NV;1082NV;30;100.0;100.0;100;100;G4;1045;0.0;3.33
25131;1082PA;1082PA;24;100.0;95.83;100;100;G4;891;0.0;0.0
25133;1082PB;1082PB;42;100.0;100.0;100;100;G4;1106;0.0;4.76
25136;1082RA;1082RJ;36;100.0;72.22;100;94;G4;209;0.0;2.78
25145;1082RK;1082RK;19;100.0;100.0;100;100;G4;117;0.0;0.0
25147;1082RL;1082RL;21;100.0;100.0;100;100;G4;113;0.0;0.0
25149;1082RM;1082RM;18;100.0;100.0;100;100;G4;130;0.0;0.0
25151;1082RN;1082RN;18;100.0;100.0;100;100;G4;165;0.0;0.0
25153;1082RP;1082RP;20;100.0;100.0;100;100;G4;157;0.0;0.0
25155;1082RR;1082RR;21;100.0;100.0;100;100;G4;182;0.0;4.76
25157;1082RS;1082RS;18;100.0;100.0;100;100;G4;173;0.0;0.0
25159;1082RT;1082RT;16;100.0;93.75;100;100;G4;138;0.0;100.0
25161;1082RV;1082RV;22;100.0;90.91;100;100;G4;151;0.0;100.0
25163;1082RW;1082RW;20;100.0;90.0;100;95;G4;1143;0.0;95.0
25165;1082RX;1082RX;19;100.0;100.0;100;100;G4;155;0.0;100.0
25167;1082RZ;1082RZ;21;100.0;95.24;100;100;G4;120;0.0;100.0
25169;1082SB;1082SB;20;100.0;100.0;100;90;G4;1986;0.0;90.0
25171;1082SC;1082SC;21;100.0;95.24;100;100;G4;1140;0.0;76.19
25173;1082SE;1082SE;21;100.0;100.0;100;100;G4;1173;0.0;90.48
25175;1082SG;1082SG;16;100.0;100.0;100;100;G4;834;0.0;100.0
25177;1082SH;1082SH;16;100.0;100.0;100;100;G4;979;0.0;50.0
25179;1082SJ;1082SJ;21;100.0;100.0;100;100;G4;1186;0.0;76.19
25181;1082SK;1082SK;15;100.0;100.0;100;100;G4;1040;0.0;60.0
25183;1082SL;1082SL;21;100.0;100.0;100;100;G4;1309;0.0;100.0
25185;1082SM;1082SM;21;100.0;100.0;100;100;G4;1325;0.0;90.48
25187;1082SN;1082SN;16;100.0;100.0;100;100;G4;861;0.0;100.0
25189;1082SP;1082SP;16;100.0;100.0;100;100;G4;1027;0.0;50.0
25191;1082SR;1082SR;21;100.0;100.0;100;100;G4;1099;0.0;57.14
25193;1082ST;1082ST;15;100.0;100.0;100;100;G4;1069;0.0;46.67
25195;1082SV;1082SV;21;100.0;100.0;100;100;G4;1116;0.0;100.0
25197;1082SW;1082SW;21;100.0;100.0;100;100;G4;994;0.0;90.48
25199;1082SX;1082SX;17;100.0;100.0;100;100;G4;968;0.0;47.06
25201;1082SZ;1082SZ;16;100.0;100.0;100;100;G4;1072;0.0;75.0
25203;1082TA;1082TA;21;100.0;100.0;100;100;G4;1012;0.0;57.14
25205;1082TB;1082TB;14;100.0;100.0;100;100;G4;1252;0.0;92.86
25207;1082TC;1082TC;21;100.0;100.0;100;100;G4;1156;0.0;100.0
25209;1082TD;1082TD;21;100.0;100.0;100;100;G4;1080;0.0;100.0
25211;1082TE;1082TE;16;100.0;100.0;100;100;G4;1119;0.0;100.0
25213;1082TG;1082TG;16;100.0;100.0;100;100;G4;928;0.0;87.5
25215;1082TH;1082TH;21;100.0;100.0;100;100;G4;989;0.0;95.24
25217;1082TJ;1082TJ;14;100.0;100.0;100;100;G4;1226;0.0;78.57
25219;1082TK;1082TK;24;100.0;95.83;100;96;G4;169;0.0;62.5
25221;1082TL;1082TL;18;100.0;100.0;100;89;G4;4720;0.0;88.89
25223;1082TM;1082TM;20;100.0;100.0;100;100;G4;208;0.0;75.0
25225;1082TN;1082TN;22;100.0;86.36;100;100;G4;248;0.0;72.73
25227;1082TP;1082TP;16;100.0;100.0;100;100;G4;1014;0.0;75.0
25229;1082TR;1082TR;16;100.0;100.0;100;100;G4;884;0.0;75.0
25231;1082TS;1082TS;16;100.0;100.0;100;100;G4;965;0.0;25.0
25233;1082TT;1082TT;16;100.0;100.0;100;100;G4;1004;0.0;37.5
25235;1082TV;1082TV;16;100.0;100.0;100;100;G4;920;0.0;100.0
25237;1082TW;1082TW;16;100.0;100.0;100;100;G4;1000;0.0;93.75
25239;1082TX;1082TX;16;100.0;100.0;100;100;G4;768;0.0;93.75
25241;1082TZ;1082TZ;16;100.0;100.0;100;100;G4;731;0.0;100.0
25243;1082VA;1082VA;20;100.0;100.0;100;100;G4;897;0.0;0.0
25245;1082VB;1082VB;20;100.0;100.0;100;100;G4;955;0.0;0.0
25247;1082VC;1082VC;19;100.0;100.0;100;95;G4;1061;0.0;73.68
25249;1082VD;1082VD;20;100.0;100.0;100;100;G4;947;0.0;70.0
25251;1082VE;1082VE;21;100.0;100.0;100;100;G4;875;0.0;0.0
25253;1082VG;1082VG;21;100.0;100.0;100;100;G4;824;0.0;0.0
25255;1082VH;1082VH;14;100.0;100.0;100;100;G4;1818;0.0;0.0
25257;1082VJ;1082VJ;19;100.0;100.0;100;100;G4;934;0.0;63.16
25259;1082VK;1082VK;20;100.0;100.0;100;100;G4;997;0.0;75.0
25261;1082VL;1082VL;14;100.0;100.0;100;100;G4;925;0.0;7.14
25263;1082VM;1082VM;14;100.0;100.0;100;100;G4;715;0.0;0.0
25265;1082VN;1082VN;20;100.0;100.0;100;100;G4;976;0.0;75.0
25267;1082VP;1082VP;20;100.0;100.0;100;100;G4;1125;0.0;90.0
25269;1082VR;1082VR;21;100.0;100.0;100;100;G4;1088;0.0;28.57
25271;1082VS;1082VS;21;100.0;100.0;100;100;G4;1074;0.0;4.76
25273;1082VT;1082VT;14;100.0;100.0;100;100;G4;1201;0.0;50.0
25275;1082VV;1082VV;19;100.0;100.0;100;100;G4;950;0.0;57.89
25277;1082VW;1082VW;19;100.0;100.0;100;100;G4;928;0.0;57.89
25279;1082VX;1082VX;14;100.0;100.0;100;100;G4;1132;0.0;0.0
25281;1082VZ;1082VZ;14;100.0;100.0;100;100;G4;1106;0.0;50.0
25283;1082XC;1082XC;20;100.0;100.0;100;100;G4;1061;0.0;70.0
25285;1082XD;1082XD;20;100.0;100.0;100;100;G4;1066;0.0;70.0
25287;1082XE;1082XE;21;100.0;100.0;100;100;G4;1069;0.0;0.0
25289;1082XG;1082XG;21;100.0;100.0;100;100;G4;874;0.0;0.0
25291;1082XH;1082XH;14;100.0;100.0;100;100;G4;959;0.0;0.0
25293;1082XJ;1082XJ;20;100.0;100.0;100;100;G4;930;0.0;90.0
25295;1082XK;1082XK;20;100.0;100.0;100;100;G4;1154;0.0;80.0
25297;1082XL;1082XL;14;100.0;100.0;100;100;G4;838;0.0;0.0
25299;1082XM;1082XM;14;100.0;100.0;100;100;G4;924;0.0;0.0
25301;1082XN;1082XN;19;100.0;100.0;100;100;G4;1082;0.0;100.0
25303;1082XP;1082XP;20;100.0;100.0;100;100;G4;1026;0.0;100.0
25305;1082XR;1082XR;21;100.0;100.0;100;100;G4;994;0.0;0.0
25307;1082XS;1082XS;21;100.0;100.0;100;100;G4;1308;0.0;0.0
25309;1082XT;1082XT;14;100.0;100.0;100;100;G4;993;0.0;0.0
25311;1082XV;1082XV;19;100.0;100.0;100;100;G4;942;0.0;78.95
25313;1082XW;1082XW;20;100.0;100.0;100;95;G4;1030;0.0;65.0
25315;1082XX;1082XX;14;100.0;100.0;100;100;G4;869;0.0;0.0
25317;1082XZ;1082XZ;14;100.0;100.0;100;100;G4;862;0.0;0.0
25319;1083AA;1083AA;14;100.0;100.0;100;79;G4;2948;0.0;7.14
25321;1083AB;1083AD;23;100.0;78.26;100;35;G6;6900;0.0;8.7
25323;1083AE;1083AE;17;100.0;76.47;100;65;G6;4077;0.0;17.65
25325;1083AG;1083AH;29;100.0;100.0;100;55;G4;3634;0.0;27.59
25328;1083AJ;1083AJ;27;100.0;100.0;100;52;G4;2079;0.0;3.7
25330;1083AK;1083AK;25;100.0;88.0;100;52;G6;2274;0.0;8.0
25332;1083AL;1083AL;23;100.0;100.0;100;100;G4;246;0.0;0.0
25334;1083AM;1083AM;13;100.0;100.0;100;92;G6;5246;0.0;15.38
25336;1083AN;1083AN;17;100.0;100.0;100;76;G4;1545;0.0;41.18
25338;1083AP;1083AP;16;100.0;100.0;100;63;G6;104;0.0;0.0
25340;1083AR;1083AR;17;100.0;100.0;100;53;G6;86;0.0;5.88
25342;1083AS;1083AS;18;100.0;100.0;100;78;G6;2759;0.0;22.22
25344;1083AT;1083AT;18;100.0;94.44;100;89;G4;151;0.0;0.0
25346;1083AV;1083AV;16;100.0;100.0;100;69;G4;126;0.0;0.0
25348;1083AW;1083AW;19;100.0;100.0;100;79;G6;2427;0.0;15.79
25350;1083AX;1083AX;18;100.0;88.89;100;67;G6;242;0.0;0.0
25352;1083AZ;1083AZ;18;100.0;94.44;100;67;G6;102;0.0;0.0
25354;1083BA;1083BB;19;100.0;94.74;100;100;G4;210;0.0;0.0
25356;1083BC;1083BC;19;100.0;100.0;100;100;G4;17;0.0;5.26
25358;1083BD;1083BD;14;100.0;100.0;100;100;G4;79;0.0;0.0
25360;1083BE;1083BG;29;100.0;93.1;100;86;G4;4903;0.0;0.0
25362;1083BH;1083BH;25;100.0;100.0;100;100;G4;1359;0.0;0.0
25364;1083BJ;1083BJ;24;100.0;100.0;100;100;G4;1382;0.0;0.0
25366;1083BK;1083BK;24;100.0;100.0;100;100;G4;1193;0.0;0.0
25368;1083BL;1083BL;24;100.0;100.0;100;100;G4;1249;0.0;0.0
25370;1083BM;1083BM;24;100.0;100.0;100;100;G4;1147;0.0;0.0
25372;1083BN;1083BN;25;100.0;100.0;100;100;G4;1038;0.0;0.0
25374;1083BP;1083BP;25;100.0;96.0;100;100;G4;971;0.0;4.0
25376;1083BR;1083BR;24;100.0;100.0;100;100;G4;988;0.0;4.17
25378;1083BS;1083BS;24;100.0;100.0;100;100;G4;946;0.0;0.0
25380;1083BT;1083BT;24;100.0;100.0;100;100;G4;933;0.0;0.0
25382;1083BV;1083BV;24;100.0;100.0;100;96;G4;991;0.0;0.0
25384;1083BW;1083BW;21;100.0;100.0;100;100;G4;1073;0.0;0.0
25386;1083BX;1083BX;36;100.0;100.0;100;97;G4;1363;0.0;5.56
25388;1083BZ;1083CA;28;100.0;100.0;100;100;G4;1373;0.0;0.0
25390;1083CB;1083CB;24;100.0;100.0;100;100;G4;916;0.0;0.0
25392;1083CC;1083CC;16;100.0;100.0;100;88;G4;1116;0.0;0.0
25394;1083CD;1083CG;24;100.0;100.0;100;50;G6;3678;0.0;16.67
25396;1083CH;1083CH;16;100.0;100.0;100;75;G6;2089;0.0;25.0
25398;1083CJ;1083CJ;22;100.0;100.0;100;82;G6;3082;0.0;9.09
25400;1083CK;1083CL;26;100.0;92.31;100;85;G4;674;0.0;3.85
25402;1083CM;1083CM;23;100.0;100.0;100;100;G4;21;0.0;0.0
25404;1083CR;1083CR;11;100.0;100.0;100;100;G4;90;0.0;0.0
25406;1083CS;1083CS;12;100.0;100.0;100;100;G4;38;0.0;0.0
25408;1083CT;1083CT;24;100.0;100.0;100;100;G4;1309;0.0;0.0
25410;1083CV;1083CV;24;100.0;100.0;100;96;G4;1109;0.0;0.0
25412;1083CW;1083CW;12;100.0;100.0;100;100;G4;35;0.0;0.0
25414;1083CX;1083CX;17;100.0;100.0;100;100;G4;35;0.0;0.0
25416;1083CZ;1083CZ;18;100.0;88.89;100;94;G4;28;0.0;5.56
25418;1083DA;1083DA;28;100.0;100.0;100;100;G4;1132;0.0;0.0
25420;1083DB;1083DB;46;100.0;100.0;100;100;G4;1031;0.0;0.0
25422;1083DC;1083DC;28;100.0;96.43;100;100;G4;1208;0.0;0.0
25424;1083DD;1083DD;59;100.0;100.0;100;100;G4;884;0.0;3.39
25426;1083EA;1083EA;16;100.0;100.0;100;100;G4;183;0.0;0.0
25428;1083EB;1083EB;16;100.0;93.75;100;94;G4;242;0.0;12.5
25430;1083EC;1083EC;16;100.0;93.75;100;100;G4;474;0.0;6.25
25432;1083ED;1083ED;16;100.0;100.0;100;100;G4;159;0.0;12.5
25434;1083EE;1083EE;16;100.0;100.0;100;100;G4;262;0.0;0.0
25436;1083EG;1083EG;15;100.0;100.0;100;100;G4;154;0.0;0.0
25438;1083EH;1083EH;16;100.0;93.75;100;100;G4;161;0.0;0.0
25440;1083EJ;1083EJ;16;100.0;87.5;100;94;G4;204;0.0;0.0
25442;1083EK;1083EK;16;100.0;75.0;100;81;G4;151;0.0;0.0
25444;1083EL;1083EL;16;100.0;93.75;100;94;G4;215;0.0;6.25
25446;1083EM;1083EM;16;100.0;100.0;100;100;G4;187;0.0;0.0
25448;1083EN;1083EN;16;100.0;100.0;100;100;G4;186;0.0;0.0
25450;1083GA;1083GA;11;100.0;100.0;100;100;G4;27;0.0;0.0
25452;1083GB;1083GB;11;100.0;90.91;100;100;G4;21;0.0;0.0
25454;1083GC;1083GC;11;100.0;100.0;100;100;G4;18;0.0;0.0
25456;1083GD;1083GD;10;100.0;70.0;100;80;G4;13;0.0;0.0
25458;1083GE;1083GE;10;100.0;90.0;100;100;G4;166;0.0;20.0
25460;1083GG;1083GG;11;100.0;90.91;100;100;G4;23;0.0;0.0
25462;1083GH;1083GH;13;100.0;76.92;100;100;G4;1109;0.0;7.69
25464;1083GJ;1083GJ;10;100.0;100.0;100;100;G4;23;0.0;0.0
25466;1083GK;1083GK;18;100.0;100.0;100;100;G4;27;0.0;0.0
25468;1083GL;1083GL;18;100.0;100.0;100;100;G4;36;0.0;0.0
25470;1083GM;1083GN;18;100.0;100.0;100;100;G4;28;0.0;0.0
25473;1083GP;1083GP;22;100.0;90.91;100;95;G4;118;0.0;0.0
25475;1083GR;1083GR;32;100.0;96.88;100;97;G4;19;0.0;3.13
25477;1083GS;1083GS;22;100.0;100.0;100;100;G4;98;0.0;50.0
25479;1083GT;1083GW;28;100.0;96.43;100;89;G4;1897;0.0;3.57
25483;1083GX;1083GX;20;100.0;100.0;100;100;G4;876;0.0;0.0
25485;1083HA;1083HA;12;100.0;100.0;100;100;G4;35;0.0;0.0
25487;1083HB;1083HB;10;100.0;100.0;100;100;G4;22;0.0;0.0
25489;1083HC;1083HC;12;100.0;100.0;100;100;G4;40;0.0;8.33
25491;1083HD;1083HD;12;100.0;100.0;100;100;G4;46;0.0;0.0
25493;1083HE;1083HE;11;100.0;90.91;100;100;G4;25;0.0;0.0
25495;1083HG;1083HG;10;100.0;100.0;100;90;G4;21;0.0;0.0
25497;1083HH;1083HH;37;100.0;94.59;100;95;G4;1988;0.0;0.0
25499;1083HJ;1083JA;39;100.0;92.31;100;72;G4;2460;0.0;7.69
25504;1083JB;1083JB;14;100.0;100.0;100;100;G4;837;0.0;0.0
25506;1083JC;1083JC;22;100.0;100.0;100;100;G4;1016;0.0;0.0
25508;1083JD;1083JD;14;100.0;100.0;100;100;G4;1044;0.0;0.0
25510;1083JE;1083JE;22;100.0;100.0;100;100;G4;949;0.0;4.55
25512;1083JG;1083JG;14;100.0;100.0;100;100;G4;897;0.0;0.0
25514;1083JH;1083JH;20;100.0;100.0;100;100;G4;819;0.0;5.0
25516;1083JJ;1083JJ;28;100.0;100.0;100;100;G4;740;0.0;0.0
25518;1083JK;1083JK;20;100.0;100.0;100;100;G4;1049;0.0;0.0
25520;1083JL;1083JL;28;100.0;100.0;100;100;G4;744;0.0;0.0
25522;1083JM;1083JM;42;100.0;100.0;100;98;G4;1168;0.0;0.0
25524;1083JN;1083JN;41;100.0;100.0;100;100;G4;1004;0.0;2.44
25526;1083JP;1083JP;42;100.0;100.0;100;100;G4;1018;0.0;2.38
25528;1083JR;1083JR;41;100.0;100.0;100;98;G4;1118;0.0;29.27
25530;1083KA;1083KA;30;100.0;100.0;100;100;G4;1509;0.0;0.0
25532;1083KB;1083KB;28;100.0;100.0;100;96;G4;1746;0.0;0.0
25534;1083KC;1083KC;30;100.0;100.0;100;100;G4;1382;0.0;0.0
25536;1083KD;1083KD;28;100.0;100.0;100;100;G4;1484;0.0;0.0
25538;1083KE;1083KE;18;100.0;100.0;100;100;G4;1514;0.0;0.0
25540;1083MA;1083MA;35;100.0;97.14;100;100;G4;1024;0.0;2.86
25542;1083ME;1083ME;24;100.0;100.0;100;100;G4;1052;0.0;0.0
25544;1083MG;1083MG;24;100.0;100.0;100;100;G4;1053;0.0;4.17
25546;1083TC;1083TC;20;100.0;100.0;100;100;G4;1001;0.0;0.0
25548;1083TD;1083TD;20;100.0;100.0;100;100;G4;968;0.0;0.0
25550;1083TE;1083TE;23;100.0;91.3;100;96;G4;306;0.0;0.0
25552;1083TG;1083TG;16;100.0;100.0;100;100;G4;1247;0.0;0.0
25554;1083TH;1083TH;16;100.0;100.0;100;100;G4;869;0.0;0.0
25556;1083TJ;1083TJ;19;100.0;100.0;100;100;G4;752;0.0;5.26
25558;1083TK;1083TK;20;100.0;100.0;100;100;G4;1177;0.0;10.0
25560;1083TL;1083TL;18;100.0;100.0;100;100;G4;576;0.0;0.0
25562;1083TM;1083TM;20;100.0;100.0;100;100;G4;1073;0.0;0.0
25564;1083TN;1083TN;20;100.0;100.0;100;100;G4;1024;0.0;0.0
25566;1083TP;1083TP;24;100.0;100.0;100;100;G4;299;0.0;0.0
25568;1083TR;1083TR;16;100.0;100.0;100;100;G4;985;0.0;0.0
25570;1083TS;1083TS;14;100.0;100.0;100;100;G4;975;0.0;0.0
25572;1083TT;1083TT;20;100.0;100.0;100;100;G4;777;0.0;0.0
25574;1083TV;1083TV;20;100.0;100.0;100;100;G4;1193;0.0;0.0
25576;1083TW;1083TW;18;100.0;100.0;100;100;G4;575;0.0;5.56
25578;1083TX;1083TX;20;100.0;100.0;100;100;G4;955;0.0;0.0
25580;1083TZ;1083TZ;20;100.0;100.0;100;100;G4;1161;0.0;0.0
25582;1083VA;1083VA;23;100.0;95.65;100;91;G4;221;0.0;13.04
25584;1083VB;1083VB;24;100.0;100.0;100;100;G4;1170;0.0;0.0
25586;1083VC;1083VD;24;100.0;100.0;100;100;G4;1024;0.0;0.0
25588;1083VE;1083VE;20;100.0;100.0;100;100;G4;1311;0.0;0.0
25590;1083VG;1083VG;11;100.0;100.0;100;91;G4;3357;0.0;0.0
25592;1083VH;1083VH;15;100.0;100.0;100;100;G4;1042;0.0;0.0
25594;1083VJ;1083VJ;15;100.0;100.0;100;100;G4;994;0.0;0.0
25596;1083VK;1083VL;18;100.0;88.89;100;94;G4;2541;0.0;0.0
25599;1083VM;1083VM;18;100.0;100.0;100;100;G4;1135;0.0;0.0
25601;1083VN;1083VN;18;100.0;100.0;100;94;G4;872;0.0;0.0
25603;1083VP;1083VP;18;100.0;100.0;100;100;G4;789;0.0;0.0
25605;1083VR;1083VR;20;100.0;100.0;100;100;G4;812;0.0;0.0
25607;1083VS;1083VS;18;100.0;100.0;100;100;G4;1176;0.0;0.0
25609;1083VT;1083VT;18;100.0;100.0;100;100;G4;750;0.0;0.0
25611;1083VV;1083VV;22;100.0;100.0;100;100;G4;844;0.0;4.55
25613;1083VW;1083VW;23;100.0;95.65;100;96;G4;979;0.0;0.0
25615;1083VX;1083VX;22;100.0;100.0;100;100;G4;1016;0.0;0.0
25617;1083VZ;1083VZ;22;100.0;100.0;100;100;G4;1067;0.0;0.0
25619;1083XD;1083XD;54;100.0;100.0;100;100;G4;991;0.0;0.0
25621;1083XE;1083XE;54;100.0;100.0;100;100;G4;1179;0.0;1.85
25623;1083XG;1083XG;54;100.0;100.0;100;100;G4;1156;0.0;0.0
25625;1083XH;1083XH;18;100.0;100.0;100;100;G4;1065;0.0;0.0
25627;1083XJ;1083XJ;18;100.0;100.0;100;100;G4;881;0.0;0.0
25629;1083XK;1083XK;18;100.0;100.0;100;100;G4;843;0.0;0.0
25631;1083XL;1083XL;12;100.0;100.0;100;100;G4;581;0.0;0.0
25633;1083XM;1083XM;18;100.0;100.0;100;100;G4;1026;0.0;0.0
25635;1083XN;1083XN;18;100.0;100.0;100;100;G4;823;0.0;0.0
25637;1083XP;1083XP;18;100.0;100.0;100;100;G4;839;0.0;0.0
25639;1083XR;1083XS;29;100.0;93.1;100;93;G4;1024;0.0;0.0
25642;1083XT;1083XT;10;100.0;100.0;100;100;G4;896;0.0;0.0
25644;1083XV;1083XV;18;100.0;100.0;100;100;G4;1075;0.0;0.0
25646;1083XW;1083XW;18;100.0;100.0;100;100;G4;1014;0.0;0.0
25648;1083XX;1083XX;18;100.0;100.0;100;94;G4;811;0.0;5.56
25650;1083XZ;1083XZ;12;100.0;91.67;100;100;G4;597;0.0;0.0
25653;1086VB;1086VB;47;100.0;74.47;100;70;G4;1528;0.0;2.13
25677;1086ZJ;1086ZJ;62;100.0;90.32;100;98;G4;1219;0.0;0.0
25812;1091AA;1091AA;15;100.0;100.0;100;100;G4;952;0.0;0.0
25814;1091AB;1091AC;27;100.0;100.0;100;81;G4;2265;0.0;0.0
25816;1091AD;1091AD;32;100.0;87.5;100;59;G4;2028;0.0;18.75
25818;1091AE;1091AE;14;100.0;100.0;100;100;G4;1422;0.0;0.0
25820;1091AG;1091AG;71;100.0;100.0;100;99;G4;849;0.0;1.41
25822;1091AH;1091AH;14;100.0;100.0;100;93;G4;1532;0.0;7.14
25824;1091AJ;1091AJ;11;100.0;100.0;100;91;G4;1247;0.0;0.0
25826;1091AK;1091AK;26;100.0;100.0;100;92;G4;1392;0.0;34.62
25828;1091AL;1091AL;42;100.0;100.0;100;100;G4;985;0.0;9.52
25830;1091AM;1091AM;20;100.0;100.0;100;100;G4;1234;0.0;5.0
25832;1091AN;1091AN;98;100.0;100.0;100;97;G4;1593;0.0;72.45
25834;1091AP;1091AP;22;100.0;100.0;100;100;G4;1137;0.0;0.0
25836;1091AR;1091AR;33;100.0;100.0;100;94;G4;2355;0.0;21.21
25838;1091AS;1091AS;15;100.0;100.0;100;87;G4;1708;0.0;26.67
25840;1091AT;1091AT;18;100.0;100.0;100;100;G4;1514;0.0;0.0
25842;1091AV;1091AV;23;100.0;100.0;100;100;G4;1044;0.0;0.0
25844;1091AW;1091AW;28;100.0;100.0;100;100;G4;1055;0.0;0.0
25846;1091AX;1091AX;32;100.0;100.0;100;91;G4;902;0.0;6.25
25848;1091AZ;1091AZ;24;100.0;95.83;100;88;G4;1379;0.0;20.83
25850;1091BA;1091BA;26;100.0;100.0;100;96;G4;1100;0.0;3.85
25852;1091BB;1091BB;37;100.0;97.3;100;81;G4;2172;0.0;16.22
25854;1091BC;1091BC;35;100.0;100.0;100;100;G4;828;0.0;0.0
25856;1091BD;1091BD;129;100.0;82.95;100;100;G4;1421;0.0;70.54
25858;1091BE;1091BE;59;100.0;59.32;100;95;G4;1250;0.0;13.56
25860;1091BG;1091BG;51;100.0;82.35;100;98;G4;1133;0.0;7.84
25862;1091BH;1091BH;22;100.0;100.0;100;100;G4;1308;0.0;0.0
25864;1091BJ;1091BJ;19;100.0;94.74;100;100;G4;1256;0.0;0.0
25866;1091BK;1091BK;40;100.0;60.0;100;95;G4;1365;0.0;40.0
25868;1091BL;1091BP;34;100.0;85.29;100;79;G4;1579;0.0;0.0
25872;1091BR;1091BR;19;100.0;100.0;100;79;G4;2090;0.0;0.0
25874;1091BS;1091BS;25;100.0;100.0;100;88;G4;1238;0.0;0.0
25876;1091BT;1091BT;12;100.0;100.0;100;100;G4;1109;0.0;0.0
25878;1091BV;1091BV;12;100.0;100.0;100;100;G4;1437;0.0;50.0
25880;1091BW;1091BW;15;100.0;100.0;100;100;G4;1168;0.0;0.0
25882;1091BX;1091BX;62;100.0;95.16;100;100;G4;744;0.0;0.0
25884;1091BZ;1091BZ;32;100.0;87.5;100;97;G4;871;0.0;18.75
25886;1091CB;1091CB;27;100.0;100.0;100;96;G4;1551;0.0;3.7
25888;1091CC;1091CC;24;100.0;95.83;100;79;G4;1359;0.0;0.0
25890;1091CD;1091CD;32;100.0;100.0;100;94;G4;1143;0.0;3.13
25892;1091CE;1091CE;54;100.0;74.07;100;94;G4;1674;0.0;25.93
25894;1091CG;1091CG;59;100.0;69.49;100;97;G4;1038;0.0;44.07
25896;1091CH;1091CH;37;100.0;100.0;100;100;G4;797;0.0;0.0
25898;1091CJ;1091CJ;27;100.0;100.0;100;93;G4;1179;0.0;66.67
25900;1091CK;1091CK;31;100.0;100.0;100;100;G4;954;0.0;67.74
25902;1091CL;1091CL;39;100.0;100.0;100;100;G4;1045;0.0;84.62
25904;1091CM;1091CM;33;100.0;100.0;100;100;G4;972;0.0;0.0
25906;1091CN;1091CN;31;100.0;61.29;100;100;G4;858;0.0;0.0
25908;1091CP;1091CP;43;100.0;90.7;100;98;G4;896;0.0;0.0
25910;1091CR;1091CR;27;100.0;100.0;100;100;G4;1124;0.0;81.48
25912;1091CS;1091CS;34;100.0;100.0;100;100;G4;1112;0.0;82.35
25914;1091CT;1091CT;30;100.0;100.0;100;100;G4;1457;0.0;76.67
25916;1091CV;1091CV;31;100.0;96.77;100;100;G4;1103;0.0;80.65
25918;1091CW;1091CW;66;100.0;75.76;100;95;G4;1125;0.0;30.3
25920;1091CX;1091CX;104;100.0;60.58;100;99;G4;1180;0.0;50.96
25922;1091CZ;1091CZ;48;100.0;81.25;100;90;G4;1173;0.0;0.0
25924;1091DA;1091DA;20;100.0;100.0;100;100;G4;864;0.0;0.0
25926;1091DB;1091DB;19;100.0;100.0;100;95;G4;799;0.0;0.0
25928;1091DC;1091DE;27;100.0;92.59;100;93;G4;1568;0.0;0.0
25930;1091DG;1091DH;47;100.0;100.0;100;100;G4;994;0.0;2.13
25933;1091DJ;1091DJ;24;100.0;100.0;100;100;G4;965;0.0;0.0
25935;1091DK;1091DK;23;100.0;100.0;100;100;G4;923;0.0;0.0
25937;1091DL;1091DL;20;100.0;100.0;100;100;G4;925;0.0;0.0
25939;1091DM;1091DM;15;100.0;100.0;100;93;G4;1217;0.0;0.0
25941;1091DN;1091DN;35;100.0;100.0;100;100;G4;1118;0.0;0.0
25943;1091DP;1091DP;35;100.0;100.0;100;100;G4;949;0.0;0.0
25945;1091DR;1091DR;31;100.0;100.0;100;100;G4;958;0.0;0.0
25947;1091DS;1091DT;25;100.0;100.0;100;100;G4;719;0.0;0.0
25950;1091DV;1091DV;26;100.0;100.0;100;100;G4;873;0.0;0.0
25952;1091DX;1091EA;45;100.0;97.78;100;73;G4;1578;0.0;6.67
25955;1091EB;1091EB;31;100.0;96.77;100;84;G4;1855;0.0;0.0
25957;1091EC;1091EC;32;100.0;90.63;100;63;G4;4362;0.0;0.0
25958;1091ED;1091ED;25;100.0;100.0;100;84;G4;2353;0.0;8.0
25961;1091EE;1091EE;23;100.0;91.3;100;87;G4;1599;0.0;34.78
25963;1091EG;1091EG;33;100.0;100.0;100;85;G4;1652;0.0;6.06
25965;1091EH;1091EH;32;100.0;100.0;100;81;G4;3091;0.0;0.0
25967;1091EJ;1091EJ;44;100.0;97.73;100;73;G4;1970;0.0;18.18
25969;1091EK;1091EK;30;100.0;100.0;100;73;G4;1818;0.0;13.33
25971;1091EL;1091EL;21;100.0;100.0;100;86;G4;1693;0.0;0.0
25973;1091EM;1091EM;20;100.0;100.0;100;65;G4;1963;0.0;0.0
25975;1091EN;1091EN;34;100.0;100.0;100;79;G4;3398;0.0;8.82
25976;1091EP;1091EP;17;100.0;94.12;100;76;G4;13043;0.0;0.0
25979;1091ER;1091ER;20;100.0;100.0;100;85;G4;2368;0.0;0.0
25981;1091ES;1091ES;26;100.0;88.46;100;88;G4;1874;0.0;3.85
25983;1091ET;1091ET;20;100.0;95.0;100;85;G4;1803;0.0;35.0
25985;1091EV;1091EX;27;100.0;100.0;100;96;G4;1593;0.0;11.11
25987;1091EZ;1091EZ;24;100.0;100.0;100;92;G4;1399;0.0;25.0
25989;1091GA;1091GA;29;100.0;100.0;100;100;G4;1264;0.0;24.14
25991;1091GB;1091GB;23;100.0;91.3;100;100;G4;1060;0.0;0.0
25992;1091GC;1091GC;79;100.0;98.73;100;97;G4;1291;0.0;1.27
25995;1091GD;1091GD;17;100.0;100.0;100;94;G4;909;0.0;5.88
25997;1091GE;1091GE;55;100.0;100.0;100;100;G4;702;0.0;0.0
25999;1091GG;1091GG;16;100.0;100.0;100;100;G4;1577;0.0;0.0
26001;1091GH;1091GH;35;100.0;100.0;100;100;G4;1222;0.0;0.0
26003;1091GJ;1091GK;44;100.0;100.0;100;95;G4;1008;0.0;0.0
26005;1091GL;1091GL;25;100.0;100.0;100;96;G4;862;0.0;0.0
26007;1091GM;1091GM;29;100.0;58.62;100;76;G4;1082;0.0;3.45
26009;1091GN;1091GN;39;100.0;97.44;100;97;G4;1023;0.0;2.56
26011;1091GP;1091GP;10;100.0;80.0;100;100;G4;669;0.0;0.0
26013;1091GR;1091GR;12;100.0;100.0;100;100;G4;610;0.0;0.0
26015;1091GS;1091GS;53;100.0;1.89;100;98;G4;738;0.0;1.89
26017;1091GT;1091GT;54;100.0;94.44;100;94;G4;800;0.0;9.26
26019;1091GV;1091GV;40;100.0;100.0;100;98;G4;1103;0.0;7.5
26021;1091GW;1091GW;51;100.0;66.67;100;65;G4;1067;0.0;0.0
26023;1091GX;1091GX;43;100.0;97.67;100;100;G4;1142;0.0;0.0
26025;1091GZ;1091GZ;27;100.0;100.0;100;96;G4;1645;0.0;0.0
26027;1091HA;1091HA;43;100.0;100.0;100;95;G4;1145;0.0;0.0
26029;1091HB;1091HB;40;100.0;100.0;100;95;G4;1168;0.0;7.5
26031;1091HC;1091HC;63;100.0;100.0;100;100;G4;825;0.0;14.29
26033;1091HE;1091HE;24;100.0;100.0;100;92;G4;983;0.0;0.0
26035;1091HG;1091HG;37;100.0;100.0;100;95;G4;947;0.0;0.0
26037;1091HH;1091HH;12;100.0;91.67;100;92;G4;605;0.0;0.0
26039;1091HJ;1091HJ;45;100.0;100.0;100;96;G4;1195;0.0;0.0
26041;1091HK;1091HK;32;100.0;100.0;100;97;G4;801;0.0;0.0
26043;1091HL;1091HM;49;100.0;100.0;100;98;G4;1297;0.0;2.04
26045;1091HN;1091HP;26;100.0;100.0;100;100;G4;1069;0.0;0.0
26047;1091HR;1091HR;27;100.0;100.0;100;96;G4;1402;0.0;3.7
26049;1091HS;1091HS;16;100.0;100.0;100;94;G4;1258;0.0;68.75
26051;1091HT;1091HT;20;100.0;100.0;100;90;G4;1298;0.0;5.0
26053;1091HV;1091HV;21;100.0;100.0;100;86;G4;1817;0.0;0.0
26055;1091HW;1091HW;46;100.0;97.83;100;98;G4;1027;0.0;0.0
26057;1091HX;1091HX;21;100.0;100.0;100;95;G4;781;0.0;0.0
26059;1091HZ;1091HZ;11;100.0;100.0;100;100;G4;997;0.0;18.18
26061;1091JA;1091JB;46;100.0;97.83;100;100;G4;1036;0.0;0.0
26063;1091JC;1091JC;37;100.0;91.89;100;95;G4;1377;0.0;10.81
26065;1091JD;1091JD;33;100.0;100.0;100;97;G4;880;0.0;0.0
26067;1091JE;1091JE;25;100.0;100.0;100;100;G4;747;0.0;0.0
26069;1091JG;1091JG;31;100.0;100.0;100;97;G4;1298;0.0;0.0
26071;1091JH;1091JH;32;100.0;96.88;100;100;G4;1094;0.0;0.0
26073;1091JJ;1091JJ;42;100.0;100.0;100;100;G4;1120;0.0;4.76
26075;1091JK;1091JL;47;100.0;97.87;100;100;G4;1069;0.0;0.0
26077;1091JM;1091JM;61;100.0;98.36;100;100;G4;847;0.0;0.0
26079;1091JN;1091JN;17;100.0;100.0;100;100;G4;968;0.0;52.94
26081;1091JP;1091JR;43;100.0;100.0;100;100;G4;281;0.0;2.33
26083;1091JS;1091JS;41;100.0;100.0;100;98;G4;1349;0.0;0.0
26085;1091JT;1091JT;42;100.0;100.0;100;100;G4;982;0.0;0.0
26087;1091JV;1091JV;38;100.0;97.37;100;95;G4;984;0.0;2.63
26089;1091JW;1091JW;27;100.0;92.59;100;100;G4;1507;0.0;0.0
26091;1091JX;1091JX;34;100.0;32.35;100;100;G4;677;0.0;0.0
26093;1091JZ;1091JZ;59;100.0;59.32;100;100;G4;955;0.0;10.17
26095;1091KA;1091KA;77;100.0;58.44;100;87;G4;1282;0.0;11.69
26097;1091KB;1091KB;50;100.0;50.0;100;50;G4;880;0.0;0.0
26099;1091KC;1091KC;20;100.0;95.0;100;100;G4;1268;0.0;0.0
26101;1091KD;1091KD;20;100.0;100.0;100;100;G4;1659;0.0;0.0
26103;1091KE;1091KE;17;100.0;100.0;100;94;G4;1856;0.0;0.0
26105;1091KG;1091KG;25;100.0;100.0;100;88;G4;1442;0.0;4.0
26107;1091KH;1091KH;17;100.0;88.24;100;94;G4;909;0.0;0.0
26109;1091KJ;1091KJ;20;100.0;100.0;100;95;G4;1088;0.0;55.0
26111;1091KK;1091KK;20;100.0;100.0;100;100;G4;1086;0.0;55.0
26113;1091KL;1091KL;16;100.0;100.0;100;100;G4;1217;0.0;100.0
26115;1091KM;1091KM;18;100.0;100.0;100;100;G4;1147;0.0;100.0
26117;1091KN;1091KN;12;100.0;100.0;100;100;G4;1217;0.0;0.0
26119;1091KP;1091KP;24;100.0;100.0;100;100;G4;1176;0.0;0.0
26121;1091KR;1091KR;22;100.0;100.0;100;100;G4;1172;0.0;0.0
26123;1091KS;1091KS;24;100.0;95.83;100;100;G4;1303;0.0;0.0
26125;1091KT;1091KT;24;100.0;95.83;100;96;G4;1205;0.0;0.0
26127;1091KV;1091KV;25;100.0;100.0;100;100;G4;1112;0.0;0.0
26129;1091KW;1091KW;47;100.0;95.74;100;100;G4;517;0.0;0.0
26131;1091KX;1091KX;29;100.0;100.0;100;100;G4;899;0.0;3.45
26133;1091KZ;1091KZ;26;100.0;100.0;100;96;G4;853;0.0;0.0
26135;1091LA;1091LA;14;100.0;100.0;100;100;G4;1055;0.0;0.0
26137;1091LB;1091LB;17;100.0;100.0;100;88;G4;1597;0.0;0.0
26139;1091LC;1091LC;24;100.0;100.0;100;100;G4;1162;0.0;0.0
26141;1091LD;1091LD;20;100.0;100.0;100;95;G4;1126;0.0;0.0
26143;1091LE;1091LE;23;100.0;100.0;100;100;G4;949;0.0;30.43
26145;1091LG;1091LG;28;100.0;100.0;100;100;G4;922;0.0;0.0
26147;1091LH;1091LH;16;100.0;100.0;100;100;G4;1009;0.0;0.0
26149;1091LJ;1091LM;61;100.0;100.0;100;97;G4;1005;0.0;0.0
26151;1091LN;1091LN;20;100.0;100.0;100;100;G4;921;0.0;0.0
26153;1091LP;1091LP;16;100.0;100.0;100;100;G4;1011;0.0;0.0
26155;1091LR;1091LR;22;100.0;100.0;100;100;G4;1028;0.0;0.0
26157;1091LS;1091LS;19;100.0;52.63;100;100;G4;1173;0.0;0.0
26159;1091LT;1091LT;36;100.0;77.78;100;100;G4;832;0.0;0.0
26161;1091LV;1091LV;34;100.0;97.06;100;100;G4;807;0.0;2.94
26163;1091LW;1091LW;28;100.0;25.0;100;96;G4;1315;0.0;21.43
26165;1091LX;1091LX;66;100.0;71.21;100;98;G4;1556;0.0;69.7
26167;1091LZ;1091LZ;33;100.0;100.0;100;100;G4;861;0.0;3.03
26169;1091MD;1091MD;32;100.0;100.0;100;100;G4;860;0.0;0.0
26171;1091ME;1091ME;21;100.0;100.0;100;100;G4;1077;0.0;0.0
26173;1091MG;1091MG;18;100.0;100.0;100;100;G4;891;0.0;0.0
26175;1091MH;1091ML;22;100.0;100.0;100;95;G4;1446;0.0;4.55
26177;1091MR;1091MR;23;100.0;100.0;100;100;G4;1029;0.0;4.35
26179;1091MS;1091MS;31;100.0;96.77;100;94;G4;1150;0.0;0.0
26181;1091MX;1091MX;29;100.0;82.76;100;100;G4;1031;0.0;17.24
26183;1091MZ;1091MZ;34;100.0;76.47;100;100;G4;751;0.0;0.0
26185;1091NA;1091NA;63;100.0;69.84;100;98;G4;1006;0.0;7.94
26187;1091NB;1091NB;28;100.0;100.0;100;96;G4;1330;0.0;0.0
26189;1091NC;1091NC;36;100.0;100.0;100;100;G4;874;0.0;0.0
26191;1091ND;1091NE;47;100.0;100.0;100;100;G4;1031;0.0;10.64
26193;1091NG;1091NG;42;100.0;100.0;100;100;G4;211;0.0;0.0
26195;1091NH;1091NH;24;100.0;100.0;100;100;G4;960;0.0;0.0
26197;1091NJ;1091NJ;26;100.0;100.0;100;100;G4;1023;0.0;15.38
26199;1091NK;1091NN;27;100.0;100.0;100;100;G4;929;0.0;0.0
26201;1091NP;1091NP;23;100.0;100.0;100;100;G4;949;0.0;4.35
26203;1091NR;1091NR;24;100.0;100.0;100;100;G4;800;0.0;0.0
26205;1091NS;1091NS;31;100.0;100.0;100;97;G4;1062;0.0;0.0
26207;1091NT;1091NT;22;100.0;100.0;100;100;G4;910;0.0;0.0
26209;1091NV;1091NV;24;100.0;100.0;100;100;G4;1403;0.0;0.0
26211;1091NW;1091NW;16;100.0;100.0;100;100;G4;916;0.0;50.0
26213;1091NX;1091NZ;19;100.0;100.0;100;100;G4;1231;0.0;0.0
26215;1091PA;1091PA;17;100.0;100.0;100;100;G4;992;0.0;0.0
26217;1091PB;1091PB;13;100.0;100.0;100;100;G4;1603;0.0;0.0
26219;1091PC;1091PC;20;100.0;95.0;100;95;G4;1024;0.0;0.0
26221;1091PD;1091PD;23;100.0;100.0;100;100;G4;1185;0.0;0.0
26223;1091PE;1091PE;10;100.0;100.0;100;100;G4;1670;0.0;0.0
26225;1091PG;1091PG;11;100.0;100.0;100;100;G4;1874;0.0;0.0
26227;1091PH;1091PH;14;100.0;100.0;100;100;G4;1573;0.0;7.14
26229;1091PJ;1091PJ;23;100.0;100.0;100;100;G4;1071;0.0;0.0
26231;1091PK;1091PK;14;100.0;100.0;100;100;G4;1326;0.0;0.0
26233;1091PL;1091PL;16;100.0;93.75;100;94;G4;1176;0.0;18.75
26235;1091PM;1091PM;25;100.0;96.0;100;80;G4;3593;0.0;48.0
26237;1091PN;1091PN;28;100.0;100.0;100;100;G4;1019;0.0;3.57
26239;1091PP;1091PP;24;100.0;100.0;100;100;G4;1031;0.0;0.0
26241;1091PR;1091PR;21;100.0;100.0;100;100;G4;2447;0.0;0.0
26243;1091PS;1091PS;21;100.0;100.0;100;100;G4;1084;0.0;0.0
26245;1091PT;1091PW;45;100.0;97.78;100;100;G4;1162;0.0;0.0
26247;1091PX;1091RA;29;100.0;100.0;100;100;G4;1066;0.0;0.0
26250;1091RB;1091RB;22;100.0;100.0;100;100;G4;899;0.0;0.0
26252;1091RC;1091RC;21;100.0;100.0;100;100;G4;921;0.0;0.0
26254;1091RD;1091RD;22;100.0;100.0;100;100;G4;1001;0.0;0.0
26256;1091RE;1091RE;19;100.0;100.0;100;100;G4;1005;0.0;5.26
26258;1091RG;1091RG;24;100.0;100.0;100;100;G4;963;0.0;0.0
26260;1091RH;1091RH;14;100.0;100.0;100;100;G4;993;0.0;0.0
26262;1091RJ;1091RJ;12;100.0;100.0;100;100;G4;763;0.0;0.0
26264;1091RP;1091RP;42;100.0;100.0;100;100;G4;748;0.0;2.38
26266;1091RR;1091RR;28;100.0;100.0;100;100;G4;1085;0.0;0.0
26268;1091RS;1091RS;19;100.0;100.0;100;100;G4;1103;0.0;5.26
26270;1091RT;1091RT;48;100.0;97.92;100;96;G4;1283;0.0;0.0
26272;1091RV;1091RV;40;100.0;100.0;100;90;G4;1436;0.0;2.5
26274;1091RW;1091RW;36;100.0;100.0;100;97;G4;985;0.0;0.0
26276;1091RX;1091RX;25;100.0;100.0;100;100;G4;913;0.0;0.0
26278;1091RZ;1091RZ;31;100.0;100.0;100;97;G4;1023;0.0;6.45
26280;1091SB;1091SB;30;100.0;100.0;100;100;G4;955;0.0;0.0
26282;1091SC;1091SE;54;100.0;96.3;100;100;G4;822;0.0;0.0
26285;1091SG;1091SG;28;100.0;96.43;100;96;G4;1352;0.0;10.71
26287;1091SH;1091SH;25;100.0;100.0;100;100;G4;1064;0.0;4.0
26289;1091SJ;1091SJ;29;100.0;100.0;100;97;G4;1216;0.0;0.0
26291;1091SK;1091SK;37;100.0;100.0;100;92;G4;1034;0.0;2.7
26293;1091SL;1091SL;37;100.0;97.3;100;100;G4;888;0.0;0.0
26295;1091SM;1091ST;43;100.0;100.0;100;100;G4;631;0.0;2.33
26297;1091SV;1091SV;31;100.0;93.55;100;84;G4;1288;0.0;6.45
26299;1091SW;1091SW;26;100.0;100.0;100;81;G4;1785;0.0;0.0
26301;1091SX;1091SX;20;100.0;100.0;100;100;G4;1591;0.0;5.0
26303;1091SZ;1091SZ;26;100.0;96.15;100;92;G4;1179;0.0;0.0
26305;1091TA;1091TA;23;100.0;100.0;100;96;G4;1364;0.0;0.0
26307;1091TB;1091TB;20;100.0;95.0;100;90;G4;1514;0.0;15.0
26309;1091TC;1091TC;35;100.0;88.57;100;77;G4;1792;0.0;11.43
26311;1091TD;1091TD;33;100.0;81.82;100;85;G4;1376;0.0;12.12
26313;1091TE;1091TE;43;100.0;95.35;100;100;G4;953;0.0;0.0
26315;1091TG;1091TG;38;100.0;76.32;100;100;G4;832;0.0;0.0
26317;1091TH;1091TH;27;100.0;100.0;100;100;G4;1202;0.0;70.37
26319;1091TJ;1091TJ;32;100.0;25.0;100;84;G4;1031;0.0;25.0
26321;1091TK;1091TK;30;100.0;100.0;100;100;G4;1108;0.0;3.33
26323;1091TL;1091TM;63;100.0;98.41;100;97;G4;1035;0.0;1.59
26325;1091TN;1091TN;72;100.0;56.94;100;100;G4;800;0.0;22.22
26327;1091TP;1091TP;33;100.0;90.91;100;97;G4;825;0.0;3.03
26329;1091TR;1091TR;30;100.0;100.0;100;97;G4;746;0.0;43.33
26331;1091TS;1091TS;65;100.0;63.08;100;100;G4;887;0.0;46.15
26333;1091TT;1091TT;113;100.0;67.26;100;98;G4;782;0.0;30.97
26335;1091TV;1091TV;39;100.0;100.0;100;100;G4;772;0.0;0.0
26337;1091TW;1091TW;44;100.0;45.45;100;98;G4;786;0.0;0.0
26339;1091TX;1091TX;38;100.0;86.84;100;100;G4;865;0.0;0.0
26341;1091TZ;1091VA;64;100.0;62.5;100;98;G4;1077;0.0;31.25
26343;1091VB;1091VB;35;100.0;71.43;100;100;G4;1149;0.0;17.14
26345;1091VC;1091VC;51;100.0;56.86;100;100;G4;1137;0.0;39.22
26347;1091VD;1091VD;37;100.0;75.68;100;95;G4;1047;0.0;21.62
26349;1091VE;1091VE;63;100.0;66.67;100;100;G4;1003;0.0;25.4
26351;1091VG;1091VG;53;100.0;100.0;100;100;G4;836;0.0;3.77
26353;1091VH;1091VH;53;100.0;67.92;100;98;G4;1224;0.0;30.19
26355;1091VJ;1091VJ;44;100.0;100.0;100;98;G4;1031;0.0;9.09
26357;1091VK;1091VK;31;100.0;96.77;100;100;G4;1008;0.0;9.68
26359;1091VL;1091VL;20;100.0;100.0;100;95;G4;1150;0.0;0.0
26361;1091VM;1091VM;33;100.0;96.97;100;100;G4;16;0.0;0.0
26363;1091VN;1091VN;55;100.0;98.18;100;98;G4;1148;0.0;0.0
26365;1091VP;1091VP;18;100.0;100.0;100;100;G4;1099;0.0;5.56
26367;1091VR;1091VR;20;100.0;100.0;100;100;G4;1161;0.0;0.0
26369;1091VS;1091VS;19;100.0;100.0;100;100;G4;1190;0.0;0.0
26371;1091VT;1091VT;19;100.0;100.0;100;100;G4;1097;0.0;0.0
26373;1091VV;1091VV;28;100.0;100.0;100;100;G4;1192;0.0;0.0
26375;1091VW;1091VW;40;100.0;100.0;100;100;G4;814;0.0;0.0
26377;1091VX;1091VX;42;100.0;100.0;100;100;G4;927;0.0;0.0
26379;1091VZ;1091VZ;26;100.0;100.0;100;100;G4;874;0.0;0.0
26381;1091WS;1091WS;25;100.0;100.0;100;96;G4;967;0.0;4.0
26383;1091WT;1091WT;27;100.0;100.0;100;74;G4;960;0.0;0.0
26385;1091WV;1091WV;20;100.0;100.0;100;80;G4;876;0.0;0.0
26387;1091WX;1091WX;20;100.0;95.0;100;80;G4;829;0.0;0.0
26389;1091WZ;1091WZ;16;100.0;100.0;100;94;G4;1215;0.0;0.0
26391;1091XB;1091XB;12;100.0;100.0;100;92;G4;1625;0.0;0.0
26393;1091XC;1091XC;22;100.0;100.0;100;100;G4;1021;0.0;40.91
26395;1091XD;1091XD;13;100.0;100.0;100;100;G4;1184;0.0;0.0
26397;1091XE;1091XM;46;100.0;100.0;100;100;G4;1106;0.0;17.39
26399;1091XN;1091XN;24;100.0;100.0;100;96;G4;1638;0.0;20.83
26401;1091XP;1091XP;13;100.0;100.0;100;100;G4;1330;0.0;0.0
26403;1091XR;1091XS;37;100.0;100.0;100;100;G4;1009;0.0;0.0
26405;1091XT;1091XT;32;100.0;96.88;100;97;G4;1052;0.0;3.13
26407;1091XV;1091XV;25;100.0;100.0;100;100;G4;1114;0.0;0.0
26409;1091XW;1091XW;19;100.0;100.0;100;95;G4;1748;0.0;21.05
26411;1091XX;1091XX;19;100.0;100.0;100;100;G4;1081;0.0;0.0
26413;1091XZ;1091XZ;31;100.0;100.0;100;97;G4;1715;0.0;0.0
26415;1091ZA;1091ZB;21;100.0;100.0;100;100;G4;932;0.0;0.0
26417;1091ZC;1091ZC;16;100.0;100.0;100;100;G4;800;0.0;0.0
26419;1091ZE;1091ZE;15;100.0;100.0;100;100;G4;949;0.0;6.67
26421;1092AA;1092AA;45;100.0;95.56;100;93;G4;885;0.0;64.44
26423;1092AB;1092AB;20;100.0;95.0;100;100;G4;789;0.0;30.0
26425;1092AC;1092AC;18;100.0;94.44;100;100;G4;524;0.0;16.67
26427;1092AD;1092AD;14;100.0;85.71;100;57;G4;3856;0.0;7.14
26429;1092AE;1092AE;17;100.0;100.0;100;94;G4;1150;0.0;0.0
26431;1092AG;1092AH;20;100.0;95.0;100;95;G4;2089;0.0;5.0
26434;1092AJ;1092AJ;12;100.0;100.0;100;83;G4;1479;0.0;8.33
26436;1092AK;1092AK;10;100.0;100.0;100;90;G4;1710;0.0;0.0
26438;1092AL;1092AL;11;100.0;100.0;100;82;G4;2057;0.0;0.0
26440;1092AM;1092AM;10;100.0;100.0;100;80;G4;1630;0.0;0.0
26442;1092AN;1092AN;13;100.0;100.0;100;69;G4;1825;0.0;7.69
26444;1092AP;1092AP;18;100.0;61.11;100;78;G4;2343;0.0;5.56
26446;1092AR;1092AR;12;100.0;66.67;100;67;G4;2160;0.0;16.67
26448;1092AS;1092AS;14;100.0;85.71;100;50;G4;2193;0.0;0.0
26450;1092AT;1092AV;20;100.0;100.0;100;65;G4;2482;0.0;0.0
26453;1092AW;1092AW;10;100.0;100.0;100;90;G4;2451;0.0;0.0
26455;1092AX;1092AX;26;100.0;96.15;100;96;G4;881;0.0;0.0
26457;1092AZ;1092BA;31;100.0;96.77;100;90;G4;1131;0.0;19.35
26459;1092BB;1092BB;34;100.0;97.06;100;91;G4;1731;0.0;2.94
26461;1092BC;1092BC;13;100.0;100.0;100;100;G4;1371;0.0;0.0
26463;1092BD;1092BD;16;100.0;100.0;100;100;G4;1264;0.0;31.25
26465;1092BE;1092BE;17;100.0;100.0;100;94;G4;1287;0.0;58.82
26467;1092BG;1092BG;15;100.0;100.0;100;100;G4;1216;0.0;0.0
26469;1092BH;1092BH;24;100.0;100.0;100;100;G4;1239;0.0;0.0
26471;1092BJ;1092BJ;21;100.0;100.0;100;95;G4;1451;0.0;0.0
26473;1092BK;1092BM;32;100.0;96.88;100;66;G4;3143;0.0;12.5
26476;1092BN;1092BN;13;100.0;100.0;100;54;G6;3219;0.0;0.0
26478;1092BP;1092BP;20;100.0;95.0;100;95;G4;532;0.0;0.0
26480;1092BR;1092BR;32;100.0;100.0;100;100;G4;985;0.0;3.13
26482;1092BS;1092BS;14;100.0;100.0;100;100;G4;950;0.0;0.0
26484;1092BT;1092BT;34;100.0;100.0;100;97;G4;950;0.0;0.0
26486;1092BV;1092BV;54;100.0;100.0;100;89;G4;2615;0.0;9.26
26488;1092BW;1092BW;10;100.0;100.0;100;80;G4;2794;0.0;20.0
26490;1092BX;1092BX;14;100.0;92.86;100;100;G4;862;0.0;0.0
26492;1092BZ;1092CA;29;100.0;100.0;100;93;G4;1243;0.0;0.0
26495;1092CB;1092CB;31;100.0;100.0;100;100;G4;878;0.0;0.0
26497;1092CC;1092CE;19;100.0;100.0;100;95;G4;1738;0.0;0.0
26499;1092CG;1092CG;31;100.0;100.0;100;100;G4;829;0.0;3.23
26501;1092CH;1092CH;22;100.0;100.0;100;95;G4;1373;0.0;0.0
26503;1092CJ;1092CK;39;100.0;97.44;100;85;G4;2105;0.0;2.56
26505;1092CL;1092CL;21;100.0;100.0;100;86;G4;2706;0.0;4.76
26507;1092CM;1092CM;34;100.0;100.0;100;97;G4;1072;0.0;0.0
26509;1092CN;1092CN;34;100.0;97.06;100;91;G4;2838;0.0;0.0
26511;1092CP;1092CP;24;100.0;100.0;100;96;G4;1547;0.0;0.0
26513;1092CR;1092CR;16;100.0;100.0;100;88;G4;1340;0.0;0.0
26515;1092CS;1092CS;57;100.0;100.0;100;100;G4;792;0.0;1.75
26519;1092CW;1092CW;11;100.0;90.91;100;91;G4;2198;0.0;0.0
26521;1092CX;1092CX;20;100.0;100.0;100;100;G4;1102;0.0;0.0
26523;1092CZ;1092EA;51;100.0;96.08;100;90;G4;1849;0.0;0.0
26525;1092EB;1092EB;39;100.0;53.85;100;54;G4;757;0.0;0.0
26527;1092EC;1092EC;39;100.0;71.79;100;72;G4;934;0.0;10.26
26529;1092ED;1092ED;49;100.0;44.9;100;51;OBK;1650;0.0;2.04
26531;1092EE;1092EE;45;100.0;44.44;100;56;OBK;909;0.0;0.0
26533;1092EG;1092EG;24;100.0;83.33;100;83;G4;808;0.0;4.17
26535;1092EH;1092EH;24;100.0;100.0;100;100;G4;1239;0.0;0.0
26537;1092EJ;1092EJ;26;100.0;96.15;100;96;G4;1038;0.0;11.54
26539;1092EK;1092EK;23;100.0;95.65;100;96;G4;1181;0.0;0.0
26541;1092EL;1092EL;13;100.0;69.23;100;100;G4;820;0.0;0.0
26543;1092EM;1092EM;20;100.0;100.0;100;100;G4;1161;0.0;95.0
26545;1092EN;1092EN;20;100.0;100.0;100;100;G4;1084;0.0;80.0
26547;1092EP;1092EP;20;100.0;100.0;100;100;G4;1230;0.0;85.0
26549;1092ER;1092ER;20;100.0;100.0;100;95;G4;1067;0.0;90.0
26551;1092ES;1092ES;20;100.0;100.0;100;100;G4;1061;0.0;100.0
26553;1092ET;1092ET;16;100.0;100.0;100;100;G4;942;0.0;93.75
26555;1092EV;1092EV;21;100.0;100.0;100;100;G4;1110;0.0;47.62
26557;1092EW;1092EW;36;100.0;94.44;100;97;G4;1352;0.0;5.56
26559;1092EX;1092EX;37;100.0;100.0;100;100;G4;1218;0.0;0.0
26561;1092EZ;1092EZ;32;100.0;90.63;100;94;G4;1409;0.0;0.0
26563;1092GA;1092GA;20;100.0;100.0;100;90;G4;1234;0.0;20.0
26565;1092GB;1092GB;18;100.0;94.44;100;100;G4;1399;0.0;50.0
26567;1092GC;1092GC;23;100.0;100.0;100;91;G4;1348;0.0;17.39
26569;1092GD;1092GD;26;100.0;100.0;100;96;G4;1143;0.0;0.0
26571;1092GE;1092GE;22;100.0;100.0;100;100;G4;1162;0.0;22.73
26573;1092GG;1092GG;47;100.0;97.87;100;98;G4;1483;0.0;0.0
26575;1092GH;1092GH;36;100.0;100.0;100;94;G4;1782;0.0;0.0
26577;1092GJ;1092GJ;43;100.0;93.02;100;100;G4;1208;0.0;0.0
26579;1092GK;1092GK;29;100.0;100.0;100;93;G4;1159;0.0;0.0
26581;1092GL;1092GL;33;100.0;96.97;100;97;G4;1400;0.0;0.0
26583;1092GM;1092GM;39;100.0;100.0;100;97;G4;1204;0.0;2.56
26585;1092GN;1092GN;26;100.0;84.62;100;96;G4;1386;0.0;15.38
26587;1092GP;1092GP;16;100.0;100.0;100;94;G4;1574;0.0;0.0
26589;1092GR;1092GR;10;100.0;0.0;100;100;G4;27;0.0;0.0
26591;1092GS;1092GS;14;100.0;28.57;100;100;G4;447;0.0;0.0
26593;1092GT;1092GT;42;100.0;71.43;100;100;G4;1431;0.0;30.95
26595;1092GV;1092GW;27;100.0;55.56;100;96;G4;1400;0.0;0.0
26597;1092GX;1092GX;27;100.0;100.0;100;100;G4;1170;0.0;0.0
26599;1092GZ;1092GZ;16;100.0;100.0;100;100;G4;1261;0.0;12.5
26601;1092HA;1092HA;36;100.0;100.0;100;100;G4;799;0.0;0.0
26603;1092HB;1092HB;44;100.0;97.73;100;100;G4;679;0.0;15.91
26605;1092HC;1092HC;29;100.0;86.21;100;86;G4;908;0.0;27.59
26607;1092HD;1092HD;46;100.0;100.0;100;100;G4;881;0.0;21.74
26609;1092HE;1092HE;28;100.0;100.0;100;96;G4;995;0.0;0.0
26611;1092HG;1092HG;18;100.0;100.0;100;100;G4;947;0.0;94.44
26613;1092HH;1092HJ;25;100.0;92.0;100;92;G4;1414;0.0;80.0
26615;1092HK;1092HK;28;100.0;100.0;100;100;G4;1102;0.0;3.57
26617;1092HL;1092HL;29;100.0;100.0;100;100;G4;837;0.0;3.45
26619;1092HM;1092HM;27;100.0;81.48;100;81;G4;1096;0.0;0.0
26621;1092HN;1092HN;34;100.0;88.24;100;97;G4;1396;0.0;67.65
26623;1092HP;1092HP;28;100.0;100.0;100;100;G4;982;0.0;0.0
26625;1092HR;1092HR;22;100.0;100.0;100;100;G4;944;0.0;4.55
26627;1092HS;1092HS;19;100.0;100.0;100;100;G4;1049;0.0;89.47
26629;1092HT;1092HT;40;100.0;100.0;100;100;G4;988;0.0;100.0
26631;1092HV;1092HV;11;100.0;100.0;100;100;G4;1671;0.0;90.91
26633;1092HW;1092HW;26;100.0;100.0;100;100;G4;1279;0.0;80.77
26635;1092HX;1092HX;30;100.0;100.0;100;97;G4;1095;0.0;0.0
26637;1092HZ;1092HZ;29;100.0;100.0;100;97;G4;982;0.0;0.0
26639;1092JA;1092JA;27;100.0;100.0;100;100;G4;1349;0.0;0.0
26641;1092JB;1092JB;45;100.0;71.11;100;100;G4;982;0.0;4.44
26643;1092JC;1092JC;21;100.0;95.24;100;100;G4;1087;0.0;0.0
26645;1092JD;1092JD;11;100.0;100.0;100;100;G4;1373;0.0;0.0
26647;1092JE;1092JE;10;100.0;90.0;100;100;G4;1302;0.0;10.0
26649;1092JG;1092JG;10;100.0;90.0;100;100;G4;1146;0.0;0.0
26651;1092JH;1092JH;22;100.0;95.45;100;95;G4;1099;0.0;4.55
26653;1092JJ;1092JJ;17;100.0;100.0;100;82;G4;1414;0.0;5.88
26655;1092JK;1092JK;15;100.0;100.0;100;80;G4;1911;0.0;6.67
26657;1092JL;1092JL;12;100.0;91.67;100;75;G4;1419;0.0;16.67
26659;1092JM;1092JM;21;100.0;100.0;100;86;G4;1051;0.0;0.0
26661;1092JN;1092JP;24;100.0;100.0;100;92;G4;1337;0.0;0.0
26664;1092JR;1092JR;15;100.0;100.0;100;100;G4;1309;0.0;0.0
26666;1092JS;1092JS;13;100.0;92.31;100;85;G4;1586;0.0;0.0
26668;1092JT;1092JX;31;100.0;100.0;100;97;G4;1862;0.0;0.0
26671;1092JZ;1092KA;29;100.0;93.1;100;93;G4;1487;0.0;0.0
26673;1092KC;1092KC;14;100.0;100.0;100;100;G4;1016;0.0;0.0
26675;1092KD;1092KE;31;100.0;100.0;100;100;G4;940;0.0;0.0
26677;1092KG;1092KG;23;100.0;100.0;100;100;G4;913;0.0;4.35
26679;1092KH;1092KH;23;100.0;100.0;100;100;G4;1082;0.0;0.0
26681;1092KJ;1092KK;24;100.0;100.0;100;100;G4;1244;0.0;0.0
26683;1092KL;1092KL;31;100.0;100.0;100;100;G4;995;0.0;22.58
26685;1092KM;1092KM;12;100.0;100.0;100;100;G4;1096;0.0;0.0
26687;1092KN;1092KN;23;100.0;95.65;100;100;G4;1324;0.0;0.0
26689;1092KP;1092KP;21;100.0;100.0;100;100;G4;1173;0.0;0.0
26691;1092KS;1092KS;10;100.0;100.0;100;80;G4;1334;0.0;0.0
26693;1092KZ;1092LC;30;100.0;60.0;100;100;G4;802;0.0;0.0
26695;1092MA;1092SB;27;100.0;100.0;100;100;G4;630;0.0;25.93
26697;1092SC;1092SC;22;100.0;100.0;100;100;G4;975;0.0;0.0
26699;1092SE;1092SW;19;100.0;100.0;100;95;G4;1904;0.0;5.26
26701;1092SX;1092SX;31;100.0;100.0;100;100;G4;1086;0.0;6.45
26703;1092TA;1092TA;18;100.0;100.0;100;100;G4;1005;0.0;5.56
26705;1092TB;1092TB;53;100.0;100.0;100;100;G4;897;0.0;1.89
26707;1092TC;1092TD;19;100.0;100.0;100;100;G4;938;0.0;0.0
26709;1092TE;1092TE;40;100.0;100.0;100;100;G4;953;0.0;0.0
26711;1092TG;1092TG;35;100.0;100.0;100;100;G4;887;0.0;0.0
26713;1092TH;1092TJ;25;100.0;100.0;100;96;G4;1184;0.0;0.0
26715;1092TK;1092TK;31;100.0;100.0;100;97;G4;1495;0.0;0.0
26717;1092TL;1092TL;39;100.0;100.0;100;100;G4;895;0.0;0.0
26719;1092TM;1092TM;22;100.0;100.0;100;100;G4;907;0.0;0.0
26721;1092TN;1092TN;32;100.0;100.0;100;100;G4;905;0.0;15.63
26723;1092TP;1092TP;38;100.0;100.0;100;100;G4;1509;0.0;2.63
26725;1092TR;1092TR;41;100.0;100.0;100;100;G4;948;0.0;4.88
26727;1092TS;1092TS;37;100.0;97.3;100;100;G4;958;0.0;2.7
26729;1092TT;1092TT;28;100.0;100.0;100;100;G4;908;0.0;0.0
26731;1092TV;1092TV;34;100.0;97.06;100;97;G4;887;0.0;2.94
26733;1092TW;1092TW;37;100.0;100.0;100;97;G4;973;0.0;0.0
26735;1092TX;1092TX;44;100.0;90.91;100;100;G4;1097;0.0;15.91
26737;1092TZ;1092TZ;36;100.0;97.22;100;100;G4;835;0.0;0.0
26739;1092VA;1092VA;32;100.0;100.0;100;94;G4;797;0.0;21.88
26741;1092VB;1092VC;21;100.0;95.24;100;100;G4;977;0.0;0.0
26743;1092VD;1092VD;36;100.0;100.0;100;100;G4;1262;0.0;0.0
26745;1092VE;1092VE;24;100.0;100.0;100;100;G4;1173;0.0;4.17
26747;1092VG;1092VG;21;100.0;4.76;100;100;G4;108;0.0;4.76
26749;1092VH;1092VH;16;100.0;0.0;100;100;G4;1325;0.0;0.0
26751;1092VJ;1092VJ;19;100.0;100.0;100;100;G4;1327;0.0;0.0
26753;1092VK;1092VK;21;100.0;90.48;100;86;G4;2379;0.0;4.76
26755;1092VL;1092VL;15;100.0;100.0;100;100;G4;1093;0.0;0.0
26757;1092VM;1092VN;52;100.0;100.0;100;100;G4;973;0.0;1.92
26759;1092VP;1092VP;18;100.0;100.0;100;100;G4;1026;0.0;0.0
26761;1092VR;1092VR;42;100.0;100.0;100;100;G4;912;0.0;2.38
26763;1092VS;1092VS;18;100.0;100.0;100;100;G4;1054;0.0;0.0
26765;1092VT;1092VV;52;100.0;82.69;100;98;G4;1082;0.0;7.69
26768;1092VW;1092VW;54;100.0;55.56;100;98;G4;1313;0.0;9.26
26770;1092VX;1092VX;27;100.0;100.0;100;100;G4;1280;0.0;14.81
26772;1092VZ;1092VZ;35;100.0;100.0;100;100;G4;1200;0.0;0.0
26774;1092XA;1092XA;26;100.0;100.0;100;100;G4;1126;0.0;15.38
26776;1092XB;1092XB;33;100.0;96.97;100;97;G4;1209;0.0;6.06
26778;1092XC;1092XC;28;100.0;100.0;100;100;G4;1149;0.0;0.0
26780;1092XD;1092XD;28;100.0;100.0;100;100;G4;1215;0.0;3.57
26782;1092XG;1092XG;15;100.0;0.0;100;100;G4;545;0.0;0.0
26784;1092XH;1092XH;10;100.0;0.0;100;100;G4;36;0.0;0.0
26786;1092XJ;1092XJ;15;100.0;0.0;100;100;G4;1343;0.0;0.0
26788;1092XP;1092XP;34;100.0;100.0;100;100;G4;1139;0.0;0.0
26790;1092XR;1092XR;27;100.0;100.0;100;70;G4;1015;0.0;0.0
26792;1092XS;1092XS;37;100.0;100.0;100;100;G4;1180;0.0;0.0
26794;1092XT;1092XT;12;100.0;100.0;100;100;G4;1024;0.0;8.33
26796;1092XV;1092XV;18;100.0;0.0;100;100;G4;1309;0.0;0.0
26798;1092XW;1092XW;21;100.0;100.0;100;100;G4;1259;0.0;19.05
26800;1092XX;1092XX;19;100.0;100.0;100;100;G4;1532;0.0;36.84
26802;1092XZ;1093AA;38;100.0;50.0;100;100;G4;584;0.0;0.0
26804;1093AD;1093AD;39;100.0;74.36;100;74;G4;903;0.0;0.0
26806;1093AE;1093AE;18;100.0;100.0;100;100;G4;650;0.0;0.0
26808;1093AG;1093AG;38;100.0;97.37;100;97;G4;850;0.0;0.0
26810;1093AK;1093AK;28;100.0;3.57;100;96;G4;692;0.0;0.0
26812;1093AS;1093AV;34;100.0;100.0;100;100;G4;814;0.0;0.0
26814;1093AW;1093AW;11;100.0;90.91;100;100;G4;571;0.0;0.0
26816;1093BA;1093BG;15;100.0;73.33;100;73;G4;917;0.0;0.0
26818;1093BH;1093BJ;147;100.0;100.0;100;99;G4;889;0.0;0.0
26820;1093BK;1093BK;35;100.0;51.43;100;97;G4;769;0.0;0.0
26822;1093BP;1093BP;17;100.0;64.71;100;100;G4;408;0.0;0.0
26824;1093BS;1093BS;48;100.0;100.0;100;79;G4;2183;0.0;6.25
26826;1093BT;1093BT;37;100.0;48.65;100;97;G4;737;0.0;0.0
26828;1093BV;1093BV;23;100.0;100.0;100;96;G4;895;0.0;4.35
26830;1093BW;1093BW;36;100.0;100.0;100;100;G4;1147;0.0;0.0
26832;1093BX;1093BX;18;100.0;100.0;100;94;G4;1046;0.0;0.0
26834;1093BZ;1093BZ;18;100.0;100.0;100;94;G4;732;0.0;5.56
26836;1093CA;1093CA;12;100.0;100.0;100;100;G4;973;0.0;0.0
26838;1093CB;1093CG;31;100.0;96.77;100;100;G4;1002;0.0;0.0
26840;1093CH;1093CH;13;100.0;100.0;100;92;G4;2082;0.0;0.0
26842;1093CL;1093CN;159;100.0;100.0;100;100;G4;969;0.0;6.29
26844;1093CP;1093CP;29;100.0;96.55;100;100;G4;925;0.0;0.0
26846;1093CR;1093CR;36;100.0;97.22;100;100;G4;967;0.0;0.0
26848;1093CS;1093CV;32;100.0;96.88;100;94;G4;889;0.0;0.0
26850;1093CX;1093CX;42;100.0;97.62;100;98;G4;1097;0.0;0.0
26852;1093CZ;1093CZ;26;100.0;100.0;100;100;G4;1243;0.0;0.0
26854;1093DC;1093DC;28;100.0;100.0;100;100;G4;939;0.0;0.0
26856;1093DD;1093DD;22;100.0;100.0;100;100;G4;970;0.0;0.0
26858;1093DE;1093DE;20;100.0;100.0;100;100;G4;938;0.0;0.0
26860;1093DG;1093DG;26;100.0;100.0;100;100;G4;988;0.0;0.0
26862;1093DH;1093DH;25;100.0;100.0;100;100;G4;724;0.0;0.0
26864;1093DJ;1093DJ;19;100.0;100.0;100;100;G4;862;0.0;0.0
26866;1093DK;1093DK;20;100.0;100.0;100;100;G4;928;0.0;5.0
26868;1093DL;1093DL;49;100.0;100.0;100;100;G4;986;0.0;0.0
26870;1093DM;1093DM;27;100.0;0.0;100;100;G4;4404;0.0;0.0
26872;1093EA;1093EA;24;100.0;100.0;100;100;G4;981;0.0;0.0
26874;1093EB;1093EB;21;100.0;100.0;100;100;G4;1052;0.0;4.76
26876;1093EC;1093EC;16;100.0;93.75;100;94;G4;1227;0.0;0.0
26878;1093ED;1093ED;22;100.0;100.0;100;100;G4;1055;0.0;0.0
26880;1093EE;1093EE;27;100.0;100.0;100;89;G4;1288;0.0;14.81
26882;1093EG;1093EG;24;100.0;100.0;100;79;G4;2651;0.0;0.0
26884;1093EH;1093EH;20;100.0;100.0;100;75;G4;2045;0.0;10.0
26886;1093EJ;1093EJ;19;100.0;100.0;100;84;G4;1102;0.0;5.26
26888;1093EK;1093EK;17;100.0;100.0;100;82;G4;2211;0.0;23.53
26890;1093EL;1093EL;35;100.0;94.29;100;83;G4;1070;0.0;2.86
26892;1093EN;1093EN;14;100.0;78.57;100;64;G4;2233;0.0;7.14
26894;1093EP;1093EP;17;100.0;100.0;100;71;G4;1755;0.0;5.88
26896;1093ER;1093ER;18;100.0;100.0;100;50;G4;1696;0.0;0.0
26898;1093ES;1093EW;32;100.0;100.0;100;100;G4;872;0.0;6.25
26901;1093EX;1093GB;200;100.0;91.5;100;94;G4;1167;0.0;2.0
26904;1093GC;1093GC;25;100.0;100.0;100;96;G4;1283;0.0;0.0
26906;1093GD;1093GD;28;100.0;96.43;100;93;G4;942;0.0;3.57
26908;1093GE;1093GE;28;100.0;100.0;100;93;G4;953;0.0;0.0
26909;1093GG;1093GG;37;100.0;100.0;100;97;G4;1008;0.0;0.0
26911;1093GH;1093GH;16;100.0;100.0;100;88;G4;2611;0.0;0.0
26914;1093GJ;1093GJ;18;100.0;100.0;100;100;G4;812;0.0;5.56
26916;1093GK;1093GK;32;100.0;100.0;100;100;G4;693;0.0;0.0
26918;1093GL;1093GL;32;100.0;100.0;100;100;G4;717;0.0;0.0
26920;1093GM;1093GM;28;100.0;100.0;100;100;G4;739;0.0;0.0
26922;1093GN;1093GP;29;100.0;100.0;100;97;G4;1147;0.0;10.34
26925;1093GR;1093GS;43;100.0;97.67;100;100;G4;933;0.0;0.0
26927;1093GT;1093GT;22;100.0;100.0;100;100;G4;1273;0.0;0.0
26929;1093GV;1093GV;14;100.0;100.0;100;100;G4;1193;0.0;7.14
26931;1093GW;1093GW;19;100.0;100.0;100;100;G4;1707;0.0;5.26
26933;1093GX;1093GX;21;100.0;100.0;100;100;G4;975;0.0;0.0
26935;1093GZ;1093GZ;18;100.0;100.0;100;100;G4;817;0.0;0.0
26937;1093HA;1093HB;19;100.0;100.0;100;100;G4;1151;0.0;10.53
26939;1093HC;1093HC;10;100.0;100.0;100;100;G4;1006;0.0;0.0
26941;1093HD;1093HD;11;100.0;100.0;100;100;G4;928;0.0;0.0
26943;1093HE;1093HP;139;100.0;99.28;100;99;G4;949;0.0;1.44
26946;1093HR;1093HR;32;100.0;100.0;100;97;G4;1281;0.0;6.25
26948;1093HS;1093HT;25;100.0;100.0;100;92;G4;1067;0.0;0.0
26950;1093HV;1093HV;16;100.0;93.75;100;94;G4;1107;0.0;25.0
26952;1093HW;1093HW;12;100.0;100.0;100;100;G4;810;0.0;0.0
26954;1093HX;1093HX;11;100.0;100.0;100;100;G4;1162;0.0;0.0
26956;1093HZ;1093HZ;36;100.0;100.0;100;97;G4;1416;0.0;16.67
26958;1093JB;1093JB;23;100.0;100.0;100;91;G4;1416;0.0;8.7
26960;1093JC;1093JC;28;100.0;82.14;100;86;G4;1850;0.0;25.0
26962;1093JD;1093JD;35;100.0;91.43;100;94;G4;948;0.0;17.14
26964;1093JE;1093JE;17;100.0;100.0;100;88;G4;1324;0.0;0.0
26966;1093JG;1093JK;74;100.0;94.59;100;99;G4;1323;0.0;2.7
26968;1093JL;1093JL;31;100.0;96.77;100;97;G4;1285;0.0;9.68
26970;1093JM;1093JM;32;100.0;96.88;100;94;G4;737;0.0;15.63
26972;1093JN;1093JN;33;100.0;87.88;100;88;G4;992;0.0;12.12
26974;1093JP;1093JP;31;100.0;100.0;100;97;G4;1038;0.0;12.9
26976;1093JR;1093JR;19;100.0;100.0;100;95;G4;796;0.0;0.0
26978;1093JS;1093JT;24;100.0;91.67;100;96;G4;1376;0.0;4.17
26980;1093JV;1093JV;22;100.0;100.0;100;100;G4;850;0.0;0.0
26982;1093JW;1093JX;18;100.0;100.0;100;83;G4;1478;0.0;0.0
26984;1093JZ;1093JZ;14;100.0;100.0;100;50;G4;475;0.0;0.0
26986;1093KA;1093KA;15;100.0;100.0;100;100;G4;1047;0.0;0.0
26988;1093KB;1093KB;17;100.0;100.0;100;100;G4;1445;0.0;5.88
26990;1093KC;1093KC;14;100.0;100.0;100;57;G6;282;0.0;0.0
26992;1093KD;1093KD;19;100.0;100.0;100;100;G4;1083;0.0;0.0
26994;1093KE;1093KE;16;100.0;100.0;100;100;G4;1015;0.0;0.0
26996;1093KG;1093KG;25;100.0;100.0;100;100;G4;1031;0.0;4.0
26998;1093KH;1093KJ;20;100.0;100.0;100;80;G4;1741;0.0;0.0
27000;1093KK;1093KK;15;100.0;100.0;100;100;G4;1076;0.0;0.0
27002;1093KL;1093KP;91;100.0;90.11;100;98;G4;2058;0.0;85.71
27006;1093KR;1093KS;47;100.0;27.66;100;81;G4;3778;0.0;0.0
27009;1093LA;1093LA;24;100.0;100.0;100;100;G4;1426;0.0;0.0
27010;1093LC;1093LC;33;100.0;100.0;100;97;G4;1041;0.0;3.03
27013;1093LE;1093MA;33;100.0;100.0;100;94;G4;1562;0.0;6.06
27015;1093MB;1093MC;19;100.0;100.0;100;95;G4;948;0.0;5.26
27017;1093MD;1093ME;23;100.0;100.0;100;96;G4;1274;0.0;0.0
27019;1093MJ;1093MJ;44;100.0;100.0;100;100;G4;913;0.0;0.0
27021;1093MK;1093MK;36;100.0;100.0;100;100;G4;952;0.0;0.0
27023;1093NA;1093NB;27;100.0;96.3;100;93;G4;1819;0.0;66.67
27024;1093NE;1093NG;39;100.0;2.56;100;95;G4;1740;0.0;0.0
27027;1093NH;1093NH;193;100.0;97.41;100;95;G4;1642;0.0;96.37
27029;1093RP;1093RP;25;100.0;68.0;100;100;G4;796;0.0;48.0
27031;1093RR;1093RR;31;100.0;74.19;100;84;G4;966;0.0;41.94
27033;1093RS;1093RS;38;100.0;44.74;100;66;G4;748;0.0;5.26
27035;1093RT;1093RT;30;100.0;56.67;100;100;G4;905;0.0;10.0
27037;1093RV;1093RV;11;100.0;100.0;100;100;G4;1014;0.0;90.91
27039;1093RW;1093RW;12;100.0;100.0;100;100;G4;890;0.0;66.67
27041;1093RX;1093RX;28;100.0;0.0;100;100;G4;811;0.0;0.0
27043;1093RZ;1093RZ;14;100.0;100.0;100;93;G4;1067;0.0;0.0
27045;1093SB;1093SH;80;100.0;98.75;100;95;G4;1182;0.0;2.5
27048;1093SJ;1093SJ;28;100.0;92.86;100;96;G4;841;0.0;67.86
27050;1093SK;1093SK;46;100.0;89.13;100;93;G4;1473;0.0;23.91
27052;1093SL;1093SL;25;100.0;96.0;100;96;G4;1183;0.0;0.0
27054;1093SM;1093SM;29;100.0;96.55;100;93;G4;871;0.0;0.0
27056;1093SN;1093SN;20;100.0;95.0;100;100;G4;1492;0.0;0.0
27058;1093SP;1093SP;20;100.0;100.0;100;100;G4;1505;0.0;0.0
27060;1093SR;1093SR;20;100.0;100.0;100;100;G4;1407;0.0;0.0
27062;1093ST;1093ST;20;100.0;100.0;100;100;G4;1584;0.0;0.0
27064;1093SV;1093SV;20;100.0;100.0;100;100;G4;1418;0.0;0.0
27066;1093SW;1093SW;20;100.0;100.0;100;100;G4;1431;0.0;0.0
27068;1093SX;1093SX;20;100.0;100.0;100;100;G4;1549;0.0;5.0
27070;1093SZ;1093SZ;20;100.0;100.0;100;100;G4;1551;0.0;0.0
27072;1093TA;1093TA;22;100.0;100.0;100;100;G4;1538;0.0;0.0
27074;1093TB;1093TB;22;100.0;100.0;100;100;G4;1565;0.0;0.0
27076;1093TC;1093TC;21;100.0;100.0;100;100;G4;1707;0.0;4.76
27078;1093TD;1093TE;53;100.0;84.91;100;83;G4;1050;0.0;5.66
27080;1093TG;1093TG;33;100.0;100.0;100;100;G4;806;0.0;0.0
27082;1093TH;1093TH;19;100.0;100.0;100;100;G4;822;0.0;5.26
27084;1093TJ;1093TJ;22;100.0;86.36;100;91;G4;726;0.0;0.0
27086;1093TK;1093TK;42;100.0;100.0;100;98;G4;921;0.0;0.0
27088;1093TL;1093TP;85;100.0;98.82;100;100;G4;1227;0.0;0.0
27091;1093TR;1093TR;46;100.0;58.7;100;100;G4;1220;0.0;47.83
27093;1093TS;1093VD;213;100.0;98.59;100;99;G4;904;0.0;14.08
27096;1093VE;1093VE;23;100.0;95.65;100;96;G4;968;0.0;0.0
27097;1093VG;1093VG;58;100.0;100.0;100;98;G4;756;0.0;0.0
27100;1093VH;1093VH;13;100.0;100.0;100;100;G4;1009;0.0;0.0
27101;1093VJ;1093VJ;15;100.0;100.0;100;100;G4;808;0.0;80.0
27104;1093VK;1093VK;28;100.0;100.0;100;100;G4;679;0.0;0.0
27106;1093VL;1093VL;24;100.0;95.83;100;100;G4;680;0.0;0.0
27108;1093VM;1093VM;24;100.0;100.0;100;100;G4;778;0.0;0.0
27110;1093VN;1093VN;24;100.0;100.0;100;100;G4;688;0.0;16.67
27112;1093VP;1093VP;28;100.0;100.0;100;100;G4;678;0.0;0.0
27114;1093VR;1093VR;18;100.0;100.0;100;100;G4;963;0.0;22.22
27115;1093VS;1093XA;121;100.0;71.07;100;97;G4;1684;0.0;41.32
27118;1093XC;1093XC;24;100.0;100.0;100;100;G4;777;0.0;0.0
27120;1093XD;1093XD;26;100.0;100.0;100;100;G4;1006;0.0;0.0
27122;1093XG;1093XG;12;100.0;100.0;100;100;G4;890;0.0;8.33
27124;1093XH;1093XL;32;100.0;100.0;100;100;G4;1034;0.0;3.13
27127;1093XM;1093XM;16;100.0;100.0;100;100;G4;1134;0.0;6.25
27129;1093XN;1093XN;17;100.0;100.0;100;88;G4;1432;0.0;0.0
27131;1093XP;1093XP;22;100.0;100.0;100;100;G4;973;0.0;0.0
27133;1093XR;1093XR;27;100.0;96.3;100;100;G4;878;0.0;0.0
27135;1093XS;1093XX;27;100.0;100.0;100;100;G4;1175;0.0;0.0
27137;1093XZ;1093XZ;15;100.0;100.0;100;100;G4;1170;0.0;0.0
27139;1093ZA;1093ZB;19;100.0;100.0;100;100;G4;1255;0.0;0.0
27141;1094AA;1094AA;28;100.0;100.0;100;93;G4;1487;0.0;14.29
27143;1094AB;1094AB;27;100.0;100.0;100;100;G4;1282;0.0;0.0
27145;1094AC;1094AC;28;100.0;100.0;100;100;G4;1172;0.0;0.0
27147;1094AD;1094AD;15;100.0;100.0;100;93;G4;3121;0.0;0.0
27149;1094AE;1094AE;24;100.0;95.83;100;96;G4;1196;0.0;0.0
27151;1094AG;1094AG;30;100.0;96.67;100;93;G4;1983;0.0;0.0
27153;1094AH;1094AH;20;100.0;95.0;100;95;G4;1141;0.0;0.0
27155;1094AJ;1094AJ;10;100.0;100.0;100;100;G4;1369;0.0;0.0
27157;1094AK;1094AK;17;100.0;100.0;100;100;G4;1273;0.0;0.0
27159;1094AL;1094AL;33;100.0;100.0;100;100;G4;1185;0.0;6.06
27161;1094AM;1094AM;17;100.0;100.0;100;100;G4;1024;0.0;0.0
27163;1094AN;1094AN;13;100.0;100.0;100;100;G4;910;0.0;0.0
27165;1094AP;1094AP;13;100.0;100.0;100;100;G4;1032;0.0;0.0
27167;1094AR;1094AR;17;100.0;100.0;100;100;G4;960;0.0;0.0
27169;1094AS;1094AS;20;100.0;100.0;100;95;G4;1298;0.0;0.0
27171;1094AT;1094AT;20;100.0;100.0;100;100;G4;907;0.0;0.0
27173;1094AV;1094AV;20;100.0;100.0;100;95;G4;943;0.0;0.0
27175;1094AW;1094AW;40;100.0;100.0;100;100;G4;871;0.0;0.0
27177;1094AX;1094AX;32;100.0;100.0;100;100;G4;838;0.0;0.0
27179;1094AZ;1094AZ;17;100.0;100.0;100;100;G4;1120;0.0;0.0
27181;1094BA;1094BA;13;100.0;100.0;100;100;G4;997;0.0;0.0
27183;1094BB;1094BB;19;100.0;100.0;100;100;G4;905;0.0;0.0
27185;1094BC;1094BC;34;100.0;100.0;100;100;G4;967;0.0;0.0
27187;1094BD;1094BD;41;100.0;95.12;100;98;G4;1020;0.0;0.0
27189;1094BE;1094BE;32;100.0;100.0;100;100;G4;916;0.0;0.0
27191;1094BG;1094BG;40;100.0;100.0;100;100;G4;924;0.0;0.0
27193;1094BH;1094BH;31;100.0;100.0;100;97;G4;916;0.0;0.0
27195;1094BJ;1094BJ;17;100.0;100.0;100;100;G4;1254;0.0;5.88
27197;1094BK;1094BK;20;100.0;100.0;100;100;G4;1151;0.0;0.0
27199;1094BL;1094BL;24;100.0;100.0;100;100;G4;1199;0.0;0.0
27201;1094BM;1094BM;20;100.0;100.0;100;100;G4;1325;0.0;0.0
27204;1094BP;1094BP;31;100.0;45.16;100;52;G4;1059;0.0;0.0
27206;1094BR;1094BR;15;100.0;100.0;100;87;G4;1342;0.0;6.67
27208;1094BS;1094BS;19;100.0;100.0;100;100;G4;891;0.0;0.0
27210;1094BT;1094BT;42;100.0;100.0;100;100;G4;851;0.0;23.81
27212;1094BV;1094BV;45;100.0;100.0;100;100;G4;922;0.0;0.0
27214;1094BX;1094BX;13;100.0;100.0;100;100;G4;1021;0.0;0.0
27216;1094BZ;1094CA;16;100.0;93.75;100;94;G4;1067;0.0;0.0
27219;1094CB;1094CB;39;100.0;100.0;100;100;G4;785;0.0;87.18
27221;1094CC;1094CC;23;100.0;100.0;100;96;G4;935;0.0;0.0
27223;1094CD;1094CD;15;100.0;100.0;100;100;G4;718;0.0;0.0
27225;1094CE;1094CE;27;100.0;96.3;100;96;G4;987;0.0;88.89
27227;1094CG;1094CG;46;100.0;100.0;100;98;G4;980;0.0;10.87
27229;1094CJ;1094CJ;36;100.0;100.0;100;100;G4;1102;0.0;33.33
27231;1094CK;1094CK;24;100.0;100.0;100;100;G4;850;0.0;62.5
27233;1094CL;1094CL;20;100.0;100.0;100;90;G4;1953;0.0;95.0
27235;1094CM;1094CM;20;100.0;100.0;100;100;G4;1099;0.0;100.0
27237;1094CN;1094CN;28;100.0;96.43;100;96;G4;1044;0.0;50.0
27239;1094CP;1094CP;32;100.0;100.0;100;97;G4;1050;0.0;21.88
27241;1094CR;1094CR;32;100.0;78.13;100;91;G4;936;0.0;0.0
27243;1094CS;1094CS;19;100.0;100.0;100;95;G4;901;0.0;68.42
27245;1094CT;1094CT;20;100.0;100.0;100;100;G4;1225;0.0;65.0
27247;1094CV;1094CW;54;100.0;98.15;100;98;G4;918;0.0;37.04
27250;1094CX;1094CX;43;100.0;100.0;100;100;G4;729;0.0;44.19
27252;1094CZ;1094CZ;56;100.0;96.43;100;95;G4;1095;0.0;0.0
27254;1094EA;1094EA;26;100.0;96.15;100;96;G4;969;0.0;0.0
27256;1094EB;1094EB;35;100.0;100.0;100;100;G4;822;0.0;2.86
27258;1094EC;1094EC;33;100.0;100.0;100;100;G4;766;0.0;6.06
27260;1094ED;1094ED;29;100.0;100.0;100;97;G4;1574;0.0;0.0
27262;1094EE;1094EE;30;100.0;96.67;100;97;G4;1035;0.0;23.33
27264;1094EG;1094EG;43;100.0;100.0;100;100;G4;863;0.0;0.0
27266;1094EH;1094EH;32;100.0;100.0;100;100;G4;1021;0.0;0.0
27268;1094EJ;1094EJ;10;100.0;100.0;100;100;G4;1049;0.0;10.0
27271;1094EL;1094EL;27;100.0;96.3;100;100;G4;917;0.0;0.0
27273;1094EM;1094EM;27;100.0;92.59;100;100;G4;854;0.0;0.0
27275;1094EN;1094EN;24;100.0;100.0;100;92;G4;1727;0.0;0.0
27277;1094EP;1094EP;20;100.0;100.0;100;100;G4;960;0.0;0.0
27279;1094ER;1094ER;35;100.0;100.0;100;100;G4;931;0.0;0.0
27281;1094ES;1094ES;15;100.0;0.0;100;93;G4;1314;0.0;0.0
27283;1094ET;1094ET;40;100.0;100.0;100;95;G4;1467;0.0;0.0
27285;1094EW;1094EW;10;100.0;100.0;100;100;G4;1013;0.0;0.0
27287;1094EX;1094EX;56;100.0;100.0;100;100;G4;861;0.0;1.79
27289;1094EZ;1094EZ;20;100.0;100.0;100;100;G4;948;0.0;0.0
27291;1094GA;1094GA;20;100.0;100.0;100;100;G4;892;0.0;75.0
27293;1094GB;1094GB;54;100.0;100.0;100;100;G4;646;0.0;20.37
27295;1094GC;1094GC;33;100.0;100.0;100;100;G4;881;0.0;3.03
27297;1094GD;1094GE;29;100.0;100.0;100;100;G4;1102;0.0;79.31
27299;1094GG;1094GG;34;100.0;100.0;100;100;G4;1029;0.0;67.65
27301;1094GH;1094GH;32;100.0;96.88;100;100;G4;926;0.0;68.75
27303;1094GJ;1094GJ;40;100.0;100.0;100;100;G4;890;0.0;87.5
27305;1094GK;1094GK;50;100.0;100.0;100;98;G4;935;0.0;0.0
27307;1094GL;1094GL;34;100.0;100.0;100;100;G4;970;0.0;29.41
27309;1094GM;1094GM;45;100.0;82.22;100;98;G4;895;0.0;8.89
27311;1094GN;1094GN;28;100.0;100.0;100;100;G4;905;0.0;0.0
27313;1094GP;1094GP;32;100.0;100.0;100;100;G4;1175;0.0;62.5
27315;1094GR;1094GR;27;100.0;100.0;100;96;G4;1376;0.0;85.19
27317;1094GS;1094GS;24;100.0;100.0;100;96;G4;1508;0.0;95.83
27319;1094GT;1094GT;21;100.0;100.0;100;100;G4;917;0.0;0.0
27321;1094GX;1094GX;44;100.0;90.91;100;98;G4;897;0.0;56.82
27323;1094GZ;1094GZ;62;100.0;79.03;100;79;G4;1289;0.0;38.71
27325;1094HA;1094HA;52;100.0;100.0;100;92;G4;1148;0.0;71.15
27327;1094HB;1094HB;61;100.0;73.77;100;95;G4;1081;0.0;32.79
27329;1094HC;1094HC;53;100.0;98.11;100;94;G4;1675;0.0;83.02
27331;1094HD;1094HD;33;100.0;100.0;100;97;G4;871;0.0;87.88
27333;1094HE;1094HE;43;100.0;100.0;100;95;G4;950;0.0;60.47
27335;1094HG;1094HG;40;100.0;90.0;100;98;G4;854;0.0;35.0
27337;1094HH;1094HH;32;100.0;96.88;100;94;G4;1349;0.0;59.38
27339;1094HJ;1094HJ;52;100.0;90.38;100;88;G4;997;0.0;26.92
27341;1094HK;1094HK;42;100.0;97.62;100;95;G4;991;0.0;23.81
27343;1094HL;1094HL;36;100.0;100.0;100;94;G4;720;0.0;38.89
27345;1094HM;1094HM;31;100.0;100.0;100;90;G4;1751;0.0;74.19
27347;1094HN;1094HN;32;100.0;87.5;100;97;G4;1145;0.0;37.5
27349;1094HP;1094HP;52;100.0;73.08;100;94;G4;812;0.0;0.0
27351;1094HR;1094HR;23;100.0;95.65;100;96;G4;14;0.0;0.0
27353;1094HS;1094HS;24;100.0;100.0;100;100;G4;16;0.0;0.0
27355;1094HT;1094HT;12;100.0;100.0;100;100;G4;36;0.0;0.0
27357;1094HV;1094HV;25;100.0;96.0;100;96;G4;16;0.0;8.0
27359;1094HW;1094HW;31;100.0;100.0;100;94;G4;1274;0.0;3.23
27361;1094HX;1094HX;13;100.0;92.31;100;92;G4;20;0.0;0.0
27363;1094HZ;1094HZ;13;100.0;92.31;100;92;G4;169;0.0;30.77
27365;1094JA;1094JA;26;100.0;92.31;100;96;G4;937;0.0;3.85
27367;1094JB;1094JB;26;100.0;96.15;100;100;G4;855;0.0;0.0
27369;1094JC;1094JC;39;100.0;89.74;100;90;G4;890;0.0;0.0
27371;1094JD;1094JE;29;100.0;86.21;100;83;G4;1517;0.0;3.45
27373;1094JG;1094JG;45;100.0;53.33;100;96;G4;840;0.0;37.78
27375;1094JH;1094JH;51;100.0;68.63;100;98;G4;875;0.0;50.98
27377;1094JJ;1094JJ;24;100.0;100.0;100;100;G4;594;0.0;79.17
27379;1094JK;1094JK;11;100.0;100.0;100;100;G4;22;0.0;100.0
27381;1094JL;1094JL;29;100.0;100.0;100;100;G4;905;0.0;0.0
27383;1094JM;1094JM;29;100.0;100.0;100;100;G4;1093;0.0;0.0
27385;1094JN;1094JN;31;100.0;93.55;100;94;G4;1742;0.0;0.0
27387;1094JP;1094JP;29;100.0;96.55;100;97;G4;1137;0.0;58.62
27389;1094JR;1094JR;23;100.0;100.0;100;100;G4;898;0.0;17.39
27391;1094JS;1094JS;28;100.0;96.43;100;100;G4;931;0.0;57.14
27393;1094JT;1094JT;25;100.0;100.0;100;92;G4;1745;0.0;64.0
27395;1094JV;1094JV;28;100.0;100.0;100;96;G4;1179;0.0;85.71
27397;1094JW;1094JW;62;100.0;40.32;100;55;G6;1021;0.0;32.26
27399;1094JX;1094JX;24;100.0;100.0;100;100;G4;943;0.0;100.0
27401;1094JZ;1094JZ;20;100.0;100.0;100;100;G4;941;0.0;100.0
27403;1094KA;1094KA;20;100.0;100.0;100;100;G4;892;0.0;100.0
27405;1094KB;1094KB;31;100.0;100.0;100;97;G4;1046;0.0;25.81
27407;1094KC;1094KC;35;100.0;97.14;100;100;G4;1175;0.0;22.86
27409;1094KD;1094KD;40;100.0;85.0;100;98;G4;923;0.0;10.0
27411;1094KE;1094KE;21;100.0;100.0;100;100;G4;669;0.0;0.0
27413;1094KG;1094KG;29;100.0;100.0;100;100;G4;920;0.0;0.0
27415;1094KH;1094KH;23;100.0;100.0;100;96;G4;1084;0.0;86.96
27417;1094KJ;1094KJ;22;100.0;100.0;100;100;G4;908;0.0;72.73
27419;1094KK;1094KK;31;100.0;61.29;100;68;G4;1013;0.0;3.23
27421;1094KL;1094KL;29;100.0;86.21;100;86;G4;837;0.0;82.76
27423;1094KM;1094KM;46;100.0;47.83;100;50;G4;969;0.0;34.78
27425;1094KN;1094KN;49;100.0;40.82;100;51;G4;1104;0.0;0.0
27427;1094KP;1094KP;60;100.0;51.67;100;97;G4;909;0.0;15.0
27429;1094KR;1094KR;46;100.0;41.3;100;100;G4;1029;0.0;41.3
27431;1094KS;1094KS;52;100.0;92.31;100;98;G4;980;0.0;90.38
27433;1094KT;1094KT;27;100.0;92.59;100;96;G4;1064;0.0;74.07
27435;1094KV;1094KV;33;100.0;100.0;100;97;G4;771;0.0;66.67
27437;1094KW;1094KW;26;100.0;100.0;100;100;G4;830;0.0;80.77
27439;1094KX;1094KX;22;100.0;100.0;100;95;G4;964;0.0;36.36
27441;1094KZ;1094KZ;41;100.0;80.49;100;100;G4;1042;0.0;36.59
27443;1094LA;1094LA;34;100.0;41.18;100;100;G4;1183;0.0;0.0
27445;1094LB;1094LB;18;100.0;55.56;100;100;G4;871;0.0;0.0
27447;1094LC;1094LC;29;100.0;68.97;100;100;G4;729;0.0;17.24
27449;1094LD;1094LD;26;100.0;80.77;100;96;G4;1050;0.0;0.0
27451;1094LE;1094LE;27;100.0;29.63;100;96;G4;1075;0.0;0.0
27453;1094LG;1094LG;29;100.0;96.55;100;97;G4;1059;0.0;0.0
27455;1094LH;1094LH;30;100.0;80.0;100;97;G4;856;0.0;0.0
27457;1094LJ;1094LJ;30;100.0;83.33;100;93;G4;1420;0.0;0.0
27459;1094LK;1094LK;28;100.0;100.0;100;100;G4;1064;0.0;0.0
27461;1094LL;1094LL;32;100.0;100.0;100;100;G4;918;0.0;62.5
27463;1094LM;1094LN;37;100.0;89.19;100;97;G4;1499;0.0;8.11
27466;1094LP;1094LP;30;100.0;100.0;100;100;G4;1076;0.0;3.33
27468;1094LR;1094LR;29;100.0;93.1;100;86;G4;1813;0.0;17.24
27470;1094LS;1094LS;15;100.0;100.0;100;100;G4;883;0.0;0.0
27472;1094LT;1094LT;29;100.0;100.0;100;100;G4;1033;0.0;10.34
27474;1094LV;1094LV;20;100.0;100.0;100;100;G4;1182;0.0;0.0
27476;1094LW;1094LW;29;100.0;100.0;100;100;G4;916;0.0;0.0
27478;1094LX;1094LX;22;100.0;95.45;100;100;G4;1106;0.0;50.0
27480;1094LZ;1094LZ;14;100.0;100.0;100;100;G4;1285;0.0;0.0
27482;1094ME;1094ME;39;100.0;100.0;100;100;G4;984;0.0;0.0
27484;1094MG;1094MG;21;100.0;100.0;100;100;G4;1108;0.0;4.76
27486;1094MH;1094MH;24;100.0;100.0;100;100;G4;1166;0.0;4.17
27488;1094MK;1094MK;33;100.0;100.0;100;97;G4;1122;0.0;81.82
27490;1094NA;1094NA;16;100.0;100.0;100;100;G4;772;0.0;0.0
27492;1094NB;1094NB;68;100.0;98.53;100;100;G4;697;0.0;0.0
27494;1094NC;1094NC;12;100.0;100.0;100;100;G4;961;0.0;91.67
27496;1094ND;1094ND;23;100.0;100.0;100;100;G4;992;0.0;4.35
27498;1094NE;1094NE;12;100.0;100.0;100;92;G4;2118;0.0;8.33
27500;1094NG;1094NG;22;100.0;95.45;100;86;G4;962;0.0;22.73
27502;1094NH;1094NH;27;100.0;70.37;100;100;G4;1017;0.0;3.7
27504;1094NJ;1094NJ;17;100.0;100.0;100;94;G4;1804;0.0;11.76
27506;1094NK;1094NK;34;100.0;55.88;100;56;G4;1146;0.0;0.0
27508;1094NL;1094NL;26;100.0;100.0;100;100;G4;948;0.0;0.0
27510;1094NM;1094NM;13;100.0;100.0;100;100;G4;1285;0.0;0.0
27512;1094NN;1094NN;29;100.0;100.0;100;97;G4;952;0.0;6.9
27514;1094NP;1094NP;28;100.0;100.0;100;100;G4;949;0.0;0.0
27516;1094NR;1094NR;15;100.0;100.0;100;100;G4;943;0.0;0.0
27518;1094NS;1094NS;30;100.0;96.67;100;100;G4;972;0.0;3.33
27520;1094NT;1094NT;29;100.0;100.0;100;100;G4;1010;0.0;0.0
27522;1094NV;1094NV;24;100.0;100.0;100;100;G4;785;0.0;0.0
27524;1094NW;1094NW;31;100.0;0.0;100;100;G4;720;0.0;0.0
27526;1094NX;1094NX;24;100.0;4.17;100;100;G4;701;0.0;0.0
27528;1094NZ;1094PA;21;100.0;100.0;100;100;G4;1519;0.0;0.0
27530;1094PB;1094PB;14;100.0;100.0;100;100;G4;1439;0.0;0.0
27532;1094PC;1094PC;20;100.0;100.0;100;100;G4;996;0.0;0.0
27534;1094PD;1094PE;32;100.0;100.0;100;100;G4;1075;0.0;0.0
27536;1094PG;1094PG;24;100.0;100.0;100;96;G4;899;0.0;0.0
27538;1094PJ;1094PK;15;100.0;100.0;100;100;G4;1187;0.0;0.0
27540;1094PL;1094PN;46;100.0;100.0;100;100;G4;988;0.0;39.13
27542;1094PP;1094PP;15;100.0;100.0;100;100;G4;1061;0.0;0.0
27544;1094PR;1094PR;29;100.0;100.0;100;100;G4;877;0.0;0.0
27546;1094PS;1094PS;19;100.0;100.0;100;100;G4;1161;0.0;0.0
27548;1094PT;1094PT;16;100.0;56.25;100;56;G4;802;0.0;0.0
27550;1094PV;1094PW;37;100.0;89.19;100;81;G4;1950;0.0;24.32
27552;1094PX;1094RA;34;100.0;97.06;100;100;G4;1144;0.0;2.94
27554;1094RB;1094RB;64;100.0;96.88;100;94;G4;2177;0.0;0.0
27556;1094RC;1094RC;22;100.0;86.36;100;91;G4;1928;0.0;0.0
27558;1094RD;1094RD;58;100.0;98.28;100;100;G4;1106;0.0;0.0
27560;1094RE;1094RE;27;100.0;100.0;100;100;G4;1040;0.0;0.0
27562;1094RH;1094RH;13;100.0;100.0;100;100;G4;1025;0.0;7.69
27564;1094RJ;1094RL;17;100.0;100.0;100;94;G4;1206;0.0;5.88
27567;1094RN;1094RN;48;100.0;97.92;100;100;G4;1048;0.0;0.0
27569;1094RP;1094RR;28;100.0;100.0;100;100;G4;1123;0.0;3.57
27571;1094RS;1094RS;12;100.0;100.0;100;92;G4;1981;0.0;0.0
27573;1094RT;1094RV;30;100.0;100.0;100;93;G4;1300;0.0;0.0
27575;1094RW;1094RW;14;100.0;100.0;100;100;G4;1181;0.0;0.0
27577;1094RX;1094RX;23;100.0;100.0;100;100;G4;1009;0.0;0.0
27579;1094RZ;1094RZ;18;100.0;100.0;100;100;G4;997;0.0;0.0
27581;1094SB;1094SB;21;100.0;100.0;100;95;G4;2138;0.0;42.86
27583;1094SC;1094SC;44;100.0;100.0;100;100;G4;1136;0.0;77.27
27585;1094SE;1094SG;47;100.0;100.0;100;100;G4;1078;0.0;100.0
27587;1094SH;1094SH;24;100.0;100.0;100;100;G4;994;0.0;100.0
27589;1094SJ;1094SL;48;100.0;100.0;100;100;G4;1239;0.0;97.92
27591;1094SM;1094SM;44;100.0;100.0;100;100;G4;843;0.0;6.82
27593;1094SN;1094SN;19;100.0;89.47;100;100;G4;992;0.0;94.74
27595;1094SP;1094SP;40;100.0;97.5;100;100;G4;761;0.0;90.0
27597;1094SR;1094SR;22;100.0;100.0;100;100;G4;938;0.0;54.55
27599;1094ST;1094ST;22;100.0;95.45;100;95;G4;869;0.0;18.18
27601;1094SV;1094SW;50;100.0;100.0;100;100;G4;1078;0.0;98.0
27603;1094SX;1094SZ;34;100.0;100.0;100;100;G4;755;0.0;94.12
27605;1094TA;1094TC;25;100.0;92.0;100;96;G4;886;0.0;0.0
27607;1094TD;1094TD;16;100.0;50.0;100;50;G4;937;0.0;0.0
27609;1094TE;1094TE;19;100.0;10.53;100;89;G6;876;0.0;0.0
27611;1094TG;1094TL;38;100.0;100.0;100;97;G4;1139;0.0;0.0
27613;1094TR;1094TV;38;100.0;100.0;100;100;G4;930;0.0;2.63
27615;1094TX;1094TX;10;100.0;100.0;100;100;G4;1868;0.0;10.0
27617;1094VA;1094VA;27;100.0;96.3;100;96;G4;923;0.0;0.0
27619;1094XB;1094XB;16;100.0;50.0;100;100;G4;1012;0.0;6.25
27621;1094XC;1094XC;34;100.0;100.0;100;100;G4;849;0.0;61.76
27623;1094XD;1094XD;16;100.0;100.0;100;100;G4;1012;0.0;100.0
27625;1094XE;1094XE;24;100.0;100.0;100;100;G4;882;0.0;100.0
27627;1094XG;1094XG;24;100.0;100.0;100;100;G4;793;0.0;100.0
27629;1094XH;1094XH;19;100.0;100.0;100;100;G4;964;0.0;42.11
27631;1094XJ;1094XJ;20;100.0;100.0;100;100;G4;805;0.0;100.0
27633;1094XK;1094XK;23;100.0;100.0;100;100;G4;929;0.0;100.0
27635;1094XL;1094XL;21;100.0;100.0;100;100;G4;1567;0.0;33.33
27637;1094XM;1094XM;12;100.0;100.0;100;100;G4;1128;0.0;100.0
27639;1094XN;1094XN;20;100.0;100.0;100;100;G4;1155;0.0;100.0
27641;1094XP;1094XZ;65;100.0;100.0;100;100;G4;1206;0.0;93.85
27644;1094ZA;1094ZA;20;100.0;100.0;100;100;G4;1082;0.0;100.0
27646;1094ZB;1094ZB;16;100.0;100.0;100;100;G4;923;0.0;87.5
27648;1094ZC;1094ZC;26;100.0;100.0;100;100;G4;952;0.0;46.15
27650;1094ZD;1094ZD;26;100.0;100.0;100;100;G4;795;0.0;92.31
27652;1095AA;1095AA;19;100.0;100.0;100;84;G4;1965;0.0;0.0
27654;1095AB;1095AB;24;100.0;100.0;100;92;G4;1194;0.0;16.67
27656;1095AC;1095AC;22;100.0;100.0;100;68;G4;5356;0.0;0.0
27658;1095AD;1095AD;51;100.0;100.0;100;98;G4;1327;0.0;0.0
27660;1095AE;1095AE;39;100.0;97.44;100;97;G4;1213;0.0;0.0
27662;1095AG;1095AG;28;100.0;100.0;100;100;G4;896;0.0;75.0
27664;1095AH;1095AH;17;100.0;100.0;100;100;G4;1145;0.0;100.0
27666;1095AJ;1095AJ;28;100.0;96.43;100;100;G4;1167;0.0;50.0
27668;1095AK;1095AK;21;100.0;100.0;100;95;G4;985;0.0;0.0
27670;1095AL;1095AL;19;100.0;100.0;100;100;G4;928;0.0;0.0
27672;1095AM;1095AM;30;100.0;100.0;100;100;G4;779;0.0;0.0
27674;1095AN;1095AN;40;100.0;97.5;100;100;G4;927;0.0;7.5
27676;1095AP;1095AP;16;100.0;100.0;100;100;G4;1189;0.0;25.0
27678;1095AR;1095AR;24;100.0;100.0;100;100;G4;993;0.0;0.0
27680;1095AS;1095AS;12;100.0;100.0;100;100;G4;1110;0.0;0.0
27682;1095AT;1095AT;25;100.0;100.0;100;92;G4;1049;0.0;16.0
27684;1095AV;1095AV;26;100.0;100.0;100;96;G4;880;0.0;15.38
27686;1095AW;1095AW;20;100.0;100.0;100;100;G4;858;0.0;0.0
27688;1095AX;1095AX;36;100.0;88.89;100;89;G4;1073;0.0;8.33
27690;1095AZ;1095AZ;31;100.0;96.77;100;97;G4;1046;0.0;0.0
27692;1095BA;1095BA;23;100.0;100.0;100;96;G4;1147;0.0;0.0
27694;1095BC;1095BC;10;100.0;90.0;100;90;G4;2412;0.0;0.0
27696;1095BD;1095BD;16;100.0;100.0;100;88;G4;1296;0.0;0.0
27698;1095BJ;1095BJ;100;100.0;96.0;100;96;G4;924;0.0;5.0
27700;1095BK;1095BK;16;100.0;100.0;100;100;G4;1029;0.0;31.25
27702;1095BL;1095BL;37;100.0;100.0;100;100;G4;1153;0.0;0.0
27704;1095BM;1095BM;14;100.0;100.0;100;100;G4;997;0.0;0.0
27706;1095BN;1095BN;14;100.0;100.0;100;100;G4;1164;0.0;7.14
27708;1095BP;1095BS;32;100.0;100.0;100;100;G4;1082;0.0;6.25
27711;1095BT;1095BT;16;100.0;100.0;100;100;G4;927;0.0;0.0
27713;1095BV;1095BV;15;100.0;100.0;100;100;G4;1091;0.0;0.0
27715;1095BW;1095BW;19;100.0;52.63;100;100;G4;1301;0.0;0.0
27717;1095BX;1095BX;33;100.0;30.3;100;100;G4;1235;0.0;0.0
27719;1095BZ;1095BZ;24;100.0;33.33;100;100;G4;1027;0.0;0.0
27721;1095CA;1095CA;18;100.0;100.0;100;100;G4;1414;0.0;0.0
27723;1095CB;1095CB;22;100.0;100.0;100;100;G4;1044;0.0;4.55
27725;1095CC;1095CC;38;100.0;68.42;100;97;G4;1088;0.0;0.0
27727;1095CD;1095CD;21;100.0;42.86;100;100;G4;914;0.0;0.0
27729;1095CG;1095CH;44;100.0;72.73;100;95;G4;1087;0.0;0.0
27731;1095CJ;1095CJ;44;100.0;54.55;100;93;G4;1878;0.0;9.09
27733;1095CK;1095CK;46;100.0;63.04;100;96;G4;1531;0.0;0.0
27735;1095CL;1095CL;32;100.0;81.25;100;97;G4;957;0.0;0.0
27737;1095CM;1095CM;24;100.0;100.0;100;100;G4;750;0.0;0.0
27739;1095CN;1095CN;24;100.0;100.0;100;100;G4;702;0.0;0.0
27741;1095CP;1095CP;16;100.0;100.0;100;100;G4;809;0.0;0.0
27743;1095CR;1095CR;19;100.0;100.0;100;84;G4;3237;0.0;52.63
27745;1095CS;1095CS;14;100.0;100.0;100;86;G4;3950;0.0;0.0
27747;1095CV;1095CW;20;100.0;95.0;100;95;G4;1255;0.0;5.0
27749;1095CX;1095CX;23;100.0;100.0;100;100;G4;1249;0.0;0.0
27751;1095CZ;1095CZ;24;100.0;100.0;100;100;G4;977;0.0;0.0
27753;1095DA;1095DA;18;100.0;100.0;100;100;G4;1304;0.0;0.0
27755;1095DB;1095DB;32;100.0;100.0;100;100;G4;1007;0.0;0.0
27757;1095DC;1095DC;22;100.0;100.0;100;100;G4;1051;0.0;0.0
27759;1095DD;1095DD;20;100.0;95.0;100;95;G4;1946;0.0;5.0
27761;1095DE;1095DE;41;100.0;100.0;100;100;G4;1130;0.0;2.44
27763;1095DG;1095DJ;44;100.0;100.0;100;98;G4;1133;0.0;4.55
27765;1095DK;1095DK;30;100.0;100.0;100;100;G4;896;0.0;0.0
27767;1095DM;1095DM;19;100.0;100.0;100;100;G4;871;0.0;0.0
27769;1095DN;1095DN;26;100.0;96.15;100;96;G4;1051;0.0;0.0
27771;1095DP;1095DP;21;100.0;100.0;100;100;G4;996;0.0;0.0
27773;1095DR;1095DR;39;100.0;100.0;100;100;G4;907;0.0;0.0
27775;1095DS;1095DS;38;100.0;100.0;100;100;G4;967;0.0;2.63
27777;1095DT;1095DT;22;100.0;100.0;100;95;G4;928;0.0;0.0
27779;1095DV;1095DV;18;100.0;100.0;100;100;G4;1182;0.0;5.56
27781;1095DW;1095DW;47;100.0;97.87;100;98;G4;747;0.0;4.26
27783;1095DX;1095DX;44;100.0;100.0;100;100;G4;983;0.0;0.0
27785;1095EA;1095EA;19;100.0;100.0;100;100;G4;830;0.0;0.0
27786;1095EB;1095EC;24;100.0;100.0;100;96;G4;1394;0.0;0.0
27789;1095ED;1095ED;36;100.0;100.0;100;100;G4;996;0.0;2.78
27791;1095EE;1095EE;33;100.0;96.97;100;100;G4;464;0.0;0.0
27793;1095EG;1095EG;20;100.0;100.0;100;100;G4;1152;0.0;0.0
27795;1095EJ;1095EJ;19;100.0;100.0;100;100;G4;984;0.0;0.0
27797;1095EK;1095EK;24;100.0;100.0;100;100;G4;1389;0.0;0.0
27799;1095EL;1095EL;24;100.0;100.0;100;100;G4;1131;0.0;0.0
27801;1095EM;1095EM;24;100.0;100.0;100;100;G4;1018;0.0;0.0
27803;1095EN;1095EP;41;100.0;87.8;100;100;G4;715;0.0;14.63
27805;1095ER;1095ER;36;100.0;88.89;100;100;G4;744;0.0;8.33
27807;1095ES;1095ES;21;100.0;95.24;100;100;G4;1089;0.0;0.0
27809;1095ET;1095ET;15;100.0;100.0;100;93;G4;3165;0.0;0.0
27811;1095EV;1095EV;24;100.0;100.0;100;100;G4;924;0.0;0.0
27813;1095EW;1095EW;16;100.0;100.0;100;100;G4;1083;0.0;0.0
27815;1095EX;1095EZ;32;100.0;100.0;100;100;G4;994;0.0;34.38
27817;1095GA;1095GA;24;100.0;100.0;100;100;G4;1053;0.0;33.33
27819;1095GB;1095GB;43;100.0;100.0;100;100;G4;1147;0.0;2.33
27821;1095GC;1095GC;11;100.0;100.0;100;100;G4;1219;0.0;0.0
27823;1095GD;1095GD;30;100.0;60.0;100;63;G4;899;0.0;13.33
27825;1095GE;1095GE;29;100.0;72.41;100;76;G4;1094;0.0;13.79
27827;1095GG;1095GL;43;100.0;100.0;100;100;G4;1132;0.0;20.93
27831;1095GT;1095GV;47;100.0;100.0;100;100;G4;1157;0.0;0.0
27833;1095GW;1095GX;36;100.0;100.0;100;100;G4;1087;0.0;0.0
27835;1095GZ;1095GZ;40;100.0;60.0;100;68;G4;810;0.0;0.0
27837;1095HA;1095HA;22;100.0;27.27;100;64;G6;687;0.0;0.0
27839;1095HB;1095HC;45;100.0;100.0;100;100;G4;1007;0.0;0.0
27841;1095HG;1095HH;16;100.0;100.0;100;100;G4;829;0.0;0.0
27843;1095HK;1095HK;15;100.0;93.33;100;100;G4;1156;0.0;0.0
27845;1095HL;1095HL;32;100.0;100.0;100;100;G4;1003;0.0;0.0
27847;1095HM;1095HM;36;100.0;97.22;100;100;G4;954;0.0;0.0
27849;1095HN;1095HN;19;100.0;100.0;100;100;G4;826;0.0;0.0
27851;1095HP;1095HP;15;100.0;100.0;100;100;G4;1282;0.0;0.0
27853;1095HR;1095HR;36;100.0;100.0;100;100;G4;1123;0.0;0.0
27855;1095HS;1095HS;32;100.0;100.0;100;100;G4;890;0.0;0.0
27857;1095HT;1095HT;21;100.0;100.0;100;95;G4;977;0.0;0.0
27859;1095HV;1095HV;24;100.0;100.0;100;100;G4;1164;0.0;0.0
27861;1095HW;1095HW;35;100.0;100.0;100;97;G4;1199;0.0;2.86
27863;1095HX;1095HZ;43;100.0;88.37;100;91;G4;1188;0.0;20.93
27865;1095JA;1095JA;18;100.0;100.0;100;100;G4;963;0.0;0.0
27867;1095JB;1095JB;31;100.0;100.0;100;100;G4;1243;0.0;0.0
27869;1095JC;1095JC;26;100.0;100.0;100;96;G4;976;0.0;0.0
27871;1095JD;1095JD;28;100.0;100.0;100;100;G4;894;0.0;0.0
27873;1095JE;1095JE;24;100.0;100.0;100;96;G4;928;0.0;0.0
27875;1095JG;1095JG;23;100.0;100.0;100;100;G4;980;0.0;0.0
27877;1095JH;1095JH;33;100.0;100.0;100;97;G4;933;0.0;12.12
27879;1095JJ;1095JJ;26;100.0;100.0;100;100;G4;984;0.0;0.0
27881;1095JK;1095JK;36;100.0;97.22;100;97;G4;1001;0.0;52.78
27883;1095JL;1095JL;39;100.0;100.0;100;97;G4;1088;0.0;20.51
27885;1095JM;1095JM;10;100.0;100.0;100;100;G4;1173;0.0;10.0
27887;1095JN;1095JN;22;100.0;95.45;100;100;G4;972;0.0;0.0
27889;1095JP;1095JP;16;100.0;100.0;100;100;G4;1021;0.0;0.0
27891;1095JR;1095JR;15;100.0;93.33;100;100;G4;688;0.0;0.0
27893;1095JS;1095JS;28;100.0;100.0;100;96;G4;1220;0.0;0.0
27895;1095JT;1095JT;33;100.0;100.0;100;97;G4;907;0.0;0.0
27897;1095JV;1095JV;26;100.0;100.0;100;100;G4;1131;0.0;3.85
27899;1095JW;1095JW;22;100.0;100.0;100;100;G4;786;0.0;0.0
27901;1095JX;1095JX;24;100.0;100.0;100;100;G4;1175;0.0;0.0
27903;1095JZ;1095JZ;23;100.0;100.0;100;96;G4;1474;0.0;0.0
27905;1095KA;1095KA;27;100.0;100.0;100;100;G4;939;0.0;0.0
27907;1095KB;1095KB;18;100.0;100.0;100;100;G4;1321;0.0;5.56
27909;1095KC;1095KC;35;100.0;100.0;100;100;G4;1173;0.0;0.0
27911;1095KD;1095KD;27;100.0;100.0;100;100;G4;1011;0.0;0.0
27913;1095KE;1095KS;34;100.0;91.18;100;76;G4;3287;0.0;2.94
27920;1095KT;1095KT;20;100.0;100.0;100;100;G4;777;0.0;0.0
27922;1095KV;1095KV;26;100.0;100.0;100;100;G4;1025;0.0;0.0
27924;1095KW;1095LG;43;100.0;100.0;100;100;G4;858;0.0;4.65
27931;1095LH;1095LH;18;100.0;100.0;100;100;G4;962;0.0;5.56
27933;1095LJ;1095RZ;19;100.0;100.0;100;95;G4;1495;0.0;5.26
27936;1095SC;1095SC;17;100.0;100.0;100;100;G4;1191;0.0;0.0
27938;1095SE;1095SE;28;100.0;100.0;100;100;G4;1140;0.0;3.57
27940;1095SG;1095SG;20;100.0;100.0;100;100;G4;1264;0.0;0.0
27942;1095SH;1095SH;24;100.0;100.0;100;100;G4;850;0.0;0.0
27944;1095SJ;1095SJ;19;100.0;100.0;100;100;G4;868;0.0;0.0
27946;1095SK;1095SK;17;100.0;100.0;100;100;G4;795;0.0;0.0
27948;1095ST;1095ST;19;100.0;52.63;100;95;G4;1352;0.0;47.37
27950;1095SV;1095SV;11;100.0;100.0;100;82;G4;821;0.0;81.82
27952;1095SZ;1095SZ;39;100.0;82.05;100;100;G4;1023;0.0;20.51
27954;1095TA;1095TA;36;100.0;100.0;100;100;G4;642;0.0;2.78
27956;1095TD;1095TD;38;100.0;57.89;100;100;G4;1124;0.0;57.89
27958;1095TE;1095TE;69;100.0;62.32;100;100;G4;1644;0.0;59.42
27960;1095TG;1095TG;20;100.0;100.0;100;100;G4;1011;0.0;0.0
27962;1095TH;1095TH;75;100.0;85.33;100;100;G4;1054;0.0;1.33
27964;1095TJ;1095TJ;24;100.0;100.0;100;100;G4;1796;0.0;0.0
27966;1095TL;1095TL;36;100.0;100.0;100;100;G4;1099;0.0;2.78
27968;1095TM;1095TM;52;100.0;40.38;100;100;G4;1498;0.0;36.54
27970;1095TN;1095TN;33;100.0;39.39;100;97;G4;1157;0.0;39.39
27972;1095TP;1095TP;28;100.0;28.57;100;100;G4;1098;0.0;0.0
27974;1095TR;1095TR;19;100.0;21.05;100;100;G4;1252;0.0;0.0
27976;1095TS;1095TS;28;100.0;100.0;100;100;G4;1081;0.0;0.0
27978;1095TT;1095TT;28;100.0;100.0;100;100;G4;865;0.0;0.0
27980;1095TV;1095TV;25;100.0;52.0;100;100;G4;1191;0.0;0.0
27982;1095VA;1095VA;33;100.0;66.67;100;94;G4;1403;0.0;33.33
27984;1095VB;1095VB;17;100.0;82.35;100;100;G4;1285;0.0;23.53
27986;1095VC;1095VC;23;100.0;100.0;100;100;G4;1009;0.0;0.0
27988;1095VD;1095VE;44;100.0;47.73;100;100;G4;963;0.0;27.27
27990;1095VG;1095VJ;38;100.0;97.37;100;100;G4;1025;0.0;0.0
27992;1095VK;1095VM;30;100.0;100.0;100;100;G4;733;0.0;0.0
27995;1095VN;1095VP;48;100.0;100.0;100;100;G4;990;0.0;29.17
27997;1095VR;1095VS;33;100.0;100.0;100;100;G4;882;0.0;0.0
27999;1095VT;1095VT;15;100.0;93.33;100;100;G4;1137;0.0;0.0
28001;1095VV;1095VV;45;100.0;100.0;100;100;G4;926;0.0;0.0
28003;1095VW;1095VW;14;100.0;100.0;100;100;G4;1577;0.0;0.0
28005;1095VX;1095VX;24;100.0;100.0;100;100;G4;916;0.0;0.0
28007;1095VZ;1095VZ;29;100.0;100.0;100;100;G4;929;0.0;20.69
28009;1095WB;1095WB;21;100.0;100.0;100;100;G4;858;0.0;47.62
28011;1095WE;1095WE;24;100.0;100.0;100;100;G4;861;0.0;37.5
28013;1095WG;1095WG;14;100.0;100.0;100;100;G4;1065;0.0;0.0
28015;1095WH;1095WH;20;100.0;100.0;100;100;G4;905;0.0;0.0
28017;1095WJ;1095XA;19;100.0;100.0;100;100;G4;942;0.0;47.37
28020;1095XB;1095XB;26;100.0;100.0;100;100;G4;972;0.0;0.0
28022;1095XC;1095XC;31;100.0;100.0;100;100;G4;1040;0.0;45.16
28024;1095XD;1095XD;16;100.0;6.25;100;94;G4;961;0.0;0.0
28026;1095XE;1095XE;20;100.0;100.0;100;100;G4;1127;0.0;10.0
28028;1095XG;1095XG;17;100.0;100.0;100;100;G4;872;0.0;0.0
28030;1095XH;1095XH;37;100.0;45.95;100;100;G4;1096;0.0;45.95
28032;1095XJ;1095XJ;25;100.0;68.0;100;100;G4;1038;0.0;28.0
28034;1095XL;1095XL;34;100.0;94.12;100;94;G4;941;0.0;0.0
28036;1095XM;1095XM;22;100.0;100.0;100;100;G4;1340;0.0;0.0
28038;1095XN;1095XN;32;100.0;100.0;100;100;G4;962;0.0;0.0
28040;1095XP;1095XR;45;100.0;97.78;100;100;G4;889;0.0;0.0
28042;1095XS;1095XS;20;100.0;25.0;100;95;G4;1018;0.0;25.0
28044;1095XT;1095XT;34;100.0;67.65;100;100;G4;1166;0.0;14.71
28046;1095XV;1095XW;18;100.0;100.0;100;100;G4;980;0.0;0.0
28048;1095XX;1095XX;21;100.0;95.24;100;95;G4;947;0.0;0.0
28050;1095XZ;1095XZ;23;100.0;100.0;100;100;G4;934;0.0;0.0
28052;1095ZA;1095ZA;31;100.0;100.0;100;100;G4;1031;0.0;0.0
28055;1096AB;1096AB;20;100.0;90.0;100;100;G4;2001;0.0;5.0
28057;1096AC;1096AK;77;100.0;80.52;100;49;G4;6349;0.0;2.6
28061;1096AL;1096AL;13;100.0;92.31;100;38;G4;5204;0.0;7.69
28063;1096AM;1096AN;43;100.0;93.02;100;81;G4;4011;0.0;2.33
28065;1096AP;1096BA;51;100.0;80.39;100;41;G4;9702;0.0;0.0
28067;1096BC;1096BH;18;100.0;83.33;100;33;G16;5616;0.0;11.11
28069;1096BK;1096BP;33;100.0;87.88;100;73;G4;7124;0.0;3.03
28071;1096CJ;1096CL;16;100.0;100.0;100;88;G4;3746;0.0;6.25
28074;1096CN;1096CN;16;100.0;93.75;100;81;G4;3735;0.0;0.0
28076;1096CR;1096CS;21;100.0;100.0;100;100;G4;2057;0.0;9.52
28080;1096HA;1097AA;21;100.0;57.14;100;38;G4;2495;0.0;4.76
28094;1097AB;1097AB;32;100.0;100.0;100;97;G4;1025;0.0;0.0
28096;1097AC;1097AC;17;100.0;88.24;100;82;G4;2312;0.0;0.0
28098;1097AD;1097AD;16;100.0;93.75;100;81;G4;1441;0.0;6.25
28100;1097AE;1097AE;11;100.0;90.91;100;91;G4;2055;0.0;18.18
28102;1097AG;1097AH;29;100.0;100.0;100;93;G4;2359;0.0;6.9
28104;1097AJ;1097AJ;29;100.0;100.0;100;100;G4;920;0.0;3.45
28106;1097AK;1097AK;16;100.0;100.0;100;81;G4;1521;0.0;0.0
28108;1097AL;1097AL;35;100.0;97.14;100;94;G4;1269;0.0;2.86
28110;1097AM;1097AM;19;100.0;89.47;100;89;G4;2043;0.0;0.0
28112;1097AN;1097AN;34;100.0;97.06;100;97;G4;1528;0.0;14.71
28114;1097AP;1097AP;12;100.0;100.0;100;83;G4;1188;0.0;0.0
28116;1097AR;1097AR;33;100.0;96.97;100;88;G4;1523;0.0;0.0
28118;1097AS;1097AS;20;100.0;95.0;100;100;G4;1057;0.0;0.0
28120;1097AT;1097AT;24;100.0;95.83;100;100;G4;880;0.0;0.0
28122;1097AV;1097AV;24;100.0;100.0;100;100;G4;680;0.0;0.0
28124;1097AW;1097AW;17;100.0;100.0;100;100;G4;601;0.0;0.0
28126;1097AX;1097AX;16;100.0;100.0;100;88;G4;855;0.0;0.0
28128;1097AZ;1097AZ;16;100.0;100.0;100;94;G4;823;0.0;0.0
28130;1097BA;1097BA;17;100.0;94.12;100;94;G4;1441;0.0;5.88
28132;1097BB;1097BD;26;100.0;88.46;100;96;G4;543;0.0;0.0
28136;1097BE;1097BE;24;100.0;95.83;100;100;G4;82;0.0;0.0
28138;1097BG;1097BG;24;100.0;100.0;100;100;G4;19;0.0;4.17
28140;1097BH;1097BH;30;100.0;96.67;100;100;G4;24;0.0;0.0
28142;1097BJ;1097BJ;23;100.0;100.0;100;100;G4;19;0.0;0.0
28144;1097BK;1097BK;24;100.0;100.0;100;100;G4;20;0.0;0.0
28146;1097BL;1097BL;19;100.0;100.0;100;100;G4;23;0.0;0.0
28148;1097BM;1097BM;16;100.0;100.0;100;69;G4;2954;0.0;0.0
28150;1097BN;1097BN;17;100.0;94.12;100;88;G4;1229;0.0;0.0
28152;1097BP;1097BP;17;100.0;100.0;100;82;G4;869;0.0;0.0
28154;1097BR;1097BR;19;100.0;94.74;100;74;G4;1608;0.0;0.0
28156;1097BS;1097BS;17;100.0;100.0;100;59;G6;3825;0.0;0.0
28158;1097BT;1097BT;17;100.0;100.0;100;53;G6;3127;0.0;23.53
28160;1097BV;1097BV;13;100.0;92.31;100;46;G6;3630;0.0;0.0
28162;1097BW;1097BW;15;100.0;100.0;100;93;G4;1577;0.0;13.33
28164;1097BX;1097BX;26;100.0;73.08;100;96;G4;1611;0.0;7.69
28166;1097BZ;1097BZ;26;100.0;96.15;100;92;G4;1261;0.0;0.0
28168;1097CA;1097CA;13;100.0;100.0;100;77;G4;4517;0.0;0.0
28170;1097CB;1097CB;28;100.0;100.0;100;96;G4;1202;0.0;7.14
28172;1097CC;1097CC;22;100.0;86.36;100;95;G4;1229;0.0;0.0
28174;1097CD;1097CD;18;100.0;94.44;100;94;G4;1720;0.0;0.0
28176;1097CE;1097CE;35;100.0;94.29;100;91;G4;1309;0.0;8.57
28178;1097CG;1097CG;20;100.0;30.0;100;100;G4;1653;0.0;0.0
28180;1097CH;1097CH;26;100.0;96.15;100;73;G4;1327;0.0;15.38
28182;1097CJ;1097CJ;26;100.0;100.0;100;88;G4;1322;0.0;19.23
28184;1097CK;1097CK;20;100.0;95.0;100;65;G4;1765;0.0;15.0
28186;1097CL;1097CL;21;100.0;95.24;100;81;G4;1646;0.0;0.0
28188;1097CM;1097CM;21;100.0;100.0;100;76;G4;1525;0.0;0.0
28190;1097CN;1097CN;33;100.0;90.91;100;85;G4;1655;0.0;9.09
28192;1097CP;1097CP;19;100.0;100.0;100;100;G4;1144;0.0;5.26
28194;1097CR;1097CR;63;100.0;79.37;100;97;G4;388;0.0;4.76
28196;1097CS;1097CS;24;100.0;100.0;100;100;G4;1652;0.0;4.17
28198;1097CT;1097CT;31;100.0;96.77;100;87;G4;1605;0.0;0.0
28200;1097CV;1097CV;18;100.0;100.0;100;89;G4;1149;0.0;5.56
28202;1097CW;1097CW;25;100.0;96.0;100;100;G4;1235;0.0;0.0
28204;1097CX;1097CX;12;100.0;100.0;100;92;G4;1898;0.0;0.0
28206;1097CZ;1097CZ;12;100.0;100.0;100;100;G4;1410;0.0;0.0
28208;1097DA;1097DA;12;100.0;100.0;100;100;G4;1506;0.0;0.0
28210;1097DB;1097DB;12;100.0;100.0;100;100;G4;1527;0.0;0.0
28212;1097DC;1097DC;12;100.0;100.0;100;92;G4;1582;0.0;0.0
28214;1097DD;1097DD;12;100.0;100.0;100;92;G4;1544;0.0;0.0
28216;1097DE;1097DG;19;100.0;100.0;100;53;G4;3787;0.0;0.0
28219;1097DH;1097DH;20;100.0;100.0;100;55;G6;1026;0.0;0.0
28221;1097DJ;1097DJ;12;100.0;100.0;100;92;G4;1624;0.0;0.0
28223;1097DK;1097DK;16;100.0;100.0;100;100;G4;1731;0.0;0.0
28225;1097DL;1097DM;21;100.0;95.24;100;62;G4;4126;0.0;0.0
28228;1097DN;1097DP;17;100.0;100.0;100;88;G4;1678;0.0;0.0
28231;1097DR;1097DR;16;100.0;100.0;100;100;G4;1370;0.0;0.0
28233;1097DS;1097DS;13;100.0;100.0;100;92;G4;2022;0.0;7.69
28235;1097DT;1097DT;20;100.0;95.0;100;100;G4;906;0.0;0.0
28237;1097DV;1097DV;18;100.0;100.0;100;100;G4;766;0.0;0.0
28239;1097DW;1097DW;18;100.0;100.0;100;100;G4;717;0.0;0.0
28241;1097DZ;1097EB;25;100.0;100.0;100;84;G4;2750;0.0;0.0
28243;1097EC;1097EE;26;100.0;100.0;100;85;G4;2832;0.0;15.38
28246;1097EG;1097EG;17;100.0;100.0;100;100;G4;1014;0.0;0.0
28248;1097EH;1097EH;14;100.0;100.0;100;93;G4;1475;0.0;100.0
28250;1097EJ;1097EJ;18;100.0;100.0;100;100;G4;971;0.0;88.89
28252;1097EK;1097EK;18;100.0;94.44;100;100;G4;796;0.0;33.33
28254;1097EL;1097EL;16;100.0;100.0;100;69;G4;2216;0.0;12.5
28256;1097EM;1097EM;18;100.0;66.67;100;89;G4;796;0.0;55.56
28258;1097EN;1097EN;17;100.0;94.12;100;100;G4;1125;0.0;94.12
28260;1097EP;1097EP;15;100.0;93.33;100;80;G4;1905;0.0;6.67
28262;1097ER;1097ER;17;100.0;100.0;100;71;G6;2176;0.0;17.65
28264;1097ES;1097ES;22;100.0;95.45;100;86;G4;1522;0.0;4.55
28266;1097ET;1097ET;22;100.0;100.0;100;95;G4;803;0.0;0.0
28268;1097EV;1097EV;21;100.0;95.24;100;67;G4;3125;0.0;14.29
28270;1097EW;1097EW;25;100.0;100.0;100;52;G6;2410;0.0;48.0
28272;1097EX;1097EX;12;100.0;100.0;100;75;G6;2274;0.0;58.33
28274;1097EZ;1097EZ;14;100.0;100.0;100;57;G6;2900;0.0;100.0
28276;1097GA;1097GA;11;100.0;100.0;100;55;G4;4490;0.0;9.09
28278;1097GB;1097GB;20;100.0;100.0;100;90;G4;1461;0.0;30.0
28280;1097GC;1097GC;22;100.0;90.91;100;82;G4;1740;0.0;36.36
28282;1097GD;1097GD;21;100.0;100.0;100;76;G4;2056;0.0;57.14
28284;1097GE;1097GE;15;100.0;100.0;100;73;G4;2078;0.0;60.0
28286;1097GG;1097GH;26;100.0;84.62;100;85;G4;2215;0.0;80.77
28289;1097GJ;1097GJ;18;100.0;100.0;100;94;G4;1051;0.0;100.0
28291;1097GK;1097GK;12;100.0;100.0;100;58;G4;1593;0.0;75.0
28293;1097GL;1097GM;18;100.0;5.56;100;89;G4;1443;0.0;0.0
28295;1097GN;1097GN;18;100.0;100.0;100;100;G4;1010;0.0;100.0
28297;1097GP;1097GP;18;100.0;100.0;100;72;G4;881;0.0;100.0
28299;1097GR;1097GR;15;100.0;93.33;100;100;G4;1257;0.0;100.0
28301;1097GS;1097GS;15;100.0;100.0;100;87;G4;1071;0.0;40.0
28303;1097GT;1097GT;15;100.0;100.0;100;100;G4;974;0.0;80.0
28305;1097GV;1097GV;18;100.0;100.0;100;94;G4;1083;0.0;83.33
28307;1097GW;1097GW;18;100.0;100.0;100;89;G4;1090;0.0;100.0
28309;1097GX;1097GX;18;100.0;100.0;100;94;G4;1022;0.0;100.0
28311;1097GZ;1097GZ;12;100.0;100.0;100;100;G4;1238;0.0;100.0
28313;1097HA;1097HA;15;100.0;80.0;100;100;G4;1095;0.0;60.0
28315;1097HB;1097HB;21;100.0;100.0;100;100;G4;928;0.0;85.71
28317;1097HC;1097HC;18;100.0;100.0;100;100;G4;1171;0.0;100.0
28319;1097HD;1097HD;15;100.0;100.0;100;100;G4;1035;0.0;93.33
28321;1097HE;1097HE;18;100.0;100.0;100;100;G4;992;0.0;100.0
28323;1097HG;1097HG;15;100.0;100.0;100;100;G4;1104;0.0;100.0
28325;1097HH;1097HH;18;100.0;100.0;100;100;G4;931;0.0;94.44
28327;1097HJ;1097HJ;15;100.0;100.0;100;93;G4;1238;0.0;93.33
28329;1097HK;1097HL;53;100.0;100.0;100;85;G4;3834;0.0;3.77
28332;1097HM;1097HM;40;100.0;100.0;100;100;G4;920;0.0;2.5
28334;1097HN;1097HN;28;100.0;100.0;100;100;G4;1210;0.0;0.0
28336;1097HP;1097HP;35;100.0;100.0;100;100;G4;1121;0.0;0.0
28338;1097HR;1097HR;30;100.0;100.0;100;100;G4;832;0.0;0.0
28340;1097HS;1097HS;32;100.0;100.0;100;100;G4;884;0.0;53.13
28342;1097HT;1097HT;32;100.0;100.0;100;100;G4;899;0.0;0.0
28344;1097HW;1097HW;38;100.0;100.0;100;100;G4;802;0.0;0.0
28346;1097HX;1097HX;45;100.0;100.0;100;100;G4;914;0.0;0.0
28348;1097HZ;1097HZ;20;100.0;100.0;100;100;G4;1225;0.0;10.0
28350;1097JA;1097JD;27;100.0;100.0;100;100;G4;1027;0.0;66.67
28352;1097JE;1097JE;53;100.0;100.0;100;100;G4;853;0.0;1.89
28354;1097JG;1097JG;20;100.0;100.0;100;100;G4;1210;0.0;10.0
28356;1097JV;1097JV;17;100.0;100.0;100;100;G4;907;0.0;0.0
28358;1097JW;1097JW;17;100.0;100.0;100;100;G4;1060;0.0;76.47
28360;1097JX;1097JX;18;100.0;100.0;100;100;G4;735;0.0;0.0
28362;1097JZ;1097KA;17;100.0;88.24;100;100;G4;1076;0.0;0.0
28364;1097KB;1097KB;18;100.0;100.0;100;100;G4;948;0.0;5.56
28366;1097KC;1097KC;17;100.0;100.0;100;100;G4;1014;0.0;88.24
28368;1097KD;1097KD;21;100.0;95.24;100;90;G4;2325;0.0;0.0
28370;1097KE;1097KE;17;100.0;94.12;100;100;G4;967;0.0;76.47
28372;1097KG;1097KG;18;100.0;100.0;100;100;G4;946;0.0;94.44
28374;1097KH;1097KH;20;100.0;100.0;100;100;G4;1079;0.0;0.0
28376;1097KJ;1097KJ;14;100.0;100.0;100;86;G4;2768;0.0;64.29
28378;1097KK;1097KK;12;100.0;100.0;100;100;G4;847;0.0;0.0
28380;1097KL;1097KL;18;100.0;100.0;100;100;G4;1060;0.0;0.0
28382;1097KM;1097KM;19;100.0;100.0;100;100;G4;879;0.0;89.47
28384;1097KN;1097KN;19;100.0;100.0;100;100;G4;874;0.0;100.0
28386;1097KP;1097KP;17;100.0;100.0;100;100;G4;1063;0.0;94.12
28388;1097KR;1097KR;18;100.0;100.0;100;94;G4;1032;0.0;100.0
28390;1097KS;1097KS;19;100.0;100.0;100;100;G4;971;0.0;94.74
28392;1097KT;1097KT;20;100.0;100.0;100;100;G4;915;0.0;85.0
28394;1097KV;1097KV;17;100.0;100.0;100;100;G4;974;0.0;5.88
28396;1097KW;1097KW;18;100.0;100.0;100;100;G4;947;0.0;0.0
28398;1097KX;1097KX;19;100.0;100.0;100;100;G4;885;0.0;89.47
28400;1097KZ;1097KZ;20;100.0;100.0;100;95;G4;999;0.0;95.0
28402;1097LA;1097LA;20;100.0;90.0;100;85;G4;900;0.0;80.0
28404;1097LB;1097LB;20;100.0;100.0;100;100;G4;796;0.0;80.0
28406;1097LC;1097LC;30;100.0;100.0;100;100;G4;872;0.0;43.33
28408;1097LD;1097LD;22;100.0;100.0;100;100;G4;925;0.0;81.82
28410;1097LE;1097LE;24;100.0;95.83;100;96;G4;981;0.0;87.5
28412;1097LG;1097LG;16;100.0;100.0;100;88;G4;788;0.0;56.25
28414;1097LH;1097LH;15;100.0;93.33;100;100;G4;1112;0.0;0.0
28416;1097LJ;1097LJ;18;100.0;94.44;100;100;G4;1043;0.0;88.89
28418;1097LK;1097LK;22;100.0;100.0;100;100;G4;1160;0.0;90.91
28420;1097LL;1097LL;17;100.0;82.35;100;100;G4;1095;0.0;76.47
28422;1097LM;1097LM;15;100.0;100.0;100;100;G4;1006;0.0;100.0
28424;1097LN;1097LN;24;100.0;100.0;100;96;G4;1077;0.0;0.0
28426;1097LP;1097LP;24;100.0;95.83;100;92;G4;1176;0.0;0.0
28428;1097LR;1097LR;24;100.0;100.0;100;100;G4;1088;0.0;0.0
28430;1097LS;1097LS;16;100.0;100.0;100;100;G4;1370;0.0;0.0
28432;1097LT;1097LT;20;100.0;100.0;100;100;G4;1081;0.0;0.0
28434;1097LV;1097LV;24;100.0;100.0;100;96;G4;986;0.0;0.0
28436;1097LW;1097LW;24;100.0;100.0;100;96;G4;866;0.0;0.0
28438;1097LX;1097LX;21;100.0;100.0;100;100;G4;1000;0.0;0.0
28440;1097MB;1097MB;20;100.0;100.0;100;95;G4;1260;0.0;0.0
28442;1097MC;1097MC;16;100.0;100.0;100;94;G4;1082;0.0;0.0
28444;1097MD;1097MD;26;100.0;100.0;100;92;G4;1238;0.0;3.85
28446;1097ME;1097ME;15;100.0;100.0;100;93;G4;1287;0.0;0.0
28448;1097MG;1097MG;14;100.0;100.0;100;100;G4;1424;0.0;7.14
28450;1097MH;1097MH;18;100.0;100.0;100;100;G4;1260;0.0;5.56
28452;1097MJ;1097MJ;18;100.0;94.44;100;100;G4;1247;0.0;0.0
28454;1097MK;1097MK;18;100.0;100.0;100;100;G4;1291;0.0;0.0
28456;1097ML;1097ML;15;100.0;100.0;100;100;G4;1290;0.0;0.0
28458;1097MN;1097MN;19;100.0;100.0;100;100;G4;1274;0.0;0.0
28460;1097MP;1097MP;14;100.0;100.0;100;100;G4;1310;0.0;0.0
28462;1097MR;1097MR;13;100.0;100.0;100;100;G4;2169;0.0;0.0
28464;1097MS;1097MS;25;100.0;96.0;100;100;G4;1118;0.0;16.0
28466;1097MT;1097MV;21;100.0;100.0;100;100;G4;1245;0.0;4.76
28468;1097MX;1097MX;20;100.0;100.0;100;100;G4;1187;0.0;5.0
28470;1097MZ;1097MZ;20;100.0;100.0;100;100;G4;1289;0.0;0.0
28472;1097NA;1097NA;18;100.0;100.0;100;100;G4;1250;0.0;0.0
28474;1097NB;1097NB;18;100.0;100.0;100;100;G4;1239;0.0;0.0
28476;1097NC;1097NC;13;100.0;100.0;100;100;G4;1366;0.0;0.0
28478;1097ND;1097NE;28;100.0;100.0;100;100;G4;1182;0.0;0.0
28480;1097NG;1097NG;17;100.0;100.0;100;100;G4;1345;0.0;0.0
28482;1097NH;1097NH;12;100.0;100.0;100;100;G4;1232;0.0;0.0
28484;1097NJ;1097NJ;16;100.0;100.0;100;100;G4;1460;0.0;0.0
28486;1097NK;1097NK;21;100.0;100.0;100;95;G4;1029;0.0;0.0
28488;1097NL;1097NL;10;100.0;100.0;100;90;G4;1815;0.0;0.0
28490;1097NM;1097NN;26;100.0;100.0;100;96;G4;1035;0.0;0.0
28492;1097NP;1097NP;18;100.0;100.0;100;100;G4;1017;0.0;0.0
28494;1097NR;1097NR;30;100.0;96.67;100;97;G4;1064;0.0;0.0
28496;1097NS;1097NS;16;100.0;100.0;100;94;G4;1274;0.0;0.0
28498;1097NT;1097NT;19;100.0;100.0;100;100;G4;1017;0.0;0.0
28500;1097NV;1097NV;24;100.0;91.67;100;100;G4;1064;0.0;4.17
28502;1097NX;1097NX;22;100.0;100.0;100;95;G4;1334;0.0;0.0
28504;1097NZ;1097PA;22;100.0;95.45;100;86;G4;1767;0.0;18.18
28506;1097PB;1097PC;15;100.0;93.33;100;93;G4;1638;0.0;0.0
28508;1097PD;1097PD;19;100.0;89.47;100;95;G4;1388;0.0;0.0
28510;1097PE;1097PE;12;100.0;91.67;100;92;G4;2929;0.0;25.0
28512;1097PG;1097PH;21;100.0;95.24;100;95;G4;1521;0.0;4.76
28514;1097PJ;1097PJ;11;100.0;90.91;100;91;G4;1886;0.0;18.18
28516;1097PK;1097PK;17;100.0;100.0;100;94;G4;1419;0.0;0.0
28518;1097PL;1097PL;10;100.0;100.0;100;90;G4;1564;0.0;0.0
28520;1097PM;1097PM;15;100.0;100.0;100;100;G4;1418;0.0;53.33
28522;1097PN;1097PN;25;100.0;100.0;100;92;G4;1233;0.0;4.0
28524;1097PP;1097PR;23;100.0;95.65;100;78;G4;2042;0.0;4.35
28526;1097PS;1097PS;11;100.0;100.0;100;64;G4;1757;0.0;9.09
28528;1097PT;1097PT;14;100.0;100.0;100;86;G4;1433;0.0;0.0
28530;1097PV;1097PV;20;100.0;100.0;100;100;G4;1054;0.0;0.0
28532;1097PW;1097PW;28;100.0;100.0;100;100;G4;1042;0.0;0.0
28534;1097PX;1097PZ;25;100.0;96.0;100;96;G4;1512;0.0;8.0
28537;1097RA;1097RA;16;100.0;100.0;100;100;G4;1356;0.0;0.0
28539;1097RB;1097RC;21;100.0;95.24;100;90;G4;3000;0.0;0.0
28542;1097RD;1097RD;14;100.0;92.86;100;100;G4;1456;0.0;0.0
28544;1097RE;1097RE;25;100.0;80.0;100;92;G4;1228;0.0;4.0
28546;1097RG;1097RG;13;100.0;100.0;100;100;G4;1697;0.0;0.0
28548;1097RH;1097RH;20;100.0;100.0;100;100;G4;1332;0.0;0.0
28550;1097RJ;1097RJ;18;100.0;100.0;100;100;G4;1170;0.0;0.0
28552;1097RK;1097RK;20;100.0;100.0;100;100;G4;1213;0.0;0.0
28554;1097RL;1097RL;17;100.0;100.0;100;100;G4;1200;0.0;0.0
28556;1097RM;1097RM;17;100.0;100.0;100;100;G4;1473;0.0;0.0
28558;1097RN;1097RN;15;100.0;100.0;100;100;G4;1933;0.0;0.0
28560;1097RP;1097RP;17;100.0;100.0;100;88;G4;3571;0.0;0.0
28562;1097RR;1097RR;18;100.0;100.0;100;100;G4;1614;0.0;0.0
28564;1097RS;1097RS;18;100.0;100.0;100;100;G4;1409;0.0;0.0
28566;1097RT;1097RT;15;100.0;100.0;100;100;G4;1304;0.0;0.0
28568;1097RV;1097RV;17;100.0;100.0;100;100;G4;1168;0.0;0.0
28570;1097RW;1097RW;16;100.0;100.0;100;100;G4;1007;0.0;0.0
28572;1097RX;1097RX;13;100.0;100.0;100;92;G4;1091;0.0;0.0
28574;1097RZ;1097RZ;20;100.0;100.0;100;95;G4;1206;0.0;0.0
28576;1097SB;1097SB;20;100.0;95.0;100;100;G4;1462;0.0;0.0
28578;1097SC;1097SC;51;100.0;98.04;100;94;G4;1578;0.0;31.37
28580;1097SE;1097SE;21;100.0;100.0;100;100;G4;1068;0.0;0.0
28582;1097SG;1097SG;18;100.0;100.0;100;100;G4;1571;0.0;0.0
28584;1097SH;1097SH;16;100.0;100.0;100;100;G4;1320;0.0;0.0
28586;1097SJ;1097SJ;11;100.0;100.0;100;100;G4;1202;0.0;0.0
28588;1097SK;1097SK;12;100.0;100.0;100;92;G4;1166;0.0;0.0
28590;1097SL;1097SL;12;100.0;100.0;100;100;G4;725;0.0;0.0
28592;1097SM;1097SM;10;100.0;90.0;100;60;G4;4761;0.0;30.0
28594;1097SN;1097SN;19;100.0;100.0;100;100;G4;1250;0.0;73.68
28596;1097SP;1097SP;23;100.0;100.0;100;100;G4;1198;0.0;69.57
28598;1097SR;1097SR;22;100.0;100.0;100;95;G4;1608;0.0;81.82
28600;1097ST;1097ST;27;100.0;100.0;100;93;G4;1899;0.0;62.96
28602;1097SV;1097SV;12;100.0;100.0;100;100;G4;1088;0.0;83.33
28604;1097SW;1097SW;15;100.0;100.0;100;100;G4;1282;0.0;0.0
28606;1097SX;1097SX;17;100.0;94.12;100;94;G4;1188;0.0;52.94
28608;1097SZ;1097SZ;16;100.0;93.75;100;100;G4;1142;0.0;0.0
28610;1097TA;1097TA;20;100.0;100.0;100;100;G4;954;0.0;85.0
28612;1097TB;1097TB;17;100.0;100.0;100;100;G4;919;0.0;82.35
28614;1097TC;1097TC;19;100.0;100.0;100;100;G4;834;0.0;78.95
28616;1097TD;1097TD;18;100.0;100.0;100;100;G4;681;0.0;55.56
28618;1097TE;1097TE;22;100.0;100.0;100;100;G4;834;0.0;4.55
28620;1097TG;1097TG;20;100.0;100.0;100;100;G4;1349;0.0;55.0
28622;1097TH;1097TH;18;100.0;100.0;100;100;G4;904;0.0;94.44
28624;1097TJ;1097TJ;20;100.0;100.0;100;100;G4;1022;0.0;80.0
28626;1097TK;1097TK;26;100.0;100.0;100;100;G4;1137;0.0;0.0
28628;1097TL;1097TL;21;100.0;100.0;100;100;G4;1183;0.0;28.57
28630;1097TM;1097TM;12;100.0;100.0;100;100;G4;1523;0.0;16.67
28632;1097TN;1097TN;18;100.0;100.0;100;100;G4;1095;0.0;0.0
28634;1097TP;1097TP;19;100.0;100.0;100;100;G4;1252;0.0;0.0
28636;1097TR;1097TR;19;100.0;100.0;100;100;G4;1169;0.0;42.11
28638;1097TS;1097TS;20;100.0;90.0;100;100;G4;1023;0.0;5.0
28640;1097TT;1097TT;21;100.0;100.0;100;95;G4;1157;0.0;0.0
28642;1097TV;1097TV;20;100.0;100.0;100;100;G4;1033;0.0;5.0
28644;1097TW;1097TW;15;100.0;100.0;100;87;G4;1611;0.0;26.67
28646;1097TX;1097TX;12;100.0;100.0;100;100;G4;1194;0.0;0.0
28648;1097TZ;1097TZ;18;100.0;100.0;100;78;G4;2370;0.0;50.0
28650;1097VA;1097VA;26;100.0;100.0;100;96;G4;1496;0.0;76.92
28652;1097VB;1097VB;13;100.0;92.31;100;100;G4;1223;0.0;23.08
28654;1097VC;1097VC;16;100.0;93.75;100;94;G4;1116;0.0;43.75
28656;1097VD;1097VD;26;100.0;100.0;100;100;G4;1220;0.0;34.62
28658;1097VE;1097VE;26;100.0;100.0;100;100;G4;1719;0.0;26.92
28660;1097VG;1097VG;12;100.0;100.0;100;100;G4;1131;0.0;100.0
28662;1097VH;1097VH;24;100.0;100.0;100;100;G4;1123;0.0;37.5
28664;1097VJ;1097VJ;20;100.0;100.0;100;100;G4;1207;0.0;70.0
28666;1097VK;1097VK;20;100.0;100.0;100;100;G4;1278;0.0;40.0
28668;1097VL;1097VL;12;100.0;100.0;100;100;G4;1173;0.0;66.67
28670;1097VM;1097VM;22;100.0;100.0;100;100;G4;1287;0.0;86.36
28672;1097VN;1097VN;22;100.0;100.0;100;100;G4;1314;0.0;0.0
28674;1097VP;1097VP;17;100.0;100.0;100;100;G4;1249;0.0;5.88
28676;1097VR;1097VR;22;100.0;100.0;100;100;G4;1430;0.0;0.0
28678;1097VS;1097VS;20;100.0;100.0;100;100;G4;1399;0.0;0.0
28680;1097VT;1097VT;18;100.0;100.0;100;100;G4;1359;0.0;0.0
28682;1097VV;1097VV;14;100.0;100.0;100;100;G4;1180;0.0;0.0
28684;1097VW;1097VW;25;100.0;100.0;100;100;G4;1226;0.0;28.0
28686;1097VX;1097VX;15;100.0;100.0;100;100;G4;1419;0.0;73.33
28688;1097VZ;1097VZ;25;100.0;100.0;100;100;G4;1401;0.0;88.0
28690;1097WB;1097WB;15;100.0;100.0;100;100;G4;1334;0.0;73.33
28692;1097WC;1097WC;19;100.0;100.0;100;100;G4;1345;0.0;89.47
28694;1097WD;1097WD;28;100.0;100.0;100;100;G4;1662;0.0;53.57
28696;1097WE;1097WE;25;100.0;100.0;100;100;G4;1312;0.0;36.0
28698;1097WG;1097WG;13;100.0;100.0;100;100;G4;2166;0.0;30.77
28700;1097WH;1097WH;21;100.0;100.0;100;100;G4;1466;0.0;61.9
28702;1097WJ;1097WJ;22;100.0;100.0;100;100;G4;1012;0.0;59.09
28704;1097WK;1097WK;12;100.0;100.0;100;100;G4;1319;0.0;0.0
28706;1097WL;1097WL;24;100.0;100.0;100;100;G4;1303;0.0;0.0
28708;1097WN;1097WN;21;100.0;100.0;100;100;G4;1181;0.0;9.52
28710;1097WP;1097WP;21;100.0;100.0;100;100;G4;1271;0.0;4.76
28712;1097WR;1097WR;21;100.0;100.0;100;100;G4;1282;0.0;0.0
28714;1097WS;1097WS;11;100.0;100.0;100;100;G4;1193;0.0;0.0
28716;1097WT;1097WT;22;100.0;100.0;100;100;G4;887;0.0;59.09
28718;1097WV;1097WV;23;100.0;100.0;100;100;G4;1353;0.0;0.0
28720;1097WX;1097WX;20;100.0;100.0;100;100;G4;1519;0.0;0.0
28722;1097WZ;1097WZ;20;100.0;100.0;100;100;G4;1049;0.0;0.0
28724;1097XA;1097XA;23;100.0;100.0;100;100;G4;1084;0.0;0.0
28726;1097XB;1097XB;22;100.0;100.0;100;100;G4;1000;0.0;59.09
28728;1097XC;1097XC;12;100.0;100.0;100;100;G4;1404;0.0;8.33
28730;1097XD;1097XD;11;100.0;90.91;100;64;G4;1979;0.0;0.0
28732;1097XE;1097XE;16;100.0;100.0;100;100;G4;967;0.0;0.0
28734;1097XG;1097XG;18;100.0;100.0;100;100;G4;1259;0.0;0.0
28736;1097XH;1097XH;12;100.0;100.0;100;100;G4;790;0.0;8.33
28738;1097XJ;1097XJ;22;100.0;100.0;100;100;G4;1080;0.0;0.0
28740;1097XK;1097XK;16;100.0;100.0;100;100;G4;1372;0.0;81.25
28742;1097XL;1097XL;13;100.0;100.0;100;100;G4;736;0.0;92.31
28744;1097XM;1097XM;12;100.0;100.0;100;100;G4;1326;0.0;100.0
28746;1097XN;1097XN;19;100.0;100.0;100;100;G4;847;0.0;73.68
28748;1097XP;1097XP;25;100.0;96.0;100;100;G4;902;0.0;0.0
28750;1097XR;1097XR;12;100.0;100.0;100;100;G4;752;0.0;0.0
28752;1097XS;1097XS;26;100.0;100.0;100;100;G4;621;0.0;0.0
28754;1097XT;1097XT;10;100.0;100.0;100;100;G4;1084;0.0;0.0
28756;1097XV;1097XV;13;100.0;100.0;100;100;G4;949;0.0;0.0
28758;1097XW;1097XX;19;100.0;100.0;100;100;G4;1051;0.0;0.0
28760;1097XZ;1097XZ;12;100.0;100.0;100;100;G4;1242;0.0;0.0
28762;1097ZA;1097ZA;39;100.0;100.0;100;100;G4;1126;0.0;2.56
28764;1097ZB;1097ZC;25;100.0;100.0;100;100;G4;912;0.0;8.0
28767;1097ZD;1097ZD;24;100.0;100.0;100;100;G4;874;0.0;4.17
28769;1097ZE;1097ZE;16;100.0;100.0;100;100;G4;1178;0.0;0.0
28771;1097ZG;1097ZG;16;100.0;100.0;100;100;G4;998;0.0;0.0
28773;1097ZH;1097ZH;21;100.0;100.0;100;100;G4;1129;0.0;90.48
28775;1097ZJ;1097ZJ;12;100.0;100.0;100;100;G4;825;0.0;83.33
28777;1097ZK;1097ZK;28;100.0;100.0;100;93;G4;878;0.0;42.86
28779;1097ZL;1097ZL;22;100.0;100.0;100;100;G4;628;0.0;72.73
28781;1097ZM;1097ZM;14;100.0;100.0;100;100;G4;751;0.0;42.86
28783;1097ZN;1097ZN;19;100.0;100.0;100;100;G4;858;0.0;68.42
28785;1097ZP;1097ZP;24;100.0;100.0;100;100;G4;1083;0.0;83.33
28787;1097ZR;1097ZR;15;100.0;100.0;100;100;G4;1005;0.0;60.0
28789;1097ZS;1097ZS;28;100.0;100.0;100;100;G4;798;0.0;53.57
28791;1097ZT;1097ZT;20;100.0;100.0;100;100;G4;968;0.0;70.0
28793;1097ZV;1097ZW;39;100.0;100.0;100;100;G4;857;0.0;35.9
28795;1097ZX;1097ZX;25;100.0;100.0;100;100;G4;520;0.0;4.0
28797;1097ZZ;1097ZZ;25;100.0;100.0;100;100;G4;581;0.0;4.0
28799;1098AA;1098AA;22;100.0;95.45;100;86;G4;1257;0.0;4.55
28801;1098AB;1098AB;25;100.0;100.0;100;88;G4;1313;0.0;8.0
28803;1098AC;1098AC;22;100.0;100.0;100;86;G4;1126;0.0;0.0
28805;1098AD;1098AD;25;100.0;96.0;100;80;G4;1428;0.0;12.0
28807;1098AE;1098AE;23;100.0;95.65;100;52;G4;3972;0.0;0.0
28809;1098AG;1098AG;16;100.0;100.0;100;63;G4;1948;0.0;0.0
28811;1098AH;1098AH;20;100.0;95.0;100;50;G6;1420;0.0;20.0
28813;1098AJ;1098AJ;19;100.0;94.74;100;47;G4;1386;0.0;10.53
28815;1098AK;1098AK;22;100.0;100.0;100;73;G4;1665;0.0;4.55
28817;1098AL;1098AL;23;100.0;95.65;100;87;G4;1580;0.0;4.35
28819;1098AM;1098AM;17;100.0;100.0;100;82;G4;1564;0.0;0.0
28821;1098AN;1098AN;20;100.0;100.0;100;80;G6;2425;0.0;10.0
28823;1098AP;1098AP;19;100.0;94.74;100;95;G4;656;0.0;0.0
28825;1098AR;1098AR;16;100.0;100.0;100;81;G4;1218;0.0;0.0
28827;1098AS;1098AS;15;100.0;100.0;100;87;G4;1713;0.0;0.0
28829;1098AT;1098AT;16;100.0;100.0;100;56;G4;2265;0.0;0.0
28831;1098AV;1098AW;19;100.0;100.0;100;95;G4;984;0.0;0.0
28833;1098AX;1098AX;24;100.0;100.0;100;100;G4;1043;0.0;0.0
28835;1098AZ;1098BA;23;100.0;100.0;100;96;G4;931;0.0;8.7
28837;1098BB;1098BB;17;100.0;100.0;100;94;G4;1391;0.0;0.0
28839;1098BC;1098BC;15;100.0;93.33;100;73;G4;2164;0.0;0.0
28841;1098BD;1098BD;15;100.0;93.33;100;80;G4;1865;0.0;13.33
28843;1098BE;1098BE;17;100.0;100.0;100;88;G4;1319;0.0;0.0
28845;1098BG;1098BG;28;100.0;100.0;100;93;G4;1336;0.0;10.71
28847;1098BH;1098BH;14;100.0;100.0;100;79;G4;1373;0.0;7.14
28849;1098BJ;1098BJ;26;100.0;100.0;100;81;G4;1420;0.0;11.54
28851;1098BK;1098BK;17;100.0;100.0;100;82;G4;1694;0.0;0.0
28853;1098BL;1098BL;18;100.0;100.0;100;89;G4;1673;0.0;0.0
28855;1098BM;1098BM;16;100.0;100.0;100;75;G4;2320;0.0;0.0
28857;1098BN;1098BN;14;100.0;100.0;100;86;G4;1834;0.0;7.14
28859;1098BP;1098BP;14;100.0;92.86;100;86;G4;1932;0.0;14.29
28861;1098BR;1098BR;13;100.0;100.0;100;77;G4;2216;0.0;0.0
28863;1098BS;1098BS;19;100.0;100.0;100;68;G4;1974;0.0;0.0
28865;1098BT;1098BT;19;100.0;100.0;100;95;G4;1066;0.0;0.0
28867;1098BV;1098BV;15;100.0;100.0;100;67;G4;1373;0.0;0.0
28869;1098BW;1098BW;16;100.0;93.75;100;75;G4;2000;0.0;0.0
28871;1098BX;1098BX;17;100.0;100.0;100;94;G4;1268;0.0;0.0
28873;1098BZ;1098BZ;12;100.0;100.0;100;92;G4;1873;0.0;0.0
28875;1098CA;1098CA;23;100.0;100.0;100;78;G4;2426;0.0;0.0
28877;1098CB;1098CB;16;100.0;87.5;100;75;G4;1905;0.0;6.25
28879;1098CC;1098CC;18;100.0;94.44;100;61;G4;1746;0.0;0.0
28881;1098CD;1098CD;26;100.0;92.31;100;92;G4;1313;0.0;0.0
28882;1098CE;1098CE;16;100.0;100.0;100;56;G4;2239;0.0;0.0
28885;1098CG;1098CG;12;100.0;91.67;100;58;G6;2119;0.0;8.33
28887;1098CH;1098CH;24;100.0;100.0;100;96;G4;1400;0.0;0.0
28889;1098CJ;1098CJ;13;100.0;100.0;100;54;G4;1702;0.0;0.0
28891;1098CK;1098CK;17;100.0;100.0;100;82;G4;1319;0.0;0.0
28893;1098CL;1098CL;18;100.0;94.44;100;83;G4;1293;0.0;0.0
28895;1098CM;1098CM;28;100.0;100.0;100;82;G4;1414;0.0;3.57
28897;1098CN;1098CN;20;100.0;100.0;100;90;G4;1654;0.0;5.0
28899;1098CP;1098CP;13;100.0;100.0;100;62;G6;2583;0.0;0.0
28901;1098CR;1098CR;14;100.0;100.0;100;79;G4;1907;0.0;7.14
28903;1098CS;1098CS;12;100.0;100.0;100;67;G4;1843;0.0;0.0
28905;1098CT;1098CT;22;100.0;100.0;100;95;G4;1207;0.0;0.0
28907;1098CV;1098CV;31;100.0;100.0;100;100;G4;1256;0.0;0.0
28909;1098CW;1098CW;16;100.0;100.0;100;88;G4;1321;0.0;56.25
28911;1098CX;1098CX;17;100.0;100.0;100;76;G4;1555;0.0;70.59
28913;1098CZ;1098CZ;16;100.0;93.75;100;88;G4;1465;0.0;31.25
28915;1098EA;1098EA;19;100.0;84.21;100;95;G4;1296;0.0;0.0
28917;1098EB;1098EB;17;100.0;100.0;100;59;G4;2773;0.0;17.65
28919;1098EC;1098EC;22;100.0;100.0;100;100;G4;1534;0.0;9.09
28921;1098ED;1098ED;18;100.0;100.0;100;94;G4;1285;0.0;0.0
28923;1098EE;1098EE;21;100.0;100.0;100;81;G4;1335;0.0;0.0
28925;1098EG;1098EG;15;100.0;100.0;100;93;G4;1353;0.0;26.67
28927;1098EH;1098EH;23;100.0;100.0;100;91;G4;1380;0.0;0.0
28929;1098EJ;1098EJ;24;100.0;100.0;100;83;G4;1590;0.0;0.0
28931;1098EK;1098EK;23;100.0;100.0;100;78;G4;1735;0.0;8.7
28933;1098EL;1098EL;25;100.0;100.0;100;88;G4;1446;0.0;0.0
28935;1098EM;1098EN;23;100.0;100.0;100;96;G4;1728;0.0;21.74
28938;1098EP;1098EP;14;100.0;100.0;100;79;G4;1418;0.0;42.86
28940;1098ER;1098ER;19;100.0;100.0;100;95;G4;1158;0.0;63.16
28942;1098ES;1098ES;24;100.0;100.0;100;96;G4;1140;0.0;100.0
28944;1098ET;1098ET;22;100.0;100.0;100;91;G4;1015;0.0;0.0
28946;1098EV;1098EV;23;100.0;100.0;100;74;G4;1244;0.0;8.7
28948;1098EW;1098EW;25;100.0;100.0;100;68;G4;1821;0.0;12.0
28950;1098EX;1098EX;23;100.0;100.0;100;83;G4;1634;0.0;13.04
28952;1098EZ;1098EZ;13;100.0;100.0;100;69;G4;1461;0.0;0.0
28954;1098GA;1098GA;18;100.0;100.0;100;67;G4;1545;0.0;16.67
28956;1098GB;1098GB;24;100.0;100.0;100;92;G4;1333;0.0;0.0
28958;1098GC;1098GC;17;100.0;100.0;100;76;G4;1643;0.0;0.0
28960;1098GD;1098GD;26;100.0;100.0;100;88;G4;1425;0.0;0.0
28962;1098GE;1098GE;23;100.0;100.0;100;100;G4;1125;0.0;4.35
28964;1098GG;1098GG;15;100.0;100.0;100;100;G4;1399;0.0;6.67
28966;1098GH;1098GH;18;100.0;100.0;100;100;G4;1303;0.0;0.0
28968;1098GJ;1098GJ;17;100.0;100.0;100;82;G4;1147;0.0;0.0
28970;1098GK;1098GK;20;100.0;100.0;100;75;G4;1615;0.0;0.0
28972;1098GL;1098GL;18;100.0;100.0;100;78;G4;1491;0.0;0.0
28974;1098GM;1098GM;18;100.0;100.0;100;67;G4;1667;0.0;0.0
28976;1098GN;1098GN;18;100.0;88.89;100;94;G4;1359;0.0;27.78
28978;1098GP;1098GP;17;100.0;100.0;100;59;G4;1361;0.0;0.0
28980;1098GR;1098GR;24;100.0;100.0;100;71;G4;1682;0.0;4.17
28982;1098GS;1098GS;23;100.0;100.0;100;96;G4;1747;0.0;0.0
28984;1098GT;1098GT;21;100.0;90.48;100;62;G4;3752;0.0;0.0
28986;1098GV;1098GV;14;100.0;92.86;100;86;G4;1362;0.0;21.43
28988;1098GW;1098GX;25;100.0;100.0;100;80;G4;1579;0.0;72.0
28990;1098GZ;1098GZ;21;100.0;100.0;100;95;G4;2086;0.0;100.0
28992;1098HA;1098HA;16;100.0;100.0;100;69;G4;1814;0.0;37.5
28994;1098HB;1098HB;16;100.0;93.75;100;69;G4;1561;0.0;0.0
28996;1098HC;1098HC;16;100.0;93.75;100;94;G4;1098;0.0;0.0
28998;1098HD;1098HD;22;100.0;100.0;100;91;G4;1442;0.0;13.64
29000;1098HE;1098HE;24;100.0;100.0;100;67;G4;2200;0.0;4.17
29002;1098HG;1098HG;14;100.0;100.0;100;79;G4;1762;0.0;21.43
29004;1098HH;1098HH;14;100.0;100.0;100;50;G4;1631;0.0;0.0
29006;1098HJ;1098HJ;17;100.0;100.0;100;82;G4;1824;0.0;17.65
29008;1098HK;1098HK;17;100.0;100.0;100;65;G4;1550;0.0;0.0
29010;1098HL;1098HL;15;100.0;100.0;100;87;G4;1530;0.0;0.0
29012;1098HM;1098HM;16;100.0;100.0;100;88;G4;1261;0.0;0.0
29014;1098HN;1098HP;26;100.0;100.0;100;62;G4;1491;0.0;7.69
29017;1098HR;1098HR;16;100.0;100.0;100;63;G4;1814;0.0;0.0
29019;1098HS;1098HS;17;100.0;100.0;100;82;G4;1904;0.0;0.0
29021;1098HT;1098HT;16;100.0;100.0;100;63;G6;1614;0.0;18.75
29023;1098HV;1098HV;13;100.0;100.0;100;62;G4;1465;0.0;0.0
29025;1098HW;1098HW;15;100.0;100.0;100;53;G4;1975;0.0;0.0
29027;1098HX;1098HX;17;100.0;100.0;100;65;G4;1691;0.0;5.88
29029;1098HZ;1098HZ;18;100.0;100.0;100;67;G4;1794;0.0;0.0
29031;1098JA;1098JA;13;100.0;100.0;100;85;G4;1424;0.0;0.0
29033;1098JB;1098JB;13;100.0;100.0;100;85;G4;1364;0.0;7.69
29035;1098JC;1098JC;15;100.0;100.0;100;73;G4;1654;0.0;0.0
29037;1098JD;1098JD;20;100.0;100.0;100;85;G4;1627;0.0;0.0
29039;1098JE;1098JE;29;100.0;93.1;100;72;G4;1627;0.0;10.34
29041;1098JG;1098JG;17;100.0;100.0;100;88;G4;1397;0.0;0.0
29042;1098JH;1098JH;14;100.0;100.0;100;57;G4;3285;0.0;0.0
29045;1098JJ;1098JJ;23;100.0;100.0;100;70;G4;1545;0.0;4.35
29047;1098JK;1098JK;17;100.0;100.0;100;71;G4;1867;0.0;23.53
29049;1098JL;1098JL;17;100.0;100.0;100;59;G4;2011;0.0;5.88
29051;1098JM;1098JM;13;100.0;100.0;100;85;G4;1831;0.0;0.0
29053;1098JN;1098JN;13;100.0;100.0;100;85;G4;2242;0.0;15.38
29055;1098JP;1098JP;22;100.0;90.91;100;91;G4;1585;0.0;0.0
29057;1098JR;1098JR;23;100.0;100.0;100;52;G4;1833;0.0;0.0
29059;1098JS;1098JS;19;100.0;100.0;100;84;G4;1445;0.0;0.0
29061;1098JT;1098JT;19;100.0;100.0;100;53;G4;1554;0.0;0.0
29063;1098JV;1098JV;21;100.0;90.48;100;76;G4;1367;0.0;90.48
29065;1098JW;1098JW;18;100.0;100.0;100;83;G4;1428;0.0;83.33
29067;1098JX;1098JX;18;100.0;100.0;100;83;G4;1505;0.0;55.56
29069;1098JZ;1098JZ;24;100.0;100.0;100;100;G4;908;0.0;0.0
29071;1098KA;1098KA;25;100.0;96.0;100;96;G4;1299;0.0;0.0
29073;1098KB;1098KB;23;100.0;100.0;100;96;G4;1982;0.0;0.0
29075;1098KC;1098KC;16;100.0;100.0;100;81;G4;1362;0.0;68.75
29077;1098KD;1098KD;16;100.0;100.0;100;81;G4;1442;0.0;75.0
29079;1098KE;1098KE;10;100.0;100.0;100;50;G4;1620;0.0;90.0
29081;1098KG;1098KG;18;100.0;100.0;100;100;G4;1265;0.0;100.0
29083;1098KH;1098KH;16;100.0;93.75;100;50;G4;4193;0.0;25.0
29085;1098KJ;1098KJ;20;100.0;100.0;100;80;G4;1698;0.0;10.0
29087;1098KK;1098KK;16;100.0;100.0;100;88;G4;1456;0.0;0.0
29089;1098KL;1098KL;18;100.0;100.0;100;56;G6;1721;0.0;0.0
29091;1098KM;1098KM;22;100.0;100.0;100;77;G4;2756;0.0;0.0
29093;1098KN;1098KN;21;100.0;100.0;100;67;G4;1607;0.0;0.0
29095;1098KP;1098KP;17;100.0;100.0;100;76;G4;1449;0.0;0.0
29097;1098KR;1098KR;18;100.0;100.0;100;78;G4;1808;0.0;0.0
29099;1098KS;1098KS;18;100.0;100.0;100;100;G4;1608;0.0;16.67
29101;1098KT;1098KT;22;100.0;100.0;100;68;G4;2214;0.0;9.09
29103;1098KV;1098KV;23;100.0;91.3;100;87;G4;2401;0.0;0.0
29105;1098KW;1098KW;14;100.0;100.0;100;57;G4;1528;0.0;0.0
29107;1098KX;1098KX;20;100.0;100.0;100;85;G4;1364;0.0;10.0
29109;1098KZ;1098KZ;14;100.0;100.0;100;64;G4;1837;0.0;0.0
29111;1098LA;1098LA;15;100.0;100.0;100;73;G4;1438;0.0;6.67
29113;1098LB;1098LB;26;100.0;100.0;100;81;G4;1248;0.0;0.0
29115;1098LC;1098LC;14;100.0;100.0;100;100;G4;1620;0.0;42.86
29117;1098LD;1098LD;14;100.0;100.0;100;93;G4;1316;0.0;85.71
29119;1098LE;1098LG;25;100.0;100.0;100;100;G4;1127;0.0;100.0
29122;1098LH;1098LH;18;100.0;100.0;100;94;G4;1169;0.0;66.67
29124;1098LJ;1098LJ;23;100.0;100.0;100;74;G4;2083;0.0;73.91
29126;1098LK;1098LK;19;100.0;100.0;100;100;G4;86;0.0;5.26
29128;1098LL;1098LL;19;100.0;100.0;100;100;G4;1137;0.0;68.42
29130;1098LM;1098LM;18;100.0;100.0;100;100;G4;1424;0.0;100.0
29132;1098LN;1098LN;15;100.0;100.0;100;87;G4;1654;0.0;6.67
29134;1098LP;1098LP;15;100.0;93.33;100;93;G4;1478;0.0;26.67
29136;1098LR;1098LR;19;100.0;100.0;100;95;G4;1793;0.0;68.42
29138;1098LS;1098LS;14;100.0;100.0;100;93;G4;1261;0.0;42.86
29140;1098LT;1098LT;12;100.0;100.0;100;100;G4;1377;0.0;0.0
29142;1098LV;1098LV;15;100.0;100.0;100;87;G4;1651;0.0;20.0
29144;1098LW;1098LW;11;100.0;100.0;100;55;G4;2777;0.0;9.09
29146;1098LX;1098LX;16;100.0;100.0;100;81;G4;1418;0.0;0.0
29148;1098LZ;1098LZ;16;100.0;100.0;100;63;G4;2226;0.0;0.0
29150;1098NA;1098NA;23;100.0;100.0;100;57;G4;1884;0.0;47.83
29152;1098NB;1098NB;17;100.0;100.0;100;71;G4;1867;0.0;5.88
29154;1098NC;1098NC;17;100.0;100.0;100;59;G4;1716;0.0;5.88
29156;1098ND;1098ND;17;100.0;100.0;100;82;G4;1909;0.0;17.65
29158;1098NE;1098NE;19;100.0;100.0;100;89;G4;1608;0.0;68.42
29160;1098NG;1098NG;32;100.0;93.75;100;59;G4;2885;0.0;65.63
29162;1098NH;1098NH;20;100.0;100.0;100;60;G4;1708;0.0;100.0
29164;1098NJ;1098NJ;23;100.0;100.0;100;65;G4;2749;0.0;60.87
29166;1098NK;1098NK;13;100.0;100.0;100;100;G4;1527;0.0;46.15
29168;1098NL;1098NL;14;100.0;100.0;100;79;G4;1783;0.0;85.71
29170;1098NM;1098NM;15;100.0;100.0;100;80;G4;1734;0.0;0.0
29172;1098NN;1098NN;17;100.0;100.0;100;65;G4;1901;0.0;58.82
29174;1098NP;1098NP;20;100.0;100.0;100;85;G4;1657;0.0;95.0
29176;1098NR;1098NR;25;100.0;100.0;100;64;G4;1738;0.0;88.0
29178;1098NS;1098NS;18;100.0;94.44;100;78;G4;1789;0.0;16.67
29180;1098NT;1098NT;13;100.0;92.31;100;69;G4;1809;0.0;30.77
29182;1098NV;1098NV;16;100.0;100.0;100;100;G4;1358;0.0;6.25
29184;1098NW;1098NW;18;100.0;100.0;100;61;G4;2004;0.0;61.11
29186;1098NX;1098NX;18;100.0;94.44;100;67;G4;1566;0.0;50.0
29188;1098NZ;1098NZ;22;100.0;100.0;100;77;G4;1551;0.0;27.27
29190;1098PA;1098PA;23;100.0;100.0;100;52;G4;1652;0.0;60.87
29192;1098PB;1098PB;15;100.0;100.0;100;67;G4;2086;0.0;40.0
29194;1098PC;1098PC;18;100.0;94.44;100;89;G4;1574;0.0;0.0
29196;1098PD;1098PD;22;100.0;100.0;100;91;G4;1634;0.0;4.55
29198;1098PE;1098PE;17;100.0;100.0;100;88;G4;1558;0.0;17.65
29200;1098PG;1098PG;21;100.0;100.0;100;71;G4;1522;0.0;4.76
29202;1098PH;1098PH;21;100.0;100.0;100;57;G4;1500;0.0;14.29
29204;1098PJ;1098PJ;18;100.0;100.0;100;94;G4;1088;0.0;66.67
29206;1098PK;1098PK;12;100.0;100.0;100;100;G4;963;0.0;91.67
29208;1098PL;1098PL;18;100.0;94.44;100;100;G4;1196;0.0;66.67
29210;1098PM;1098PM;11;100.0;100.0;100;100;G4;1368;0.0;90.91
29212;1098PN;1098PN;17;100.0;100.0;100;94;G4;1350;0.0;100.0
29214;1098PP;1098PP;12;100.0;100.0;100;100;G4;1364;0.0;100.0
29216;1098PR;1098PR;18;100.0;100.0;100;100;G4;1103;0.0;100.0
29218;1098PS;1098PS;12;100.0;100.0;100;83;G4;819;0.0;50.0
29220;1098PT;1098PT;22;100.0;100.0;100;91;G4;1543;0.0;0.0
29222;1098PV;1098PV;18;100.0;100.0;100;100;G4;1441;0.0;83.33
29224;1098PW;1098PW;18;100.0;100.0;100;94;G4;1402;0.0;66.67
29226;1098PX;1098PX;19;100.0;100.0;100;79;G4;1753;0.0;63.16
29228;1098PZ;1098PZ;16;100.0;93.75;100;100;G4;43;0.0;0.0
29230;1098RA;1098RA;15;100.0;100.0;100;100;G4;132;0.0;0.0
29232;1098RB;1098RB;14;100.0;100.0;100;93;G4;431;0.0;0.0
29234;1098RC;1098RC;12;100.0;100.0;100;100;G4;24;0.0;0.0
29236;1098RD;1098RD;13;100.0;100.0;100;92;G4;1246;0.0;53.85
29238;1098RE;1098RE;18;100.0;100.0;100;94;G4;973;0.0;66.67
29240;1098RG;1098RG;18;100.0;100.0;100;100;G4;29;0.0;100.0
29242;1098RH;1098RH;15;100.0;100.0;100;53;G6;1468;0.0;20.0
29244;1098RJ;1098RJ;18;100.0;100.0;100;61;G6;1749;0.0;0.0
29246;1098RK;1098RK;23;100.0;100.0;100;87;G4;1491;0.0;73.91
29248;1098RL;1098RL;20;100.0;100.0;100;85;G4;1468;0.0;85.0
29250;1098RM;1098RM;18;100.0;100.0;100;94;G4;1321;0.0;50.0
29252;1098RN;1098RN;16;100.0;100.0;100;88;G4;1706;0.0;0.0
29254;1098RP;1098RP;18;100.0;100.0;100;100;G4;38;0.0;16.67
29256;1098RR;1098RR;21;100.0;100.0;100;100;G4;1242;0.0;71.43
29258;1098RS;1098RS;24;100.0;100.0;100;96;G4;1242;0.0;100.0
29260;1098RT;1098RT;13;100.0;100.0;100;92;G4;2176;0.0;92.31
29262;1098RV;1098RV;18;100.0;100.0;100;94;G4;1136;0.0;100.0
29264;1098RW;1098RW;21;100.0;100.0;100;86;G4;1363;0.0;71.43
29266;1098RX;1098RX;24;100.0;100.0;100;88;G4;1462;0.0;75.0
29268;1098RZ;1098RZ;18;100.0;100.0;100;100;G4;971;0.0;66.67
29270;1098SB;1098SB;18;100.0;100.0;100;94;G4;1201;0.0;100.0
29272;1098SC;1098SC;15;100.0;100.0;100;93;G4;1302;0.0;80.0
29274;1098SE;1098SE;16;100.0;100.0;100;94;G4;1072;0.0;100.0
29276;1098SG;1098SG;18;100.0;100.0;100;89;G4;1088;0.0;94.44
29278;1098SH;1098SK;30;100.0;96.67;100;63;G4;2477;0.0;46.67
29281;1098SL;1098SL;18;100.0;100.0;100;72;G4;1631;0.0;33.33
29283;1098SM;1098SN;29;100.0;93.1;100;83;G4;1648;0.0;82.76
29286;1098SP;1098SP;24;100.0;100.0;100;100;G4;89;0.0;95.83
29288;1098SR;1098SR;24;100.0;100.0;100;96;G4;140;0.0;95.83
29290;1098ST;1098ST;24;100.0;100.0;100;100;G4;139;0.0;66.67
29292;1098SV;1098SV;24;100.0;100.0;100;100;G4;107;0.0;100.0
29294;1098SW;1098SW;24;100.0;100.0;100;100;G4;62;0.0;66.67
29296;1098SX;1098SX;17;100.0;100.0;100;100;G4;44;0.0;88.24
29298;1098SZ;1098SZ;17;100.0;100.0;100;100;G4;38;0.0;100.0
29300;1098TA;1098TA;24;100.0;100.0;100;100;G4;69;0.0;100.0
29302;1098TB;1098TB;18;100.0;100.0;100;100;G4;113;0.0;100.0
29304;1098TC;1098TC;17;100.0;100.0;100;94;G4;97;0.0;100.0
29306;1098TD;1098TD;23;100.0;100.0;100;100;G4;57;0.0;100.0
29308;1098TE;1098TE;15;100.0;100.0;100;93;G4;1638;0.0;100.0
29310;1098TG;1098TG;16;100.0;100.0;100;100;G4;1116;0.0;100.0
29312;1098TH;1098TH;18;100.0;100.0;100;89;G4;1409;0.0;100.0
29314;1098TJ;1098TJ;21;100.0;100.0;100;95;G4;1121;0.0;38.1
29316;1098TK;1098TK;24;100.0;100.0;100;96;G4;1119;0.0;100.0
29318;1098TL;1098TL;12;100.0;100.0;100;83;G4;820;0.0;100.0
29320;1098TM;1098TM;18;100.0;100.0;100;89;G4;1174;0.0;66.67
29322;1098TN;1098TN;21;100.0;100.0;100;95;G4;969;0.0;100.0
29324;1098TP;1098TP;24;100.0;100.0;100;100;G4;947;0.0;75.0
29326;1098TR;1098TR;24;100.0;100.0;100;96;G4;1299;0.0;100.0
29328;1098TS;1098TS;24;100.0;100.0;100;100;G4;1087;0.0;100.0
29330;1098TT;1098TT;16;100.0;100.0;100;100;G4;1220;0.0;87.5
29332;1098TV;1098TV;18;100.0;100.0;100;94;G4;898;0.0;100.0
29334;1098TW;1098TX;20;100.0;90.0;100;90;G4;2177;0.0;0.0
29337;1098TZ;1098VD;36;100.0;91.67;100;78;G4;2449;0.0;2.78
29340;1098VE;1098VE;20;100.0;100.0;100;100;G4;1067;0.0;0.0
29342;1098VG;1098VG;20;100.0;100.0;100;100;G4;969;0.0;0.0
29344;1098VH;1098VH;19;100.0;100.0;100;100;G4;1082;0.0;0.0
29346;1098VJ;1098VJ;21;100.0;100.0;100;100;G4;1069;0.0;0.0
29348;1098VK;1098VK;17;100.0;100.0;100;100;G4;1019;0.0;5.88
29350;1098VM;1098VM;26;100.0;100.0;100;100;G4;1034;0.0;3.85
29362;1098WG;1098XA;196;100.0;100.0;100;99;G4;1113;0.0;3.57
29375;1098XE;1099BS;17;100.0;88.24;100;35;G16;8043;0.0;5.88
29385;1101AH;1101AJ;14;100.0;92.86;100;57;G6;7518;0.0;0.0
29387;1101AK;1101BB;76;100.0;90.79;100;54;G4;7285;0.0;3.95
29391;1101BD;1101BG;12;100.0;100.0;100;92;G6;2963;0.0;16.67
29393;1101BK;1101EX;56;100.0;92.86;100;59;G25;20248;0.0;7.14
29400;1101EZ;1101EZ;10;100.0;100.0;100;100;G6;2853;0.0;10.0
29402;1101GA;1101GC;33;100.0;100.0;100;45;G6;6677;0.0;9.09
29404;1101GE;1101GE;15;100.0;100.0;100;100;G6;3428;0.0;6.67
29406;1101GG;1102AA;277;100.0;69.68;100;96;G4;778;0.0;2.17
29409;1102AB;1102AB;121;100.0;93.39;100;100;G4;911;0.0;0.0
29411;1102AC;1102AC;137;100.0;93.43;100;96;G4;905;0.0;2.19
29414;1102AE;1102AE;110;100.0;0.0;100;78;G4;345;0.0;0.0
29416;1102AG;1102AG;22;100.0;100.0;100;100;G4;1474;0.0;4.55
29419;1102AJ;1102AJ;23;100.0;100.0;100;100;G4;1345;0.0;0.0
29421;1102AK;1102AK;304;100.0;1.64;100;70;G6;457;0.0;0.0
29423;1102AL;1102AL;10;100.0;100.0;100;100;G4;1399;0.0;0.0
29425;1102AM;1102AP;17;100.0;29.41;100;71;OBK;4110;0.0;0.0
29427;1102AR;1102AR;22;100.0;100.0;100;100;G4;916;0.0;0.0
29429;1102AS;1102AS;22;100.0;100.0;100;100;G4;1045;0.0;0.0
29431;1102AV;1102AX;64;100.0;96.88;100;98;G4;823;0.0;1.56
29434;1102AZ;1102AZ;45;100.0;100.0;100;100;G4;1711;0.0;2.22
29437;1102BA;1102BA;338;100.0;97.34;100;99;G4;134;0.0;2.66
29440;1102BE;1102BE;24;100.0;100.0;100;100;G4;854;0.0;4.17
29442;1102BG;1102BG;21;100.0;100.0;100;100;G4;696;0.0;0.0
29444;1102BH;1102BH;29;100.0;100.0;100;97;G4;868;0.0;0.0
29446;1102BL;1102CA;45;100.0;62.22;100;58;G4;2958;0.0;0.0
29454;1102CB;1102CB;25;100.0;100.0;100;100;G4;51;0.0;0.0
29456;1102CC;1102CC;22;100.0;90.91;100;95;G4;44;0.0;0.0
29458;1102CD;1102CD;19;100.0;100.0;100;100;G4;67;0.0;0.0
29460;1102CE;1102CE;31;100.0;100.0;100;100;G4;50;0.0;0.0
29462;1102CG;1102CG;24;100.0;91.67;100;100;G4;47;0.0;4.17
29464;1102CH;1102CH;25;100.0;100.0;100;100;G4;71;0.0;0.0
29466;1102CJ;1102CJ;26;100.0;96.15;100;96;G4;243;0.0;0.0
29468;1102CK;1102CK;22;100.0;100.0;100;100;G4;68;0.0;4.55
29470;1102CL;1102CL;20;100.0;100.0;100;100;G4;68;0.0;5.0
29472;1102CM;1102CM;32;100.0;100.0;100;100;G4;53;0.0;6.25
29474;1102CN;1102CN;23;100.0;100.0;100;100;G4;76;0.0;4.35
29476;1102CP;1102DD;25;100.0;96.0;100;72;G4;4159;0.0;0.0
29481;1102DE;1102DE;18;100.0;100.0;100;100;G4;818;0.0;0.0
29483;1102DG;1102DG;31;100.0;100.0;100;100;G4;691;0.0;0.0
29485;1102DH;1102DH;31;100.0;100.0;100;100;G4;845;0.0;3.23
29487;1102DJ;1102DJ;26;100.0;92.31;100;100;G4;708;0.0;3.85
29489;1102DK;1102DL;34;100.0;100.0;100;91;G4;2049;0.0;2.94
29492;1102DM;1102DM;32;100.0;100.0;100;100;G4;899;0.0;3.13
29494;1102DN;1102DN;23;100.0;95.65;100;100;G4;834;0.0;0.0
29496;1102DP;1102DR;38;100.0;92.11;100;76;G4;3759;0.0;2.63
29499;1102DS;1102DT;32;100.0;93.75;100;81;G4;2390;0.0;3.13
29502;1102DV;1102DV;32;100.0;100.0;100;100;G4;849;0.0;3.13
29504;1102DW;1102DW;34;100.0;100.0;100;100;G4;854;0.0;2.94
29506;1102DX;1102DX;31;100.0;96.77;100;97;G4;1027;0.0;0.0
29509;1102EA;1102EA;25;100.0;100.0;100;100;G4;58;0.0;8.0
29511;1102EB;1102EB;24;100.0;95.83;100;100;G4;54;0.0;0.0
29513;1102EC;1102EC;22;100.0;100.0;100;100;G4;74;0.0;0.0
29515;1102ED;1102ED;20;100.0;95.0;100;100;G4;70;0.0;15.0
29517;1102EE;1102EE;28;100.0;100.0;100;93;G4;75;0.0;0.0
29519;1102EG;1102EG;25;100.0;100.0;100;96;G4;2378;0.0;0.0
29521;1102EH;1102EH;26;100.0;92.31;100;100;G4;89;0.0;3.85
29523;1102EJ;1102EJ;24;100.0;87.5;100;96;G4;129;0.0;4.17
29525;1102EK;1102EK;25;100.0;100.0;100;100;G4;98;0.0;0.0
29527;1102EL;1102EL;24;100.0;100.0;100;100;G4;118;0.0;0.0
29529;1102EM;1102EM;24;100.0;95.83;100;100;G4;105;0.0;0.0
29531;1102EN;1102EN;24;100.0;100.0;100;100;G4;77;0.0;0.0
29533;1102EP;1102EP;30;100.0;100.0;100;100;G4;101;0.0;0.0
29535;1102ER;1102ER;27;100.0;100.0;100;93;G4;890;0.0;0.0
29537;1102GA;1102GA;23;100.0;100.0;100;100;G4;79;0.0;0.0
29539;1102GB;1102GB;22;100.0;100.0;100;100;G4;68;0.0;0.0
29541;1102GC;1102GC;19;100.0;100.0;100;100;G4;105;0.0;0.0
29543;1102GD;1102GD;19;100.0;100.0;100;100;G4;87;0.0;5.26
29545;1102GE;1102GE;30;100.0;90.0;100;100;G4;82;0.0;0.0
29547;1102GG;1102GG;26;100.0;96.15;100;96;G4;450;0.0;0.0
29549;1102GH;1102GH;24;100.0;100.0;100;100;G4;70;0.0;0.0
29551;1102GJ;1102GJ;23;100.0;95.65;100;100;G4;58;0.0;0.0
29553;1102GK;1102GK;27;100.0;100.0;100;100;G4;72;0.0;0.0
29555;1102GL;1102GL;27;100.0;96.3;100;100;G4;89;0.0;3.7
29557;1102GM;1102GM;24;100.0;95.83;100;96;G4;68;0.0;0.0
29559;1102GN;1102GN;24;100.0;95.83;100;100;G4;81;0.0;0.0
29561;1102GP;1102GP;29;100.0;100.0;100;100;G4;90;0.0;0.0
29563;1102GR;1102GR;25;100.0;96.0;100;100;G4;72;0.0;4.0
29565;1102HA;1102HA;24;100.0;95.83;100;96;G4;334;0.0;4.17
29567;1102HB;1102HB;25;100.0;96.0;100;100;G4;77;0.0;0.0
29569;1102HC;1102HC;22;100.0;100.0;100;100;G4;100;0.0;0.0
29571;1102HD;1102HD;20;100.0;100.0;100;100;G4;98;0.0;0.0
29573;1102HE;1102HE;30;100.0;96.67;100;100;G4;80;0.0;0.0
29575;1102HG;1102HG;26;100.0;100.0;100;100;G4;345;0.0;3.85
29577;1102HH;1102HH;25;100.0;100.0;100;100;G4;166;0.0;0.0
29579;1102HJ;1102HJ;27;100.0;96.3;100;100;G4;65;0.0;0.0
29581;1102HK;1102HK;21;100.0;90.48;100;100;G4;110;0.0;0.0
29583;1102HL;1102HL;20;100.0;95.0;100;100;G4;98;0.0;0.0
29585;1102HM;1102HM;29;100.0;89.66;100;90;G4;712;0.0;3.45
29587;1102HN;1102HN;25;100.0;100.0;100;100;G4;75;0.0;4.0
29589;1102JA;1102JA;16;100.0;87.5;100;38;G6;7861;0.0;0.0
29591;1102JB;1102JB;26;100.0;100.0;100;69;G4;2012;0.0;11.54
29593;1102JC;1102JC;17;100.0;100.0;100;53;G6;2374;0.0;0.0
29595;1102JD;1102JD;25;100.0;100.0;100;60;G4;2658;0.0;0.0
29611;1102KA;1102KA;399;100.0;97.99;100;100;G4;160;0.0;1.25
29613;1102LA;1102LA;420;100.0;98.57;100;99;G4;96;0.0;0.0
29615;1102LB;1102LB;14;100.0;85.71;100;86;G4;2735;0.0;7.14
29617;1102LC;1102ME;61;100.0;98.36;100;95;G4;1119;0.0;0.0
29621;1102MH;1102MH;32;100.0;96.88;100;100;G4;780;0.0;0.0
29623;1102MJ;1102MJ;31;100.0;93.55;100;100;G4;789;0.0;0.0
29625;1102ML;1102NB;27;100.0;96.3;100;85;G4;2188;0.0;0.0
29629;1102NC;1102NC;22;100.0;100.0;100;100;G4;70;0.0;4.55
29631;1102ND;1102ND;28;100.0;100.0;100;100;G4;45;0.0;0.0
29633;1102NE;1102NE;14;100.0;100.0;100;100;G4;173;0.0;0.0
29635;1102NG;1102NG;18;100.0;100.0;100;100;G4;40;0.0;0.0
29637;1102NH;1102NH;13;100.0;92.31;100;100;G4;41;0.0;0.0
29639;1102NJ;1102NJ;19;100.0;94.74;100;95;G4;43;0.0;0.0
29641;1102NK;1102NK;21;100.0;95.24;100;100;G4;40;0.0;0.0
29643;1102NL;1102NL;22;100.0;95.45;100;100;G4;45;0.0;0.0
29645;1102NM;1102NM;23;100.0;95.65;100;100;G4;35;0.0;0.0
29647;1102NN;1102NN;20;100.0;95.0;100;100;G4;63;0.0;0.0
29649;1102NP;1102NP;19;100.0;100.0;100;100;G4;36;0.0;5.26
29651;1102PA;1102PA;28;100.0;92.86;100;96;G4;125;0.0;3.57
29653;1102PB;1102PB;34;100.0;97.06;100;100;G4;85;0.0;0.0
29655;1102PC;1102PC;36;100.0;97.22;100;100;G4;59;0.0;0.0
29657;1102PE;1102PE;53;100.0;94.34;100;100;G4;98;0.0;0.0
29659;1102PG;1102PG;25;100.0;96.0;100;100;G4;49;0.0;0.0
29661;1102PH;1102PH;20;100.0;100.0;100;100;G4;92;0.0;0.0
29663;1102PJ;1102PL;15;100.0;100.0;100;93;G4;2276;0.0;0.0
29665;1102PN;1102PN;19;100.0;94.74;100;100;G4;1259;0.0;0.0
29667;1102PP;1102PP;14;100.0;100.0;100;100;G4;1463;0.0;0.0
29669;1102PR;1102PR;14;100.0;100.0;100;100;G4;1713;0.0;0.0
29671;1102PS;1102PS;23;100.0;100.0;100;100;G4;1638;0.0;0.0
29673;1102PT;1102PT;19;100.0;100.0;100;100;G4;1641;0.0;0.0
29675;1102RN;1102RS;33;100.0;100.0;100;91;G4;1610;0.0;0.0
29680;1102RT;1102RT;35;100.0;100.0;100;100;G4;795;0.0;0.0
29682;1102RV;1102RV;30;100.0;100.0;100;100;G4;1119;0.0;23.33
29684;1102RW;1102RW;14;100.0;92.86;100;100;G4;1090;0.0;0.0
29686;1102RX;1102RX;15;100.0;86.67;100;100;G4;1346;0.0;0.0
29688;1102RZ;1102RZ;94;100.0;97.87;100;100;G4;1066;0.0;0.0
29690;1102SB;1102SB;87;100.0;98.85;100;100;G4;1043;0.0;0.0
29692;1102SC;1102SC;192;100.0;99.48;100;99;G4;1024;0.0;7.81
29694;1102SE;1102SE;38;100.0;100.0;100;100;G4;1518;0.0;0.0
29708;1102TA;1102TA;53;100.0;98.11;100;100;G4;872;0.0;0.0
29710;1102TB;1102TB;42;100.0;97.62;100;100;G4;943;0.0;0.0
29712;1102TC;1102TC;59;100.0;100.0;100;100;G4;951;0.0;0.0
29714;1102TD;1102TD;59;100.0;100.0;100;100;G4;1002;0.0;0.0
29716;1102TE;1102TE;40;100.0;97.5;100;100;G4;1042;0.0;0.0
29718;1102TG;1102TG;40;100.0;97.5;100;100;G4;1033;0.0;0.0
29720;1102TH;1102TH;56;100.0;100.0;100;98;G4;1216;0.0;0.0
29722;1102TJ;1102TJ;46;100.0;100.0;100;100;G4;1040;0.0;0.0
29724;1102TK;1102TK;51;100.0;98.04;100;100;G4;963;0.0;1.96
29726;1102TL;1102TL;59;100.0;96.61;100;100;G4;913;0.0;0.0
29728;1102TM;1102TM;53;100.0;100.0;100;100;G4;953;0.0;0.0
29730;1102TN;1102TN;42;100.0;97.62;100;100;G4;907;0.0;2.38
29732;1102TP;1102TP;46;100.0;100.0;100;98;G4;1016;0.0;0.0
29734;1102TR;1102TR;59;100.0;98.31;100;100;G4;1027;0.0;0.0
29736;1102TS;1102TS;60;100.0;100.0;100;100;G4;1009;0.0;1.67
29738;1102TT;1102TT;55;100.0;100.0;100;100;G4;971;0.0;0.0
29740;1102TV;1102TV;43;100.0;100.0;100;100;G4;1140;0.0;0.0
29742;1102TW;1102TW;43;100.0;100.0;100;100;G4;1146;0.0;2.33
29744;1102TX;1102TX;56;100.0;98.21;100;98;G4;1142;0.0;1.79
29746;1102TZ;1102TZ;47;100.0;100.0;100;100;G4;1231;0.0;0.0
29748;1102VA;1102VA;51;100.0;100.0;100;100;G4;947;0.0;1.96
29750;1102VB;1102VB;59;100.0;98.31;100;100;G4;1019;0.0;0.0
29752;1102VC;1102VC;59;100.0;100.0;100;100;G4;1069;0.0;0.0
29754;1102VD;1102VD;59;100.0;100.0;100;100;G4;1007;0.0;0.0
29756;1102VE;1102VE;41;100.0;100.0;100;100;G4;1185;0.0;2.44
29758;1102VG;1102VG;42;100.0;100.0;100;100;G4;1073;0.0;16.67
29760;1102VH;1102VH;41;100.0;97.56;100;100;G4;983;0.0;34.15
29762;1102VJ;1102VJ;15;100.0;100.0;100;93;G4;1582;0.0;0.0
29764;1102VK;1102VK;22;100.0;100.0;100;100;G4;1270;0.0;0.0
29766;1102VL;1102VL;25;100.0;100.0;100;96;G4;1386;0.0;4.0
29768;1102VM;1102VM;26;100.0;100.0;100;100;G4;1117;0.0;0.0
29770;1102VN;1102VN;30;100.0;100.0;100;100;G4;1068;0.0;0.0
29772;1102VP;1102VP;42;100.0;100.0;100;100;G4;921;0.0;16.67
29774;1102VR;1102VR;15;100.0;100.0;100;93;G4;1656;0.0;0.0
29776;1102VS;1102VS;22;100.0;100.0;100;100;G4;1165;0.0;0.0
29778;1102VT;1102VT;36;100.0;100.0;100;100;G4;967;0.0;2.78
29780;1102VV;1102VV;24;100.0;100.0;100;100;G4;1239;0.0;0.0
29782;1102VW;1102VW;42;100.0;97.62;100;98;G4;1362;0.0;0.0
29784;1102VX;1102VX;66;100.0;98.48;100;97;G4;1215;0.0;0.0
29786;1102VZ;1102VZ;65;100.0;100.0;100;100;G4;1064;0.0;0.0
29788;1102WB;1102WB;58;100.0;96.55;100;100;G4;1131;0.0;1.72
29790;1102WD;1102WE;21;100.0;85.71;100;86;G4;3451;0.0;4.76
29792;1102WG;1102WG;40;100.0;97.5;100;95;G4;1142;0.0;0.0
29794;1102WH;1102WH;16;100.0;100.0;100;100;G4;1444;0.0;0.0
29796;1102WJ;1102WJ;35;100.0;100.0;100;94;G4;1765;0.0;2.86
29798;1102WK;1102WL;40;100.0;100.0;100;95;G4;1661;0.0;0.0
29800;1102WN;1102WN;24;100.0;100.0;100;100;G4;1215;0.0;0.0
29802;1102WP;1102WP;33;100.0;96.97;100;100;G4;931;0.0;0.0
29804;1102WR;1102WR;24;100.0;100.0;100;100;G4;961;0.0;0.0
29806;1102WS;1102WS;24;100.0;100.0;100;100;G4;1690;0.0;0.0
29808;1102WT;1102WT;57;100.0;98.25;100;100;G4;985;0.0;0.0
29810;1102WV;1102WV;50;100.0;100.0;100;98;G4;1165;0.0;0.0
29812;1102WX;1102WX;49;100.0;100.0;100;100;G4;1080;0.0;0.0
29814;1102WZ;1102WZ;49;100.0;97.96;100;100;G4;1090;0.0;0.0
29816;1102XA;1102XA;58;100.0;98.28;100;100;G4;865;0.0;0.0
29818;1102XB;1102XB;49;100.0;100.0;100;100;G4;977;0.0;18.37
29820;1102XC;1102XC;49;100.0;93.88;100;100;G4;897;0.0;2.04
29822;1102XD;1102XD;49;100.0;97.96;100;100;G4;1091;0.0;34.69
29824;1102XE;1102XE;33;100.0;100.0;100;97;G4;1108;0.0;0.0
29826;1102XG;1102XG;28;100.0;100.0;100;100;G4;1171;0.0;7.14
29828;1102XH;1102XH;35;100.0;100.0;100;100;G4;924;0.0;0.0
29830;1102XJ;1102XJ;22;100.0;100.0;100;100;G4;1195;0.0;0.0
29832;1102XK;1102XK;42;100.0;97.62;100;100;G4;1305;0.0;0.0
29834;1102XL;1102XL;42;100.0;100.0;100;100;G4;912;0.0;0.0
29836;1102XM;1102XM;58;100.0;100.0;100;100;G4;789;0.0;0.0
29838;1102XN;1102XN;33;100.0;100.0;100;100;G4;976;0.0;0.0
29840;1102XP;1102XP;24;100.0;100.0;100;100;G4;1046;0.0;0.0
29842;1102XR;1102XR;23;100.0;100.0;100;100;G4;1315;0.0;0.0
29844;1102XS;1102XS;22;100.0;100.0;100;91;G4;1301;0.0;0.0
29846;1102XT;1102XT;33;100.0;100.0;100;100;G4;895;0.0;0.0
29848;1102XV;1102XV;24;100.0;100.0;100;100;G4;1004;0.0;0.0
29850;1102XW;1102XW;26;100.0;100.0;100;100;G4;1243;0.0;0.0
29852;1102XX;1102XX;26;100.0;96.15;100;92;G4;8232;0.0;0.0
29854;1102XZ;1102XZ;33;100.0;100.0;100;100;G4;1003;0.0;3.03
29856;1102ZA;1102ZA;24;100.0;100.0;100;100;G4;864;0.0;54.17
29858;1102ZB;1102ZB;26;100.0;100.0;100;100;G4;1177;0.0;0.0
29860;1102ZC;1102ZC;26;100.0;100.0;100;100;G4;1008;0.0;0.0
29862;1102ZD;1102ZD;22;100.0;100.0;100;100;G4;854;0.0;0.0
29864;1102ZE;1102ZE;45;100.0;100.0;100;100;G4;780;0.0;2.22
29866;1102ZG;1102ZG;53;100.0;100.0;100;100;G4;754;0.0;0.0
29868;1102ZH;1102ZH;22;100.0;100.0;100;100;G4;922;0.0;0.0
29870;1102ZJ;1102ZJ;33;100.0;100.0;100;100;G4;914;0.0;3.03
29872;1102ZK;1102ZK;22;100.0;95.45;100;95;G4;1272;0.0;0.0
29874;1102ZL;1102ZL;26;100.0;100.0;100;100;G4;1195;0.0;3.85
29876;1102ZM;1102ZM;26;100.0;100.0;100;100;G4;1078;0.0;0.0
29878;1102ZN;1102ZN;29;100.0;100.0;100;100;G4;925;0.0;0.0
29880;1102ZP;1102ZP;38;100.0;100.0;100;100;G4;763;0.0;60.53
29882;1102ZR;1102ZR;35;100.0;100.0;100;97;G4;801;0.0;8.57
29884;1102ZS;1102ZS;37;100.0;100.0;100;100;G4;1047;0.0;2.7
29886;1102ZT;1102ZT;32;100.0;100.0;100;100;G4;982;0.0;0.0
29888;1102ZV;1102ZV;25;100.0;96.0;100;100;G4;799;0.0;0.0
29890;1102ZW;1102ZW;31;100.0;100.0;100;100;G4;1039;0.0;0.0
29892;1102ZX;1102ZX;32;100.0;100.0;100;100;G4;947;0.0;0.0
29894;1103AA;1103AA;148;100.0;57.43;100;59;G4;143;0.0;0.0
29896;1103AB;1103AB;11;100.0;100.0;100;55;G4;9965;0.0;0.0
29898;1103AC;1103AE;227;100.0;6.17;100;41;OBK;1657;0.0;0.0
29903;1103AK;1103AK;444;100.0;1.35;100;79;G6;331;0.0;0.0
29904;1103AL;1103BG;509;100.0;98.23;100;99;G4;217;0.0;90.96
29915;1103BH;1103BH;410;100.0;98.29;100;100;G4;77;0.0;0.73
29918;1103BZ;1103CA;17;100.0;94.12;100;94;G4;289;0.0;0.0
29920;1103CB;1103CB;16;100.0;100.0;100;100;G4;51;0.0;0.0
29922;1103CC;1103CC;18;100.0;100.0;100;100;G4;65;0.0;0.0
29924;1103CD;1103CD;17;100.0;100.0;100;100;G4;150;0.0;0.0
29926;1103CE;1103CE;23;100.0;100.0;100;100;G4;68;0.0;0.0
29928;1103CG;1103CG;17;100.0;94.12;100;100;G4;56;0.0;0.0
29930;1103CH;1103CH;18;100.0;100.0;100;100;G4;80;0.0;0.0
29932;1103CJ;1103CJ;18;100.0;88.89;100;100;G4;989;0.0;0.0
29934;1103CK;1103CK;14;100.0;92.86;100;93;G4;218;0.0;0.0
29936;1103CL;1103CL;24;100.0;95.83;100;96;G4;49;0.0;0.0
29938;1103CM;1103CM;27;100.0;100.0;100;100;G4;47;0.0;3.7
29940;1103CN;1103CN;21;100.0;100.0;100;100;G4;45;0.0;0.0
29942;1103CP;1103CP;18;100.0;100.0;100;100;G4;49;0.0;5.56
29944;1103CR;1103CR;25;100.0;100.0;100;100;G4;51;0.0;0.0
29946;1103CS;1103CS;18;100.0;94.44;100;100;G4;130;0.0;0.0
29948;1103CT;1103CT;19;100.0;100.0;100;100;G4;48;0.0;0.0
29950;1103CV;1103CV;17;100.0;100.0;100;100;G4;62;0.0;0.0
29952;1103CW;1103CW;17;100.0;100.0;100;100;G4;67;0.0;0.0
29954;1103CX;1103CX;21;100.0;90.48;100;100;G4;122;0.0;0.0
29972;1103EA;1103EA;21;100.0;100.0;100;100;G4;110;0.0;0.0
29974;1103EB;1103EB;18;100.0;94.44;100;94;G4;75;0.0;0.0
29976;1103EC;1103EC;17;100.0;100.0;100;100;G4;81;0.0;0.0
29978;1103ED;1103ED;18;100.0;100.0;100;100;G4;73;0.0;5.56
29980;1103EE;1103EE;20;100.0;100.0;100;100;G4;71;0.0;0.0
29982;1103EG;1103EG;22;100.0;100.0;100;100;G4;72;0.0;0.0
29984;1103EH;1103EH;17;100.0;100.0;100;100;G4;85;0.0;0.0
29986;1103EJ;1103EJ;18;100.0;100.0;100;100;G4;87;0.0;0.0
29988;1103EK;1103EK;24;100.0;91.67;100;100;G4;134;0.0;4.17
29990;1103EL;1103EL;23;100.0;100.0;100;100;G4;108;0.0;0.0
29992;1103EM;1103EM;20;100.0;100.0;100;100;G4;113;0.0;0.0
29994;1103EN;1103EN;20;100.0;95.0;100;100;G4;78;0.0;0.0
29996;1103EP;1103EP;21;100.0;100.0;100;100;G4;71;0.0;4.76
29998;1103ER;1103ER;25;100.0;96.0;100;96;G4;81;0.0;0.0
30000;1103ES;1103ES;20;100.0;100.0;100;100;G4;87;0.0;0.0
30002;1103ET;1103ET;20;100.0;100.0;100;100;G4;92;0.0;10.0
30004;1103EV;1103EV;23;100.0;100.0;100;100;G4;91;0.0;0.0
30006;1103EW;1103EW;20;100.0;100.0;100;100;G4;86;0.0;0.0
30008;1103EX;1103EX;14;100.0;100.0;100;100;G4;86;0.0;0.0
30010;1103EZ;1103EZ;14;100.0;92.86;100;100;G4;910;0.0;0.0
30012;1103GA;1103GG;32;100.0;78.13;100;100;G4;582;0.0;3.13
30014;1103GH;1103GH;26;100.0;69.23;100;81;G4;99;0.0;3.85
30016;1103GJ;1103GJ;12;100.0;33.33;100;50;G4;379;0.0;0.0
30018;1103GL;1103GL;14;100.0;100.0;100;100;G4;162;0.0;0.0
30020;1103GM;1103GM;17;100.0;94.12;100;94;G4;333;0.0;0.0
30022;1103GP;1103GS;33;100.0;60.61;100;61;G4;116;0.0;0.0
30025;1103GT;1103GT;10;100.0;100.0;100;100;G4;282;0.0;0.0
30027;1103GX;1103GZ;226;100.0;92.92;100;94;G4;411;0.0;1.33
30030;1103HB;1103KA;25;100.0;76.0;100;52;G4;3177;0.0;32.0
30063;1103KB;1103KB;13;100.0;100.0;100;100;G4;34;0.0;100.0
30065;1103KC;1103KC;12;100.0;83.33;100;100;G4;36;0.0;66.67
30067;1103KD;1103KD;17;100.0;100.0;100;100;G4;28;0.0;100.0
30069;1103KE;1103KE;13;100.0;100.0;100;100;G4;30;0.0;100.0
30071;1103KG;1103KG;19;100.0;78.95;100;89;G4;57;0.0;68.42
30073;1103KH;1103KH;24;100.0;91.67;100;96;G4;84;0.0;70.83
30075;1103KJ;1103KJ;11;100.0;100.0;100;100;G4;38;0.0;100.0
30077;1103KK;1103KK;15;100.0;100.0;100;100;G4;79;0.0;80.0
30079;1103KL;1103KL;12;100.0;91.67;100;83;G4;253;0.0;58.33
30081;1103KM;1103KM;12;100.0;91.67;100;92;G4;109;0.0;91.67
30083;1103KN;1103KN;19;100.0;100.0;100;100;G4;116;0.0;94.74
30085;1103KP;1103KP;23;100.0;91.3;100;100;G4;32;0.0;73.91
30087;1103KR;1103KR;17;100.0;100.0;100;100;G4;37;0.0;70.59
30089;1103KS;1103KS;23;100.0;91.3;100;96;G4;149;0.0;30.43
30091;1103KT;1103KT;14;100.0;92.86;100;93;G4;33;0.0;42.86
30093;1103KV;1103KV;13;100.0;100.0;100;100;G4;23;0.0;15.38
30095;1103KW;1103KW;14;100.0;100.0;100;100;G4;20;0.0;7.14
30097;1103KX;1103KX;11;100.0;100.0;100;100;G4;18;0.0;27.27
30099;1103KZ;1103KZ;13;100.0;92.31;100;92;G4;152;0.0;7.69
30101;1103LA;1103LA;18;100.0;94.44;100;100;G4;105;0.0;94.44
30103;1103LB;1103LB;13;100.0;92.31;100;100;G4;32;0.0;92.31
30105;1103LC;1103LC;17;100.0;88.24;100;94;G4;204;0.0;82.35
30107;1103LD;1103LD;16;100.0;93.75;100;100;G4;25;0.0;87.5
30109;1103LE;1103LE;14;100.0;92.86;100;100;G4;183;0.0;85.71
30111;1103LG;1103LG;17;100.0;88.24;100;94;G4;61;0.0;82.35
30113;1103LH;1103LH;19;100.0;89.47;100;95;G4;35;0.0;0.0
30115;1103LJ;1103LJ;14;100.0;100.0;100;100;G4;41;0.0;7.14
30117;1103LK;1103LK;18;100.0;94.44;100;100;G4;19;0.0;5.56
30119;1103LL;1103LL;13;100.0;84.62;100;100;G4;28;0.0;7.69
30121;1103LM;1103LM;15;100.0;93.33;100;100;G4;16;0.0;0.0
30123;1103LN;1103LN;15;100.0;100.0;100;100;G4;25;0.0;0.0
30125;1103LP;1103LP;19;100.0;100.0;100;100;G4;19;0.0;0.0
30127;1103LR;1103LR;20;100.0;90.0;100;95;G4;21;0.0;5.0
30129;1103LS;1103LS;16;100.0;81.25;100;94;G4;18;0.0;0.0
30131;1103LT;1103LT;13;100.0;100.0;100;100;G4;30;0.0;0.0
30133;1103LV;1103LV;13;100.0;100.0;100;100;G4;26;0.0;0.0
30135;1103LW;1103LW;11;100.0;90.91;100;100;G4;30;0.0;0.0
30137;1103LX;1103LX;14;100.0;92.86;100;100;G4;58;0.0;0.0
30139;1103LZ;1103LZ;18;100.0;100.0;100;100;G4;60;0.0;0.0
30155;1103NA;1103NA;19;100.0;100.0;100;100;G4;25;0.0;0.0
30157;1103NB;1103NB;15;100.0;86.67;100;100;G4;22;0.0;0.0
30159;1103PP;1103PP;28;100.0;100.0;100;100;G4;2053;0.0;0.0
30161;1103PR;1103PR;26;100.0;100.0;100;100;G4;1936;0.0;0.0
30163;1103PS;1103PS;16;100.0;100.0;100;94;G4;2460;0.0;6.25
30165;1103PT;1103PT;18;100.0;100.0;100;100;G4;2123;0.0;16.67
30167;1103PV;1103PV;24;100.0;100.0;100;100;G4;1928;0.0;8.33
30169;1103PW;1103PW;22;100.0;100.0;100;100;G4;2417;0.0;0.0
30171;1103PX;1103PX;23;100.0;100.0;100;100;G4;1985;0.0;4.35
30173;1103PZ;1103PZ;25;100.0;100.0;100;100;G4;1917;0.0;8.0
30175;1103RA;1103RA;77;100.0;100.0;100;100;G4;1829;0.0;7.79
30177;1103RB;1103RB;16;100.0;100.0;100;100;G4;2389;0.0;12.5
30179;1103RC;1103RC;25;100.0;100.0;100;100;G4;2238;0.0;0.0
30181;1103RD;1103RD;19;100.0;100.0;100;100;G4;2362;0.0;5.26
30183;1103RE;1103RE;26;100.0;100.0;100;100;G4;2713;0.0;11.54
30185;1103RG;1103RG;30;100.0;100.0;100;97;G4;2480;0.0;3.33
30187;1103RH;1103RH;27;100.0;100.0;100;96;G4;3044;0.0;0.0
30189;1103RJ;1103RJ;18;100.0;100.0;100;100;G4;2670;0.0;16.67
30191;1103RK;1103RL;41;100.0;100.0;100;100;G4;1784;0.0;4.88
30194;1103RM;1103RM;35;100.0;100.0;100;97;G4;1399;0.0;0.0
30196;1103RN;1103RN;26;100.0;100.0;100;100;G4;1590;0.0;7.69
30198;1103RP;1103SC;80;100.0;98.75;100;94;G4;1271;0.0;2.5
30200;1103SE;1103SE;50;100.0;100.0;100;100;G4;1300;0.0;2.0
30202;1103SG;1103SG;65;100.0;98.46;100;98;G4;1259;0.0;7.69
30204;1103SH;1103SH;53;100.0;100.0;100;100;G4;1001;0.0;1.89
30206;1103SJ;1103SJ;14;100.0;100.0;100;100;G4;1142;0.0;7.14
30208;1103SK;1103SK;136;100.0;98.53;100;100;G4;1000;0.0;2.21
30210;1103SL;1103SL;15;100.0;100.0;100;100;G4;1289;0.0;0.0
30212;1103SM;1103SM;19;100.0;100.0;100;100;G4;1316;0.0;0.0
30223;1103TL;1104CA;373;100.0;96.25;100;95;G4;299;0.0;89.81
30236;1104CB;1104DA;54;100.0;83.33;100;74;G4;4353;0.0;1.85
30243;1104DB;1104DB;34;100.0;100.0;100;97;G4;1896;0.0;2.94
30245;1104DC;1104DC;24;100.0;100.0;100;100;G4;1670;0.0;8.33
30247;1104DD;1104DE;29;100.0;96.55;100;100;G4;1280;0.0;3.45
30250;1104DG;1104DG;10;100.0;100.0;100;100;G4;1412;0.0;0.0
30252;1104DH;1104DH;25;100.0;100.0;100;100;G4;1149;0.0;12.0
30254;1104DJ;1104DK;13;100.0;100.0;100;100;G4;1164;0.0;0.0
30256;1104DL;1104DL;23;100.0;100.0;100;100;G4;1400;0.0;4.35
30258;1104DM;1104DM;13;100.0;100.0;100;100;G4;1422;0.0;7.69
30259;1104DN;1104DN;67;100.0;98.51;100;100;G4;1276;0.0;1.49
30262;1104DP;1104DP;17;100.0;100.0;100;100;G4;1277;0.0;0.0
30264;1104EA;1104EA;602;100.0;15.78;100;99;G4;274;0.0;14.95
30266;1104EB;1104GA;28;100.0;85.71;100;79;G6;1322;0.0;3.57
30268;1104GB;1104GB;21;100.0;100.0;100;100;G6;1378;0.0;0.0
30270;1104GC;1104GC;20;100.0;100.0;100;100;G6;1381;0.0;0.0
30272;1104GD;1104GD;23;100.0;95.65;100;91;G6;1392;0.0;0.0
30274;1104GE;1104GE;24;100.0;100.0;100;100;G6;1166;0.0;8.33
30276;1104GG;1104GG;23;100.0;100.0;100;100;G6;1239;0.0;4.35
30278;1104GH;1104GH;23;100.0;100.0;100;96;G6;1582;0.0;4.35
30280;1104GJ;1104GJ;22;100.0;100.0;100;100;G6;1142;0.0;0.0
30282;1104GK;1104GK;22;100.0;95.45;100;95;G6;1664;0.0;0.0
30284;1104GL;1104GL;21;100.0;100.0;100;100;G6;1545;0.0;0.0
30286;1104GM;1104GM;17;100.0;100.0;100;82;G6;1331;0.0;0.0
30288;1104GN;1104GN;20;100.0;100.0;100;100;G6;1112;0.0;0.0
30290;1104GP;1104GP;22;100.0;100.0;100;100;G6;1232;0.0;0.0
30292;1104GR;1104GR;22;100.0;100.0;100;86;G6;1245;0.0;13.64
30294;1104GS;1104GS;19;100.0;100.0;100;100;G6;1542;0.0;0.0
30296;1104GT;1104GT;22;100.0;95.45;100;100;G6;1259;0.0;0.0
30298;1104GV;1104GV;25;100.0;100.0;100;100;G6;1303;0.0;4.0
30300;1104GW;1104GW;25;100.0;100.0;100;92;G6;1431;0.0;4.0
30302;1104GX;1104GX;23;100.0;100.0;100;96;G6;1181;0.0;0.0
30304;1104GZ;1104GZ;20;100.0;95.0;100;90;G6;1207;0.0;10.0
30306;1104HA;1104HA;20;100.0;100.0;100;75;G6;1162;0.0;0.0
30308;1104HB;1104HB;22;100.0;95.45;100;86;G6;1309;0.0;0.0
30310;1104HC;1104HC;21;100.0;100.0;100;100;G6;1200;0.0;4.76
30312;1104HD;1104HD;24;100.0;100.0;100;100;G6;1273;0.0;4.17
30314;1104HE;1104HE;22;100.0;100.0;100;100;G6;1200;0.0;4.55
30316;1104HG;1104HG;22;100.0;95.45;100;95;G6;1259;0.0;0.0
30318;1104HH;1104HH;18;100.0;100.0;100;61;G6;1555;0.0;5.56
30320;1104HJ;1104HJ;20;100.0;100.0;100;65;G6;3735;0.0;5.0
30330;1104JA;1104KA;13;100.0;0.0;100;92;OBK;11300;0.0;0.0
30332;1104KB;1104KB;155;100.0;96.77;100;99;G4;1105;0.0;0.65
30334;1104KC;1104KC;12;100.0;8.33;100;75;OBK;281;0.0;0.0
30336;1104KD;1104KD;158;100.0;98.1;100;99;G4;1121;0.0;1.27
30338;1104KE;1104KG;162;100.0;96.91;100;98;G4;1071;0.0;2.47
30341;1104KH;1104KH;21;100.0;0.0;100;95;G4;202;0.0;0.0
30343;1104KJ;1104KJ;157;100.0;97.45;100;99;G4;1155;0.0;1.27
30345;1104KK;1104KK;46;100.0;100.0;100;100;G4;1154;0.0;0.0
30347;1104KM;1104KN;29;100.0;100.0;100;97;G4;1456;0.0;0.0
30349;1104KP;1104KP;22;100.0;100.0;100;100;G4;1235;0.0;0.0
30351;1104KR;1104KR;31;100.0;96.77;100;100;G4;1096;0.0;0.0
30353;1104KT;1104KT;31;100.0;100.0;100;100;G4;1267;0.0;0.0
30355;1104LA;1104LA;24;100.0;100.0;100;100;G6;1851;0.0;0.0
30357;1104LB;1104LB;22;100.0;95.45;100;100;G6;1300;0.0;4.55
30359;1104LC;1104LC;23;100.0;100.0;100;100;G6;1244;0.0;0.0
30361;1104LD;1104LD;22;100.0;100.0;100;100;G6;1512;0.0;0.0
30363;1104LE;1104LE;26;100.0;100.0;100;100;G6;1462;0.0;11.54
30365;1104LG;1104LG;25;100.0;100.0;100;96;G6;1287;0.0;4.0
30367;1104LH;1104LH;24;100.0;100.0;100;100;G6;1429;0.0;4.17
30369;1104LJ;1104LJ;26;100.0;100.0;100;92;G6;3411;0.0;0.0
30371;1104LK;1104LK;22;100.0;100.0;100;100;G6;1471;0.0;4.55
30373;1104LL;1104LL;23;100.0;100.0;100;100;G6;1199;0.0;0.0
30375;1104LM;1104LM;22;100.0;100.0;100;100;G6;1271;0.0;0.0
30377;1104LN;1104LN;23;100.0;100.0;100;100;G6;1200;0.0;0.0
30379;1104LP;1104LP;25;100.0;100.0;100;96;G6;1352;0.0;0.0
30381;1104LR;1104LR;18;100.0;100.0;100;89;G6;1253;0.0;11.11
30383;1104LS;1104LS;23;100.0;100.0;100;100;G6;1303;0.0;4.35
30385;1104LT;1104LT;18;100.0;100.0;100;100;G6;1068;0.0;0.0
30387;1104LV;1104LV;18;100.0;100.0;100;100;G6;1417;0.0;0.0
30389;1104MA;1104MA;41;100.0;100.0;100;100;G4;1020;0.0;0.0
30391;1104MB;1104MB;42;100.0;100.0;100;100;G4;1029;0.0;2.38
30393;1104MC;1104MC;27;100.0;100.0;100;100;G4;869;0.0;0.0
30395;1104MD;1104MD;28;100.0;100.0;100;100;G4;966;0.0;0.0
30397;1104ME;1104ME;24;100.0;100.0;100;100;G4;1111;0.0;8.33
30399;1104MG;1104MH;22;100.0;100.0;100;100;G4;1189;0.0;0.0
30401;1104MJ;1104MJ;32;100.0;100.0;100;100;G4;1064;0.0;3.13
30403;1104MK;1104MK;41;100.0;100.0;100;100;G4;881;0.0;4.88
30405;1104ML;1104ML;45;100.0;100.0;100;100;G4;988;0.0;0.0
30407;1104MN;1104MN;32;100.0;96.88;100;100;G4;884;0.0;0.0
30409;1104MP;1104MP;31;100.0;100.0;100;100;G4;962;0.0;0.0
30411;1104MR;1104MR;19;100.0;94.74;100;100;G4;1132;0.0;0.0
30413;1104MS;1104MT;47;100.0;97.87;100;100;G4;864;0.0;0.0
30415;1104MV;1104MV;40;100.0;97.5;100;100;G4;1088;0.0;0.0
30417;1104MX;1104MX;27;100.0;100.0;100;100;G4;1104;0.0;0.0
30419;1104MZ;1104MZ;21;100.0;100.0;100;100;G4;1019;0.0;4.76
30421;1104NA;1104NA;36;100.0;83.33;100;78;G4;4134;0.0;5.56
30423;1104NB;1104NS;43;100.0;97.67;100;95;G4;1579;0.0;0.0
30425;1104NT;1104NT;36;100.0;97.22;100;100;G4;1011;0.0;2.78
30427;1104NV;1104NV;41;100.0;100.0;100;100;G4;1006;0.0;2.44
30429;1104NW;1104NW;36;100.0;100.0;100;100;G4;1158;0.0;0.0
30431;1104NX;1104NX;19;100.0;100.0;100;100;G4;896;0.0;0.0
30433;1104NZ;1104NZ;46;100.0;100.0;100;100;G4;828;0.0;0.0
30435;1104PA;1104PA;37;100.0;97.3;100;100;G4;1152;0.0;0.0
30437;1104PB;1104PB;33;100.0;100.0;100;100;G4;977;0.0;3.03
30439;1104PC;1104PC;28;100.0;96.43;100;100;G4;953;0.0;0.0
30441;1104PD;1104PD;27;100.0;100.0;100;100;G4;1078;0.0;0.0
30443;1104PE;1104PE;27;100.0;96.3;100;100;G4;942;0.0;0.0
30445;1104PG;1104PH;42;100.0;97.62;100;95;G4;1841;0.0;0.0
30448;1104PJ;1104PJ;36;100.0;97.22;100;100;G4;1154;0.0;0.0
30450;1104PK;1104PK;19;100.0;100.0;100;100;G4;802;0.0;68.42
30452;1104PL;1104PL;22;100.0;100.0;100;100;G4;948;0.0;40.91
30454;1104PM;1104PM;18;100.0;100.0;100;100;G4;1420;0.0;0.0
30456;1104PN;1104PP;35;100.0;97.14;100;100;G4;1056;0.0;5.71
30458;1104PR;1104PR;20;100.0;100.0;100;100;G4;1146;0.0;0.0
30460;1104PS;1104PS;28;100.0;100.0;100;100;G4;864;0.0;0.0
30463;1104SE;1104SL;16;100.0;75.0;100;88;G4;1044;0.0;75.0
30467;1104SM;1104SM;15;100.0;93.33;100;93;G4;75;0.0;40.0
30469;1104SN;1104SN;13;100.0;100.0;100;100;G4;91;0.0;84.62
30471;1104SP;1104SP;14;100.0;100.0;100;100;G4;213;0.0;85.71
30473;1104SR;1104SR;14;100.0;100.0;100;100;G4;90;0.0;92.86
30475;1104ST;1104ST;14;100.0;100.0;100;100;G4;80;0.0;100.0
30477;1104SV;1104SV;14;100.0;100.0;100;100;G4;80;0.0;92.86
30479;1104SW;1104SW;14;100.0;100.0;100;100;G4;78;0.0;71.43
30481;1104SX;1104SX;14;100.0;100.0;100;100;G4;82;0.0;71.43
30483;1104SZ;1104SZ;14;100.0;100.0;100;100;G4;79;0.0;42.86
30485;1104TA;1104TA;14;100.0;100.0;100;100;G4;38;0.0;85.71
30487;1104TB;1104TB;18;100.0;100.0;100;100;G4;74;0.0;88.89
30489;1104TC;1104TC;18;100.0;94.44;100;100;G4;173;0.0;88.89
30491;1104TD;1104TD;18;100.0;94.44;100;100;G4;97;0.0;94.44
30493;1104TE;1104TE;18;100.0;100.0;100;89;G4;109;0.0;100.0
30495;1104TG;1104TG;18;100.0;100.0;100;94;G4;87;0.0;94.44
30497;1104TH;1104TH;18;100.0;100.0;100;83;G4;101;0.0;83.33
30499;1104TJ;1104TJ;18;100.0;100.0;100;89;G4;86;0.0;88.89
30501;1104TK;1104TK;18;100.0;100.0;100;83;G4;67;0.0;100.0
30503;1104TL;1104TL;18;100.0;100.0;100;89;G4;79;0.0;100.0
30505;1104TM;1104TM;16;100.0;100.0;100;100;G4;75;0.0;87.5
30507;1104TN;1104TN;18;100.0;94.44;100;100;G4;146;0.0;83.33
30509;1104TP;1104TP;17;100.0;100.0;100;100;G4;74;0.0;94.12
30511;1104TR;1104TR;18;100.0;100.0;100;100;G4;91;0.0;94.44
30513;1104TS;1104TS;18;100.0;100.0;100;100;G4;80;0.0;94.44
30515;1104TT;1104TT;18;100.0;100.0;100;100;G4;78;0.0;94.44
30517;1104TV;1104TV;18;100.0;100.0;100;100;G4;103;0.0;88.89
30519;1104TW;1104TW;18;100.0;100.0;100;100;G4;74;0.0;94.44
30521;1104TX;1104TX;17;100.0;100.0;100;100;G4;91;0.0;100.0
30523;1104TZ;1104TZ;18;100.0;100.0;100;100;G4;55;0.0;100.0
30530;1105AG;1105AH;11;100.0;81.82;100;64;G4;2153;0.0;18.18
30532;1105AJ;1105AS;29;100.0;89.66;100;72;G16;14083;0.0;3.45
30534;1105AT;1105AT;13;100.0;84.62;100;38;G16;4655;0.0;7.69
30536;1105AZ;1105BJ;32;100.0;84.38;100;47;G25;14993;0.0;3.13
30539;1105BN;1106AD;21;100.0;100.0;100;76;G4;6809;0.0;0.0
30541;1106AE;1106AE;18;100.0;100.0;100;100;G4;989;0.0;0.0
30543;1106AG;1106AG;19;100.0;100.0;100;100;G4;1180;0.0;10.53
30545;1106AH;1106AH;16;100.0;100.0;100;100;G4;1385;0.0;0.0
30547;1106AK;1106AM;23;100.0;100.0;100;87;G4;4327;0.0;0.0
30549;1106AN;1106AN;34;100.0;94.12;100;94;G4;1776;0.0;0.0
30551;1106AP;1106AP;33;100.0;96.97;100;94;G4;1079;0.0;0.0
30553;1106AR;1106AS;40;100.0;97.5;100;83;G4;2034;0.0;2.5
30556;1106AT;1106AV;27;100.0;92.59;100;74;G4;4016;0.0;11.11
30558;1106AX;1106BA;31;100.0;100.0;100;90;G4;1582;0.0;3.23
30560;1106BB;1106BB;24;100.0;100.0;100;96;G4;1038;0.0;0.0
30562;1106BC;1106BC;14;100.0;100.0;100;100;G4;1241;0.0;0.0
30564;1106BD;1106BD;14;100.0;100.0;100;100;G4;1155;0.0;7.14
30566;1106BE;1106BE;24;100.0;100.0;100;100;G4;1145;0.0;0.0
30568;1106BG;1106BG;20;100.0;100.0;100;100;G4;1282;0.0;0.0
30570;1106BH;1106BH;18;100.0;100.0;100;100;G4;52;0.0;0.0
30572;1106BJ;1106BJ;18;100.0;100.0;100;94;G4;841;0.0;5.56
30574;1106BK;1106BK;23;100.0;91.3;100;100;G4;1031;0.0;0.0
30576;1106BM;1106BM;30;100.0;100.0;100;100;G4;1037;0.0;13.33
30578;1106BN;1106BN;25;100.0;96.0;100;100;G4;1006;0.0;0.0
30580;1106BP;1106BP;23;100.0;100.0;100;100;G4;31;0.0;0.0
30582;1106BR;1106BR;19;100.0;100.0;100;100;G4;28;0.0;0.0
30584;1106BS;1106BS;27;100.0;100.0;100;100;G4;1246;0.0;0.0
30586;1106BT;1106BT;28;100.0;100.0;100;100;G4;1102;0.0;3.57
30588;1106BV;1106BV;37;100.0;100.0;100;97;G4;983;0.0;2.7
30590;1106BW;1106BW;27;100.0;100.0;100;100;G4;983;0.0;0.0
30592;1106BX;1106BX;25;100.0;100.0;100;100;G4;1326;0.0;0.0
30594;1106BZ;1106BZ;24;100.0;100.0;100;100;G4;1040;0.0;4.17
30596;1106CA;1106CA;17;100.0;100.0;100;100;G4;982;0.0;5.88
30598;1106CB;1106CB;24;100.0;100.0;100;100;G4;1261;0.0;0.0
30600;1106CC;1106CC;21;100.0;100.0;100;100;G4;1120;0.0;0.0
30602;1106CD;1106CD;25;100.0;96.0;100;100;G4;1097;0.0;0.0
30604;1106CE;1106CE;29;100.0;100.0;100;100;G4;1346;0.0;3.45
30606;1106CG;1106CG;21;100.0;100.0;100;100;G4;1029;0.0;0.0
30608;1106CH;1106CH;25;100.0;100.0;100;100;G4;1257;0.0;0.0
30610;1106CJ;1106CJ;24;100.0;100.0;100;100;G4;1092;0.0;0.0
30612;1106CK;1106CK;12;100.0;100.0;100;100;G4;994;0.0;0.0
30614;1106CL;1106CL;21;100.0;100.0;100;100;G4;1087;0.0;0.0
30616;1106CM;1106CM;25;100.0;100.0;100;100;G4;1085;0.0;4.0
30618;1106CN;1106CN;58;100.0;100.0;100;97;G4;1320;0.0;1.72
30620;1106CP;1106CP;76;100.0;97.37;100;96;G4;1301;0.0;0.0
30622;1106CR;1106CR;12;100.0;100.0;100;100;G4;1114;0.0;0.0
30624;1106CS;1106CS;13;100.0;100.0;100;100;G4;1122;0.0;0.0
30626;1106CT;1106CT;42;100.0;100.0;100;93;G4;1745;0.0;2.38
30628;1106CV;1106CV;45;100.0;100.0;100;98;G4;1581;0.0;4.44
30630;1106CW;1106CW;26;100.0;100.0;100;100;G4;1051;0.0;0.0
30632;1106CX;1106CX;65;100.0;98.46;100;100;G4;974;0.0;0.0
30634;1106CZ;1106CZ;23;100.0;100.0;100;96;G4;1404;0.0;0.0
30636;1106DA;1106DA;19;100.0;100.0;100;95;G4;1577;0.0;0.0
30638;1106DB;1106DB;53;100.0;98.11;100;98;G4;1346;0.0;3.77
30640;1106DC;1106DC;34;100.0;100.0;100;100;G4;1099;0.0;2.94
30642;1106DD;1106DD;50;100.0;98.0;100;96;G4;1665;0.0;0.0
30644;1106DE;1106DE;50;100.0;100.0;100;96;G4;2207;0.0;0.0
30646;1106DG;1106DG;54;100.0;100.0;100;100;G4;1425;0.0;16.67
30648;1106DH;1106DH;42;100.0;100.0;100;95;G4;1451;0.0;2.38
30650;1106DJ;1106DJ;74;100.0;98.65;100;100;G4;1068;0.0;1.35
30652;1106DK;1106DK;59;100.0;98.31;100;98;G4;1205;0.0;0.0
30654;1106DL;1106DL;45;100.0;100.0;100;100;G4;1050;0.0;2.22
30656;1106DM;1106DM;57;100.0;100.0;100;100;G4;1011;0.0;5.26
30658;1106DN;1106DN;42;100.0;97.62;100;100;G4;1008;0.0;2.38
30660;1106DP;1106DP;44;100.0;100.0;100;100;G4;815;0.0;0.0
30662;1106DR;1106DR;43;100.0;100.0;100;100;G4;996;0.0;4.65
30664;1106DS;1106DS;71;100.0;98.59;100;100;G4;936;0.0;4.23
30666;1106DT;1106DT;39;100.0;100.0;100;100;G4;848;0.0;0.0
30668;1106DV;1106EA;24;100.0;100.0;100;83;G4;3460;0.0;8.33
30670;1106EB;1106EB;20;100.0;100.0;100;100;G4;1659;0.0;0.0
30672;1106EC;1106EC;17;100.0;100.0;100;100;G4;1607;0.0;0.0
30674;1106ED;1106ED;23;100.0;100.0;100;100;G4;1749;0.0;0.0
30676;1106EE;1106EE;16;100.0;100.0;100;100;G4;1551;0.0;0.0
30678;1106EG;1106EG;22;100.0;100.0;100;100;G4;1488;0.0;0.0
30680;1106EH;1106EH;17;100.0;100.0;100;100;G4;1355;0.0;5.88
30682;1106EJ;1106EJ;15;100.0;100.0;100;100;G4;1839;0.0;0.0
30684;1106EK;1106EK;21;100.0;100.0;100;100;G4;1463;0.0;0.0
30686;1106EL;1106EL;26;100.0;100.0;100;100;G4;1656;0.0;7.69
30688;1106EM;1106EM;25;100.0;96.0;100;100;G4;1483;0.0;4.0
30690;1106EN;1106EN;19;100.0;100.0;100;100;G4;1326;0.0;15.79
30692;1106EP;1106EP;16;100.0;100.0;100;100;G4;1462;0.0;25.0
30694;1106ER;1106ER;21;100.0;100.0;100;100;G4;1665;0.0;9.52
30696;1106ES;1106ES;14;100.0;100.0;100;100;G4;1579;0.0;0.0
30698;1106ET;1106ET;15;100.0;100.0;100;100;G4;1649;0.0;0.0
30700;1106EV;1106EV;22;100.0;100.0;100;100;G4;1655;0.0;0.0
30702;1106EW;1106EW;24;100.0;100.0;100;100;G4;1524;0.0;0.0
30704;1106EX;1106EX;23;100.0;100.0;100;100;G4;1776;0.0;0.0
30706;1106EZ;1106EZ;50;100.0;100.0;100;100;G4;996;0.0;0.0
30708;1106GA;1106GA;10;100.0;100.0;100;100;G4;1935;0.0;10.0
30710;1106GB;1106GC;21;100.0;100.0;100;100;G4;1334;0.0;0.0
30713;1106GD;1106GD;17;100.0;100.0;100;100;G4;1230;0.0;5.88
30715;1106GE;1106GE;13;100.0;100.0;100;100;G4;1499;0.0;7.69
30717;1106GG;1106GG;22;100.0;100.0;100;100;G4;1207;0.0;4.55
30719;1106GH;1106GH;15;100.0;100.0;100;100;G4;1264;0.0;0.0
30721;1106GJ;1106GJ;18;100.0;100.0;100;100;G4;1161;0.0;0.0
30723;1106GK;1106GK;17;100.0;100.0;100;100;G4;1016;0.0;0.0
30725;1106GL;1106GL;23;100.0;100.0;100;96;G4;1083;0.0;8.7
30727;1106GM;1106GM;12;100.0;100.0;100;100;G4;1537;0.0;8.33
30729;1106GN;1106GN;12;100.0;100.0;100;100;G4;1438;0.0;0.0
30731;1106GP;1106GP;14;100.0;100.0;100;100;G4;1312;0.0;7.14
30733;1106GR;1106GR;12;100.0;100.0;100;100;G4;1388;0.0;8.33
30735;1106GS;1106GS;12;100.0;100.0;100;100;G4;1577;0.0;0.0
30737;1106GT;1106GT;15;100.0;100.0;100;100;G4;1341;0.0;6.67
30739;1106GV;1106GW;19;100.0;100.0;100;100;G4;1125;0.0;0.0
30741;1106GZ;1106HA;53;100.0;100.0;100;94;G4;2021;0.0;5.66
30744;1106HB;1106HB;14;100.0;100.0;100;100;G4;1584;0.0;7.14
30746;1106HC;1106HC;14;100.0;100.0;100;100;G4;1791;0.0;0.0
30748;1106HD;1106HD;19;100.0;94.74;100;100;G4;1465;0.0;0.0
30750;1106HE;1106HE;34;100.0;100.0;100;100;G4;1482;0.0;2.94
30752;1106HG;1106HG;23;100.0;100.0;100;100;G4;1408;0.0;8.7
30754;1106HH;1106HH;23;100.0;100.0;100;96;G4;1089;0.0;8.7
30756;1106HJ;1106HJ;25;100.0;100.0;100;100;G4;1317;0.0;4.0
30758;1106HK;1106HK;29;100.0;100.0;100;100;G4;1271;0.0;0.0
30760;1106HL;1106HL;22;100.0;100.0;100;95;G4;1417;0.0;0.0
30762;1106HM;1106HM;22;100.0;100.0;100;100;G4;1797;0.0;0.0
30764;1106HN;1106HN;20;100.0;100.0;100;100;G4;1577;0.0;0.0
30766;1106HP;1106HP;20;100.0;100.0;100;100;G4;1589;0.0;10.0
30768;1106HR;1106HR;23;100.0;100.0;100;100;G4;1717;0.0;0.0
30770;1106HS;1106HS;23;100.0;100.0;100;100;G4;1758;0.0;0.0
30772;1106HT;1106HT;18;100.0;100.0;100;100;G4;1565;0.0;5.56
30774;1106HV;1106HV;19;100.0;100.0;100;95;G4;1991;0.0;5.26
30776;1106HW;1106HX;19;100.0;94.74;100;89;G4;3995;0.0;5.26
30778;1106HZ;1106HZ;12;100.0;100.0;100;100;G4;1968;0.0;0.0
30780;1106JA;1106JA;20;100.0;100.0;100;100;G4;1650;0.0;0.0
30782;1106JB;1106JB;16;100.0;100.0;100;100;G4;1207;0.0;0.0
30784;1106JC;1106JC;23;100.0;100.0;100;100;G4;1531;0.0;0.0
30786;1106JD;1106JD;16;100.0;100.0;100;100;G4;1336;0.0;0.0
30788;1106JE;1106JE;16;100.0;100.0;100;100;G4;1326;0.0;0.0
30790;1106JG;1106JG;17;100.0;100.0;100;94;G4;1790;0.0;0.0
30792;1106JH;1106JH;16;100.0;100.0;100;100;G4;1057;0.0;0.0
30794;1106JJ;1106JJ;16;100.0;100.0;100;100;G4;1460;0.0;0.0
30796;1106JK;1106JK;16;100.0;100.0;100;100;G4;1314;0.0;0.0
30798;1106JL;1106JL;16;100.0;100.0;100;100;G4;1398;0.0;0.0
30800;1106JM;1106JM;16;100.0;100.0;100;100;G4;1410;0.0;6.25
30802;1106JN;1106JN;16;100.0;100.0;100;100;G4;1138;0.0;6.25
30804;1106JP;1106JP;17;100.0;100.0;100;100;G4;1773;0.0;0.0
30806;1106JR;1106JR;16;100.0;100.0;100;100;G4;1796;0.0;6.25
30808;1106JS;1106JS;16;100.0;100.0;100;100;G4;1246;0.0;50.0
30810;1106JT;1106JT;16;100.0;100.0;100;100;G4;1682;0.0;0.0
30812;1106JV;1106JV;24;100.0;100.0;100;100;G4;1565;0.0;0.0
30814;1106JW;1106JW;16;100.0;100.0;100;100;G4;1422;0.0;6.25
30816;1106JX;1106JX;49;100.0;100.0;100;100;G4;1246;0.0;2.04
30818;1106JZ;1106JZ;34;100.0;100.0;100;100;G4;1416;0.0;2.94
30820;1106KA;1106KA;16;100.0;93.75;100;100;G4;1710;0.0;0.0
30822;1106KB;1106KB;16;100.0;100.0;100;100;G4;1480;0.0;0.0
30824;1106KC;1106KC;24;100.0;100.0;100;100;G4;1581;0.0;0.0
30826;1106KD;1106KD;16;100.0;100.0;100;100;G4;1441;0.0;0.0
30828;1106KE;1106KE;16;100.0;100.0;100;100;G4;1255;0.0;0.0
30830;1106KG;1106KG;17;100.0;94.12;100;100;G4;1369;0.0;0.0
30832;1106KH;1106KH;17;100.0;88.24;100;100;G4;1476;0.0;0.0
30834;1106KJ;1106KJ;16;100.0;93.75;100;100;G4;1345;0.0;0.0
30836;1106KK;1106KK;18;100.0;100.0;100;94;G4;2241;0.0;0.0
30838;1106KL;1106KL;24;100.0;100.0;100;100;G4;1285;0.0;0.0
30840;1106KM;1106KM;24;100.0;100.0;100;100;G4;1257;0.0;4.17
30842;1106KN;1106KN;16;100.0;100.0;100;100;G4;1026;0.0;25.0
30844;1106KP;1106KP;16;100.0;100.0;100;100;G4;1680;0.0;0.0
30846;1106KR;1106KR;16;100.0;100.0;100;100;G4;1863;0.0;0.0
30848;1106KS;1106KS;16;100.0;100.0;100;100;G4;1135;0.0;0.0
30850;1106KT;1106KT;24;100.0;100.0;100;100;G4;1297;0.0;0.0
30852;1106KV;1106KV;24;100.0;100.0;100;100;G4;1337;0.0;0.0
30854;1106KW;1106KW;16;100.0;100.0;100;100;G4;1227;0.0;0.0
30856;1106KX;1106KX;16;100.0;100.0;100;100;G4;1237;0.0;0.0
30858;1106KZ;1106KZ;16;100.0;100.0;100;100;G4;1338;0.0;0.0
30860;1106LA;1106LA;16;100.0;100.0;100;94;G4;1519;0.0;0.0
30862;1106LB;1106LB;16;100.0;100.0;100;100;G4;1174;0.0;0.0
30864;1106LC;1106LC;16;100.0;93.75;100;100;G4;1535;0.0;0.0
30866;1106LD;1106LD;16;100.0;100.0;100;100;G4;1218;0.0;0.0
30868;1106LE;1106LE;16;100.0;100.0;100;100;G4;1434;0.0;0.0
30870;1106LG;1106LG;17;100.0;94.12;100;94;G4;2152;0.0;0.0
30872;1106LH;1106LH;16;100.0;100.0;100;100;G4;1267;0.0;0.0
30874;1106LJ;1106LJ;17;100.0;100.0;100;100;G4;1442;0.0;0.0
30876;1106LK;1106LK;16;100.0;100.0;100;100;G4;1496;0.0;0.0
30878;1106LL;1106LL;16;100.0;93.75;100;100;G4;1500;0.0;0.0
30880;1106LM;1106LM;16;100.0;100.0;100;100;G4;1399;0.0;0.0
30882;1106LN;1106LN;19;100.0;68.42;100;68;G4;4703;0.0;5.26
30884;1106LP;1106LP;10;100.0;70.0;100;30;G16;8778;0.0;10.0
30886;1106LT;1106LT;16;100.0;100.0;100;100;G4;1503;0.0;0.0
30888;1106LV;1106LV;19;100.0;100.0;100;100;G4;1340;0.0;0.0
30890;1106LW;1106LW;16;100.0;100.0;100;100;G4;1210;0.0;0.0
30892;1106LX;1106LX;15;100.0;100.0;100;100;G4;1744;0.0;0.0
30894;1106LZ;1106LZ;16;100.0;100.0;100;100;G4;1270;0.0;0.0
30896;1106MA;1106MA;53;100.0;100.0;100;98;G4;1140;0.0;92.45
30898;1106MC;1106MC;37;100.0;100.0;100;95;G4;1614;0.0;97.3
30900;1106MD;1106MD;24;100.0;95.83;100;100;G4;872;0.0;0.0
30902;1106MH;1106MH;24;100.0;100.0;100;88;G4;2931;0.0;4.17
30904;1106MJ;1106MJ;44;100.0;100.0;100;100;G4;921;0.0;25.0
30906;1106MS;1106MS;45;100.0;100.0;100;98;G4;1365;0.0;2.22
30908;1106MT;1106MT;44;100.0;97.73;100;100;G4;676;0.0;0.0
30910;1106MV;1106MV;44;100.0;100.0;100;100;G4;868;0.0;2.27
30912;1106MX;1106MX;30;100.0;100.0;100;100;G4;868;0.0;0.0
30914;1106NA;1106NA;15;100.0;100.0;100;100;G4;1618;0.0;0.0
30916;1106NB;1106NB;19;100.0;100.0;100;100;G4;1491;0.0;5.26
30918;1106NC;1106NC;16;100.0;100.0;100;100;G4;1444;0.0;100.0
30920;1106ND;1106ND;15;100.0;100.0;100;100;G4;1863;0.0;100.0
30922;1106NE;1106NE;17;100.0;94.12;100;94;G4;1335;0.0;94.12
30924;1106NG;1106NG;23;100.0;100.0;100;100;G4;1377;0.0;95.65
30926;1106NH;1106NH;19;100.0;100.0;100;100;G4;1193;0.0;94.74
30928;1106NJ;1106NJ;11;100.0;100.0;100;100;G4;1062;0.0;0.0
30930;1106NK;1106NK;16;100.0;100.0;100;100;G4;1391;0.0;0.0
30932;1106NL;1106NL;19;100.0;100.0;100;100;G4;1097;0.0;0.0
30934;1106NM;1106NM;16;100.0;100.0;100;100;G4;1561;0.0;0.0
30936;1106NN;1106NN;15;100.0;100.0;100;100;G4;1549;0.0;0.0
30938;1106NP;1106NP;15;100.0;100.0;100;100;G4;1793;0.0;0.0
30940;1106NR;1106NR;16;100.0;100.0;100;100;G4;1349;0.0;0.0
30942;1106NS;1106NS;11;100.0;100.0;100;100;G4;989;0.0;0.0
30944;1106NT;1106NT;16;100.0;100.0;100;100;G4;1237;0.0;0.0
30946;1106NV;1106NV;15;100.0;100.0;100;100;G4;1396;0.0;0.0
30948;1106NW;1106NW;16;100.0;100.0;100;100;G4;1412;0.0;0.0
30950;1106NX;1106NZ;23;100.0;100.0;100;100;G4;1351;0.0;0.0
30952;1106PA;1106PA;19;100.0;100.0;100;100;G4;1189;0.0;5.26
30954;1106PB;1106PB;16;100.0;100.0;100;100;G4;1671;0.0;6.25
30956;1106PC;1106PC;23;100.0;100.0;100;100;G4;1419;0.0;0.0
30958;1106PD;1106PD;23;100.0;100.0;100;100;G4;1346;0.0;4.35
30960;1106PE;1106PE;19;100.0;100.0;100;100;G4;1402;0.0;0.0
30962;1106PG;1106PG;16;100.0;100.0;100;100;G4;1363;0.0;0.0
30964;1106PH;1106PH;15;100.0;100.0;100;100;G4;1456;0.0;46.67
30966;1106PJ;1106PJ;22;100.0;100.0;100;100;G4;1428;0.0;68.18
30968;1106PK;1106PK;15;100.0;100.0;100;100;G4;1532;0.0;0.0
30970;1106PL;1106PL;16;100.0;100.0;100;100;G4;1451;0.0;0.0
30972;1106PM;1106PM;19;100.0;100.0;100;100;G4;993;0.0;0.0
30974;1106PN;1106PN;16;100.0;100.0;100;100;G4;1453;0.0;0.0
30976;1106PP;1106PP;16;100.0;100.0;100;100;G4;1396;0.0;0.0
30978;1106PR;1106PR;16;100.0;100.0;100;100;G4;1661;0.0;0.0
30980;1106PS;1106PS;16;100.0;100.0;100;100;G4;1276;0.0;0.0
30982;1106PT;1106PT;16;100.0;100.0;100;100;G4;1529;0.0;0.0
30984;1106PV;1106PV;19;100.0;100.0;100;100;G4;1103;0.0;0.0
30986;1106PW;1106PW;16;100.0;100.0;100;100;G4;1422;0.0;0.0
30988;1106PX;1106PX;15;100.0;100.0;100;100;G4;1663;0.0;0.0
30990;1106PZ;1106PZ;16;100.0;100.0;100;100;G4;1396;0.0;50.0
30992;1106RA;1106RA;15;100.0;100.0;100;100;G4;1676;0.0;0.0
30994;1106RB;1106RB;19;100.0;100.0;100;100;G4;1198;0.0;0.0
30996;1106RC;1106RC;16;100.0;100.0;100;100;G4;1299;0.0;25.0
30998;1106RD;1106RD;16;100.0;100.0;100;100;G4;1468;0.0;0.0
31000;1106RE;1106RE;16;100.0;100.0;100;100;G4;1360;0.0;6.25
31002;1106RG;1106RG;16;100.0;100.0;100;100;G4;1396;0.0;0.0
31004;1106RH;1106RH;16;100.0;93.75;100;100;G4;1505;0.0;0.0
31006;1106RJ;1106RJ;16;100.0;100.0;100;100;G4;1424;0.0;0.0
31008;1106RK;1106RK;19;100.0;100.0;100;100;G4;1202;0.0;0.0
31010;1106RL;1106RL;14;100.0;100.0;100;100;G4;1265;0.0;7.14
31012;1106RM;1106RM;23;100.0;100.0;100;96;G4;1739;0.0;0.0
31014;1106RN;1106RN;16;100.0;100.0;100;100;G4;1558;0.0;0.0
31016;1106RP;1106RP;11;100.0;100.0;100;100;G4;1002;0.0;0.0
31018;1106RR;1106RR;16;100.0;100.0;100;100;G4;1247;0.0;0.0
31020;1106RS;1106RS;16;100.0;100.0;100;100;G4;1099;0.0;6.25
31022;1106RT;1106RT;15;100.0;100.0;100;100;G4;1317;0.0;0.0
31024;1106RV;1106RV;13;100.0;100.0;100;92;G4;1423;0.0;7.69
31026;1106SX;1106SX;24;100.0;100.0;100;100;G4;1411;0.0;8.33
31028;1106SZ;1106SZ;21;100.0;100.0;100;100;G4;1242;0.0;4.76
31030;1106TB;1106TB;16;100.0;100.0;100;100;G4;1587;0.0;0.0
31032;1106TC;1106TC;11;100.0;100.0;100;100;G4;1099;0.0;0.0
31034;1106TD;1106TD;11;100.0;100.0;100;100;G4;1341;0.0;0.0
31036;1106TE;1106TG;24;100.0;95.83;100;100;G4;1301;0.0;4.17
31038;1106TH;1106TH;17;100.0;100.0;100;100;G4;1433;0.0;0.0
31040;1106TJ;1106TJ;16;100.0;100.0;100;100;G4;1547;0.0;0.0
31042;1106TK;1106TK;16;100.0;100.0;100;100;G4;1378;0.0;0.0
31044;1106TL;1106TL;16;100.0;100.0;100;100;G4;1316;0.0;6.25
31046;1106TM;1106TM;17;100.0;100.0;100;100;G4;1341;0.0;0.0
31048;1106TN;1106TN;21;100.0;100.0;100;100;G4;1834;0.0;0.0
31050;1106TP;1106TP;15;100.0;100.0;100;100;G4;1626;0.0;6.67
31052;1106TR;1106TR;17;100.0;100.0;100;100;G4;1388;0.0;0.0
31054;1106TS;1106TS;16;100.0;100.0;100;100;G4;1601;0.0;0.0
31056;1106TT;1106TT;16;100.0;100.0;100;100;G4;1355;0.0;6.25
31058;1106TV;1106TV;17;100.0;100.0;100;100;G4;1851;0.0;5.88
31060;1106TW;1106TX;25;100.0;100.0;100;100;G4;1456;0.0;0.0
31062;1106TZ;1106TZ;16;100.0;100.0;100;100;G4;1548;0.0;0.0
31064;1106VA;1106VA;16;100.0;100.0;100;100;G4;1456;0.0;6.25
31066;1106VB;1106VB;16;100.0;100.0;100;100;G4;1406;0.0;43.75
31068;1106VC;1106VC;16;100.0;100.0;100;100;G4;1102;0.0;0.0
31070;1106VD;1106VD;16;100.0;100.0;100;100;G4;1338;0.0;0.0
31072;1106VE;1106VE;16;100.0;100.0;100;100;G4;627;0.0;0.0
31074;1106VG;1106VG;16;100.0;100.0;100;100;G4;970;0.0;0.0
31076;1106VH;1106VH;16;100.0;100.0;100;100;G4;1119;0.0;0.0
31078;1106VJ;1106VJ;17;100.0;100.0;100;100;G4;1415;0.0;0.0
31080;1106VK;1106VK;17;100.0;100.0;100;100;G4;1495;0.0;0.0
31082;1106VL;1106VL;16;100.0;100.0;100;100;G4;881;0.0;0.0
31084;1106VM;1106VM;16;100.0;100.0;100;100;G4;1424;0.0;0.0
31086;1106VN;1106VN;16;100.0;100.0;100;100;G4;1024;0.0;0.0
31088;1106VP;1106VP;16;100.0;100.0;100;100;G4;1266;0.0;0.0
31090;1106VR;1106VR;16;100.0;100.0;100;100;G4;1014;0.0;0.0
31092;1106VS;1106VS;16;100.0;100.0;100;100;G4;1453;0.0;0.0
31094;1106VT;1106VT;16;100.0;100.0;100;100;G4;1365;0.0;0.0
31096;1106VV;1106VV;16;100.0;100.0;100;100;G4;1295;0.0;0.0
31098;1106VW;1106VW;16;100.0;100.0;100;100;G4;1097;0.0;0.0
31100;1106VX;1106VX;16;100.0;100.0;100;100;G4;1719;0.0;0.0
31102;1106VZ;1106VZ;17;100.0;100.0;100;100;G4;1631;0.0;5.88
31104;1106WB;1106WB;37;100.0;100.0;100;97;G4;1069;0.0;5.41
31106;1106WC;1106WC;24;100.0;100.0;100;100;G4;1351;0.0;0.0
31108;1106WD;1106WD;17;100.0;100.0;100;100;G4;991;0.0;0.0
31110;1106WE;1106WE;42;100.0;100.0;100;100;G4;1390;0.0;0.0
31112;1106WG;1106WG;24;100.0;100.0;100;100;G4;1278;0.0;4.17
31114;1106WH;1106WH;48;100.0;100.0;100;100;G4;1306;0.0;2.08
31116;1106WJ;1106WJ;60;100.0;100.0;100;100;G4;1212;0.0;0.0
31118;1106WK;1106WK;21;100.0;100.0;100;100;G4;1415;0.0;0.0
31120;1106WL;1106WL;31;100.0;100.0;100;100;G4;1337;0.0;3.23
31122;1106WN;1106WN;25;100.0;100.0;100;100;G4;1607;0.0;4.0
31124;1106WP;1106WP;33;100.0;100.0;100;100;G4;1515;0.0;3.03
31126;1106WR;1106WR;21;100.0;100.0;100;100;G4;1238;0.0;0.0
31128;1106WS;1106WS;21;100.0;100.0;100;100;G4;1360;0.0;0.0
31130;1106WT;1106WT;36;100.0;100.0;100;100;G4;1201;0.0;2.78
31132;1106WV;1106WV;16;100.0;100.0;100;100;G4;1196;0.0;18.75
31134;1106WX;1106WX;16;100.0;100.0;100;100;G4;1184;0.0;0.0
31136;1106XA;1106XA;16;100.0;100.0;100;100;G4;1127;0.0;0.0
31138;1106XB;1106XB;16;100.0;100.0;100;100;G4;1426;0.0;0.0
31140;1106XC;1106XC;16;100.0;100.0;100;100;G4;1142;0.0;6.25
31142;1106XD;1106XD;16;100.0;100.0;100;100;G4;1376;0.0;25.0
31144;1106XE;1106XE;16;100.0;100.0;100;100;G4;1514;0.0;0.0
31146;1106XG;1106XH;24;100.0;100.0;100;100;G4;1303;0.0;0.0
31148;1106XJ;1106XJ;16;100.0;100.0;100;100;G4;1179;0.0;6.25
31150;1106XK;1106XK;16;100.0;100.0;100;100;G4;1272;0.0;0.0
31152;1106XL;1106XL;16;100.0;100.0;100;100;G4;1251;0.0;0.0
31154;1106XM;1106XM;16;100.0;100.0;100;100;G4;1539;0.0;6.25
31156;1106XN;1106XN;16;100.0;100.0;100;100;G4;1470;0.0;6.25
31158;1106XP;1106XP;16;100.0;93.75;100;100;G4;1252;0.0;0.0
31160;1106XR;1106XR;16;100.0;100.0;100;100;G4;1313;0.0;0.0
31162;1106XS;1106XS;16;100.0;100.0;100;100;G4;1515;0.0;0.0
31164;1106XT;1106XT;16;100.0;100.0;100;100;G4;1693;0.0;0.0
31166;1106XV;1106XV;16;100.0;100.0;100;100;G4;1111;0.0;0.0
31168;1106XW;1106XW;16;100.0;100.0;100;100;G4;1289;0.0;0.0
31170;1106XX;1106XX;16;100.0;100.0;100;100;G4;1418;0.0;0.0
31172;1106XZ;1106XZ;16;100.0;100.0;100;100;G4;1331;0.0;0.0
31174;1106ZA;1106ZB;46;100.0;97.83;100;98;G4;1170;0.0;0.0
31176;1106ZC;1106ZD;45;100.0;100.0;100;98;G4;1248;0.0;0.0
31178;1106ZE;1106ZE;97;100.0;100.0;100;100;G4;1188;0.0;2.06
31180;1106ZG;1106ZG;38;100.0;97.37;100;97;G4;1616;0.0;2.63
31182;1106ZH;1106ZH;44;100.0;100.0;100;100;G4;1215;0.0;2.27
31184;1106ZJ;1106ZJ;44;100.0;100.0;100;100;G4;1343;0.0;9.09
31186;1106ZK;1106ZK;37;100.0;100.0;100;97;G4;1388;0.0;10.81
31188;1106ZL;1106ZL;97;100.0;100.0;100;100;G4;1135;0.0;0.0
31190;1106ZM;1106ZM;92;100.0;100.0;100;100;G4;1200;0.0;1.09
31192;1106ZN;1106ZN;41;100.0;100.0;100;100;G4;1450;0.0;2.44
31194;1106ZP;1106ZP;58;100.0;100.0;100;100;G4;1255;0.0;3.45
31196;1106ZR;1106ZR;58;100.0;100.0;100;100;G4;1352;0.0;5.17
31198;1106ZS;1106ZS;41;100.0;100.0;100;100;G4;1371;0.0;0.0
31200;1106ZT;1106ZT;54;100.0;100.0;100;100;G4;1262;0.0;1.85
31201;1107AC;1107AC;22;100.0;100.0;100;100;G4;1157;0.0;0.0
31204;1107AD;1107AD;23;100.0;91.3;100;100;G4;1379;0.0;0.0
31206;1107AE;1107AE;16;100.0;100.0;100;100;G4;1104;0.0;0.0
31208;1107AG;1107AG;16;100.0;100.0;100;100;G4;1130;0.0;0.0
31210;1107AH;1107AH;19;100.0;100.0;100;100;G4;990;0.0;0.0
31212;1107AJ;1107AJ;21;100.0;100.0;100;100;G4;1102;0.0;0.0
31214;1107AK;1107AK;21;100.0;100.0;100;100;G4;1073;0.0;0.0
31216;1107AL;1107AL;21;100.0;100.0;100;95;G4;1061;0.0;0.0
31218;1107AM;1107AM;21;100.0;100.0;100;100;G4;1131;0.0;0.0
31220;1107AN;1107AN;20;100.0;100.0;100;100;G4;1057;0.0;0.0
31222;1107AP;1107AP;20;100.0;100.0;100;100;G4;1007;0.0;0.0
31224;1107AR;1107AR;24;100.0;100.0;100;100;G4;1353;0.0;4.17
31226;1107AV;1107AV;12;100.0;100.0;100;100;G4;1301;0.0;0.0
31228;1107AW;1107AW;12;100.0;100.0;100;100;G4;1307;0.0;0.0
31230;1107AX;1107AX;25;100.0;100.0;100;100;G4;1022;0.0;0.0
31232;1107AZ;1107AZ;18;100.0;100.0;100;100;G4;1213;0.0;0.0
31233;1107BA;1107BA;18;100.0;100.0;100;100;G4;1572;0.0;5.56
31236;1107BB;1107BB;25;100.0;100.0;100;100;G4;1255;0.0;0.0
31238;1107BH;1107BK;41;100.0;97.56;100;100;G4;1299;0.0;0.0
31240;1107BL;1107BL;25;100.0;100.0;100;100;G4;1413;0.0;4.0
31242;1107BN;1107BN;18;100.0;100.0;100;100;G4;1180;0.0;0.0
31244;1107BP;1107BP;18;100.0;100.0;100;100;G4;1206;0.0;0.0
31245;1107BR;1107BR;19;100.0;100.0;100;100;G4;1204;0.0;0.0
31248;1107BS;1107BT;21;100.0;100.0;100;100;G4;1539;0.0;0.0
31250;1107BV;1107BV;20;100.0;100.0;100;100;G4;1282;0.0;0.0
31252;1107BW;1107BW;19;100.0;100.0;100;100;G4;1052;0.0;0.0
31254;1107BX;1107BX;13;100.0;100.0;100;100;G4;1248;0.0;0.0
31256;1107BZ;1107BZ;11;100.0;100.0;100;100;G4;1014;0.0;9.09
31258;1107CA;1107CA;16;100.0;100.0;100;100;G4;856;0.0;0.0
31260;1107CB;1107CB;11;100.0;100.0;100;100;G4;862;0.0;0.0
31262;1107CC;1107CC;18;100.0;100.0;100;100;G4;1264;0.0;5.56
31264;1107CD;1107CD;18;100.0;100.0;100;100;G4;1188;0.0;0.0
31266;1107CE;1107CE;20;100.0;100.0;100;100;G4;1098;0.0;0.0
31268;1107CG;1107CG;20;100.0;100.0;100;100;G4;1021;0.0;0.0
31270;1107CH;1107CH;20;100.0;100.0;100;100;G4;1020;0.0;0.0
31272;1107CJ;1107CJ;18;100.0;100.0;100;100;G4;1074;0.0;0.0
31274;1107CK;1107CK;11;100.0;100.0;100;100;G4;1235;0.0;0.0
31276;1107CL;1107CM;24;100.0;100.0;100;100;G4;1201;0.0;0.0
31278;1107CN;1107CN;19;100.0;100.0;100;100;G4;1153;0.0;0.0
31280;1107CP;1107CP;26;100.0;100.0;100;100;G4;1103;0.0;0.0
31282;1107CR;1107CR;18;100.0;100.0;100;100;G4;1071;0.0;5.56
31284;1107CS;1107CS;22;100.0;100.0;100;100;G4;1150;0.0;0.0
31286;1107CT;1107CT;18;100.0;100.0;100;100;G4;1011;0.0;0.0
31288;1107CV;1107CV;19;100.0;100.0;100;100;G4;1411;0.0;0.0
31290;1107CW;1107CW;18;100.0;100.0;100;100;G4;1184;0.0;0.0
31292;1107CX;1107CX;20;100.0;100.0;100;100;G4;1193;0.0;0.0
31294;1107CZ;1107CZ;24;100.0;100.0;100;100;G4;1350;0.0;0.0
31296;1107DA;1107DA;36;100.0;100.0;100;100;G4;1242;0.0;0.0
31298;1107DB;1107DB;20;100.0;100.0;100;100;G4;1305;0.0;0.0
31300;1107DC;1107DC;33;100.0;100.0;100;100;G4;1173;0.0;3.03
31302;1107DD;1107DD;15;100.0;100.0;100;100;G4;1490;0.0;0.0
31304;1107DE;1107DE;31;100.0;100.0;100;100;G4;1152;0.0;3.23
31306;1107DG;1107DG;34;100.0;100.0;100;100;G4;1356;0.0;0.0
31308;1107DH;1107DH;30;100.0;100.0;100;100;G4;1241;0.0;3.33
31310;1107DJ;1107DJ;34;100.0;100.0;100;100;G4;1463;0.0;0.0
31312;1107DK;1107DK;32;100.0;100.0;100;100;G4;1441;0.0;3.13
31314;1107DL;1107DL;42;100.0;100.0;100;100;G4;1320;0.0;2.38
31316;1107DM;1107DM;23;100.0;95.65;100;96;G4;2116;0.0;0.0
31318;1107EA;1107EA;21;100.0;95.24;100;95;G4;1618;0.0;9.52
31320;1107EB;1107EB;20;100.0;100.0;100;100;G4;1124;0.0;5.0
31322;1107EC;1107EG;33;100.0;96.97;100;91;G4;1577;0.0;3.03
31324;1107EJ;1107ES;42;100.0;90.48;100;86;G4;2782;0.0;2.38
31326;1107ET;1107EW;28;100.0;92.86;100;89;G4;2716;0.0;0.0
31329;1107EX;1107EX;33;100.0;90.91;100;97;G4;1173;0.0;0.0
31331;1107EZ;1107GB;35;100.0;97.14;100;86;G4;3511;0.0;5.71
31333;1107GM;1107GM;20;100.0;100.0;100;100;G4;1505;0.0;0.0
31335;1107GN;1107GN;21;100.0;100.0;100;100;G4;1583;0.0;0.0
31337;1107GP;1107GP;22;100.0;100.0;100;100;G4;1263;0.0;0.0
31339;1107GR;1107GR;22;100.0;100.0;100;100;G4;1635;0.0;0.0
31341;1107GS;1107GS;18;100.0;94.44;100;100;G4;1337;0.0;0.0
31343;1107GT;1107HA;36;100.0;97.22;100;100;G4;853;0.0;0.0
31345;1107HB;1107HB;26;100.0;96.15;100;96;G4;23;0.0;0.0
31347;1107HC;1107HC;25;100.0;96.0;100;100;G4;13;0.0;8.0
31349;1107HD;1107HD;24;100.0;95.83;100;100;G4;87;0.0;0.0
31351;1107HE;1107HE;25;100.0;96.0;100;96;G4;19;0.0;0.0
31353;1107HR;1107HR;28;100.0;100.0;100;100;G4;1113;0.0;3.57
31355;1107HS;1107HS;28;100.0;100.0;100;100;G4;1102;0.0;0.0
31357;1107HT;1107HT;28;100.0;100.0;100;100;G4;1191;0.0;0.0
31359;1107HV;1107HV;14;100.0;100.0;100;100;G4;977;0.0;0.0
31361;1107HX;1107HX;14;100.0;100.0;100;100;G4;1109;0.0;7.14
31363;1107HZ;1107HZ;14;100.0;100.0;100;100;G4;1056;0.0;0.0
31365;1107JA;1107JD;19;100.0;100.0;100;100;G4;1040;0.0;10.53
31367;1107JE;1107JG;15;100.0;100.0;100;80;G4;1657;0.0;20.0
31369;1107JH;1107JH;12;100.0;100.0;100;100;G4;1369;0.0;0.0
31371;1107JJ;1107JK;14;100.0;100.0;100;86;G4;1833;0.0;14.29
31373;1107JL;1107JL;17;100.0;100.0;100;100;G4;1044;0.0;0.0
31375;1107JM;1107JM;14;100.0;100.0;100;100;G4;1045;0.0;0.0
31377;1107JN;1107JN;14;100.0;100.0;100;100;G4;1316;0.0;28.57
31379;1107JP;1107JP;18;100.0;94.44;100;94;G4;7491;0.0;0.0
31381;1107JR;1107JR;12;100.0;100.0;100;100;G4;1147;0.0;0.0
31383;1107JS;1107JT;15;100.0;100.0;100;80;G4;1988;0.0;0.0
31385;1107JV;1107JV;21;100.0;100.0;100;100;G4;997;0.0;0.0
31387;1107JW;1107JW;21;100.0;100.0;100;100;G4;1049;0.0;0.0
31389;1107JX;1107JX;21;100.0;100.0;100;100;G4;1117;0.0;0.0
31391;1107KB;1107KB;24;100.0;100.0;100;96;G4;2291;0.0;0.0
31393;1107KD;1107KD;23;100.0;95.65;100;100;G4;1068;0.0;4.35
31395;1107KE;1107KE;16;100.0;100.0;100;100;G4;1109;0.0;0.0
31397;1107KG;1107KG;24;100.0;100.0;100;100;G4;996;0.0;0.0
31399;1107KH;1107KH;16;100.0;100.0;100;100;G4;1009;0.0;0.0
31401;1107KJ;1107KJ;14;100.0;100.0;100;100;G4;1220;0.0;0.0
31403;1107KK;1107KK;33;100.0;100.0;100;100;G4;820;0.0;0.0
31405;1107KL;1107KL;32;100.0;96.88;100;97;G4;888;0.0;0.0
31407;1107KM;1107KM;14;100.0;92.86;100;100;G4;1179;0.0;0.0
31409;1107KN;1107KN;22;100.0;100.0;100;100;G4;1167;0.0;0.0
31411;1107KP;1107KP;14;100.0;100.0;100;100;G4;1322;0.0;0.0
31413;1107KT;1107KT;26;100.0;100.0;100;100;G4;1153;0.0;0.0
31415;1107KV;1107KV;18;100.0;100.0;100;100;G4;1228;0.0;0.0
31417;1107KW;1107KW;24;100.0;100.0;100;100;G4;1240;0.0;0.0
31419;1107KX;1107KX;22;100.0;100.0;100;100;G4;1319;0.0;9.09
31421;1107LA;1107LA;20;100.0;100.0;100;100;G4;1841;0.0;0.0
31423;1107LB;1107LB;21;100.0;100.0;100;100;G4;1172;0.0;0.0
31425;1107LC;1107LC;16;100.0;100.0;100;100;G4;1412;0.0;0.0
31427;1107LD;1107LD;23;100.0;100.0;100;100;G4;1344;0.0;0.0
31429;1107LE;1107LE;21;100.0;100.0;100;100;G4;1268;0.0;0.0
31431;1107LG;1107LG;18;100.0;100.0;100;100;G4;1269;0.0;0.0
31433;1107LH;1107LH;23;100.0;100.0;100;100;G4;1381;0.0;0.0
31435;1107LJ;1107LJ;15;100.0;100.0;100;100;G4;1306;0.0;0.0
31437;1107LK;1107LK;25;100.0;100.0;100;100;G4;1225;0.0;0.0
31439;1107LL;1107LL;21;100.0;100.0;100;100;G4;1401;0.0;0.0
31441;1107LM;1107LM;25;100.0;100.0;100;100;G4;1177;0.0;0.0
31443;1107LN;1107LN;21;100.0;100.0;100;100;G4;1494;0.0;0.0
31445;1107LP;1107LP;28;100.0;100.0;100;100;G4;1298;0.0;0.0
31447;1107LR;1107LR;26;100.0;100.0;100;100;G4;1138;0.0;0.0
31449;1107NA;1107NA;21;100.0;100.0;100;100;G4;1274;0.0;4.76
31451;1107NB;1107NB;23;100.0;82.61;100;87;G4;1434;0.0;0.0
31453;1107NC;1107NC;24;100.0;100.0;100;100;G4;900;0.0;0.0
31455;1107ND;1107ND;26;100.0;96.15;100;96;G4;1362;0.0;0.0
31457;1107NE;1107NH;39;100.0;100.0;100;92;G4;2051;0.0;0.0
31459;1107NK;1107PA;21;100.0;100.0;100;100;G4;1139;0.0;4.76
31461;1107PB;1107PB;19;100.0;100.0;100;100;G4;1018;0.0;5.26
31463;1107PC;1107PC;15;100.0;100.0;100;100;G4;1146;0.0;0.0
31465;1107PD;1107PD;23;100.0;95.65;100;100;G4;858;0.0;0.0
31467;1107PE;1107PE;10;100.0;100.0;100;100;G4;730;0.0;10.0
31469;1107PG;1107PG;20;100.0;100.0;100;100;G4;1299;0.0;5.0
31471;1107PH;1107PH;23;100.0;100.0;100;100;G4;1155;0.0;4.35
31473;1107PJ;1107PJ;23;100.0;100.0;100;100;G4;987;0.0;4.35
31475;1107PK;1107PK;16;100.0;100.0;100;100;G4;992;0.0;6.25
31477;1107PL;1107PL;22;100.0;100.0;100;100;G4;1660;0.0;0.0
31479;1107PM;1107PM;16;100.0;100.0;100;100;G4;1399;0.0;0.0
31481;1107PN;1107PN;12;100.0;100.0;100;100;G4;1182;0.0;0.0
31483;1107PP;1107PP;10;100.0;100.0;100;100;G4;1262;0.0;0.0
31485;1107PR;1107PR;10;100.0;100.0;100;100;G4;974;0.0;0.0
31487;1107PS;1107PS;26;100.0;100.0;100;100;G4;1199;0.0;0.0
31489;1107PT;1107PT;33;100.0;96.97;100;100;G4;1033;0.0;3.03
31491;1107PV;1107PV;24;100.0;100.0;100;100;G4;1357;0.0;0.0
31493;1107PW;1107PW;24;100.0;100.0;100;100;G4;938;0.0;4.17
31495;1107PX;1107PX;34;100.0;100.0;100;100;G4;1040;0.0;0.0
31497;1107PZ;1107PZ;34;100.0;100.0;100;100;G4;1023;0.0;0.0
31500;1107RA;1107RA;24;100.0;95.83;100;100;G4;932;0.0;4.17
31502;1107RB;1107RB;24;100.0;100.0;100;100;G4;1084;0.0;4.17
31504;1107RC;1107RC;34;100.0;100.0;100;100;G4;1080;0.0;0.0
31506;1107RD;1107RD;22;100.0;100.0;100;100;G4;1025;0.0;4.55
31508;1107RE;1107RE;22;100.0;100.0;100;100;G4;1340;0.0;0.0
31510;1107RG;1107RG;29;100.0;100.0;100;100;G4;1148;0.0;0.0
31512;1107RH;1107RH;24;100.0;100.0;100;100;G4;1005;0.0;0.0
31514;1107RJ;1107RJ;24;100.0;100.0;100;100;G4;916;0.0;0.0
31516;1107RK;1107RK;23;100.0;95.65;100;100;G4;785;0.0;0.0
31518;1107RL;1107RL;23;100.0;100.0;100;100;G4;987;0.0;0.0
31520;1107RM;1107RM;27;100.0;100.0;100;100;G4;783;0.0;0.0
31522;1107RN;1107RN;23;100.0;95.65;100;100;G4;1103;0.0;0.0
31524;1107RR;1107RR;23;100.0;100.0;100;100;G4;1111;0.0;0.0
31526;1107RS;1107RS;26;100.0;100.0;100;100;G4;1427;0.0;3.85
31528;1107RT;1107RV;25;100.0;100.0;100;100;G4;1251;0.0;0.0
31530;1107RW;1107RW;20;100.0;95.0;100;100;G4;1114;0.0;0.0
31532;1107RX;1107RX;16;100.0;93.75;100;100;G4;1121;0.0;0.0
31534;1107RZ;1107SE;42;100.0;100.0;100;100;G4;1599;0.0;0.0
31536;1107SG;1107SG;19;100.0;100.0;100;100;G4;1503;0.0;0.0
31538;1107SH;1107SH;18;100.0;100.0;100;100;G4;1429;0.0;0.0
31540;1107SJ;1107SJ;28;100.0;100.0;100;100;G4;1164;0.0;0.0
31542;1107SK;1107SK;16;100.0;100.0;100;100;G4;1443;0.0;0.0
31544;1107SL;1107SL;28;100.0;100.0;100;100;G4;1068;0.0;3.57
31546;1107SM;1107SM;19;100.0;100.0;100;100;G4;2112;0.0;5.26
31548;1107SN;1107SN;23;100.0;100.0;100;100;G4;1508;0.0;0.0
31550;1107SP;1107SP;21;100.0;100.0;100;100;G4;64;0.0;0.0
31552;1107SR;1107SR;22;100.0;90.91;100;100;G4;98;0.0;0.0
31554;1107ST;1107ST;24;100.0;100.0;100;100;G4;17;0.0;4.17
31556;1107SV;1107SV;24;100.0;95.83;100;100;G4;51;0.0;0.0
31558;1107SW;1107SW;22;100.0;100.0;100;100;G4;27;0.0;0.0
31560;1107SX;1107SX;20;100.0;100.0;100;100;G4;22;0.0;0.0
31562;1107TA;1107TA;20;100.0;100.0;100;100;G4;1322;0.0;5.0
31564;1107TB;1107TB;19;100.0;100.0;100;100;G4;1412;0.0;0.0
31566;1107TC;1107TC;22;100.0;95.45;100;100;G4;1127;0.0;0.0
31568;1107TD;1107TD;22;100.0;100.0;100;100;G4;1155;0.0;0.0
31570;1107TE;1107TE;27;100.0;100.0;100;100;G4;1685;0.0;3.7
31572;1107TG;1107TG;20;100.0;95.0;100;100;G4;1157;0.0;0.0
31574;1107TH;1107TH;20;100.0;100.0;100;100;G4;1147;0.0;5.0
31576;1107TJ;1107TJ;10;100.0;100.0;100;100;G4;1313;0.0;0.0
31578;1107TK;1107TK;22;100.0;95.45;100;100;G4;1629;0.0;0.0
31580;1107TL;1107TL;20;100.0;100.0;100;100;G4;1606;0.0;0.0
31582;1107TM;1107TN;28;100.0;96.43;100;100;G4;1593;0.0;3.57
31584;1107TP;1107TP;20;100.0;100.0;100;100;G4;1329;0.0;0.0
31586;1107TR;1107TR;24;100.0;100.0;100;100;G4;1466;0.0;4.17
31588;1107TS;1107TS;15;100.0;100.0;100;100;G4;1201;0.0;0.0
31590;1107TT;1107TT;23;100.0;100.0;100;100;G4;1315;0.0;4.35
31592;1107TV;1107TV;18;100.0;100.0;100;94;G4;2854;0.0;0.0
31594;1107TW;1107TW;19;100.0;100.0;100;100;G4;1097;0.0;5.26
31596;1107TX;1107TX;16;100.0;100.0;100;100;G4;1320;0.0;0.0
31598;1107VA;1107VA;28;100.0;100.0;100;100;G4;1359;0.0;7.14
31600;1107VB;1107VB;23;100.0;100.0;100;96;G4;1150;0.0;8.7
31602;1107VC;1107VC;20;100.0;100.0;100;100;G4;1154;0.0;0.0
31604;1107VD;1107VD;24;100.0;100.0;100;100;G4;1427;0.0;4.17
31606;1107VE;1107VE;28;100.0;100.0;100;100;G4;1137;0.0;0.0
31608;1107VG;1107VG;27;100.0;100.0;100;100;G4;1368;0.0;0.0
31610;1107VH;1107VH;29;100.0;100.0;100;100;G4;1229;0.0;0.0
31612;1107VJ;1107VJ;14;100.0;100.0;100;100;G4;1075;0.0;0.0
31614;1107VK;1107VK;21;100.0;100.0;100;100;G4;939;0.0;0.0
31616;1107VL;1107VL;18;100.0;94.44;100;100;G4;1154;0.0;0.0
31618;1107VM;1107VM;18;100.0;94.44;100;100;G4;916;0.0;0.0
31620;1107VN;1107VN;19;100.0;100.0;100;100;G4;1023;0.0;0.0
31622;1107VP;1107VP;16;100.0;100.0;100;100;G4;1157;0.0;0.0
31624;1107VR;1107VS;32;100.0;100.0;100;97;G4;2225;0.0;15.63
31626;1107VT;1107VT;10;100.0;100.0;100;100;G4;1542;0.0;10.0
31628;1107VV;1107VV;11;100.0;100.0;100;100;G4;995;0.0;0.0
31630;1107VW;1107VW;24;100.0;100.0;100;100;G4;1323;0.0;4.17
31632;1107VX;1107VX;20;100.0;100.0;100;100;G4;1219;0.0;0.0
31634;1107VZ;1107VZ;16;100.0;100.0;100;100;G4;1203;0.0;0.0
31636;1107WB;1107WC;20;100.0;100.0;100;100;G4;1354;0.0;0.0
31638;1107WD;1107WD;12;100.0;100.0;100;100;G4;1637;0.0;0.0
31640;1107WE;1107WE;13;100.0;100.0;100;100;G4;1400;0.0;0.0
31642;1107WG;1107WG;14;100.0;100.0;100;100;G4;1354;0.0;0.0
31644;1107WH;1107WH;23;100.0;100.0;100;100;G4;1466;0.0;0.0
31646;1107WJ;1107WJ;14;100.0;100.0;100;100;G4;1177;0.0;0.0
31648;1107WK;1107WK;15;100.0;100.0;100;100;G4;1444;0.0;0.0
31650;1107WL;1107WL;10;100.0;100.0;100;100;G4;1210;0.0;0.0
31652;1107WN;1107WN;22;100.0;100.0;100;100;G4;1488;0.0;4.55
31654;1107WP;1107WP;14;100.0;100.0;100;100;G4;1404;0.0;0.0
31656;1107WR;1107WR;23;100.0;100.0;100;100;G4;1355;0.0;0.0
31658;1107WS;1107WS;34;100.0;100.0;100;100;G4;1322;0.0;0.0
31660;1107WT;1107WT;16;100.0;100.0;100;100;G4;1537;0.0;0.0
31662;1107WV;1107WV;16;100.0;100.0;100;100;G4;1750;0.0;0.0
31664;1107WX;1107WX;14;100.0;100.0;100;100;G4;1422;0.0;7.14
31666;1107WZ;1107WZ;17;100.0;100.0;100;100;G4;1450;0.0;0.0
31668;1107XA;1107XA;20;100.0;100.0;100;100;G4;1013;0.0;0.0
31670;1107XB;1107XB;20;100.0;100.0;100;100;G4;925;0.0;5.0
31672;1107XC;1107XC;18;100.0;100.0;100;100;G4;1053;0.0;0.0
31674;1107XD;1107XD;20;100.0;100.0;100;100;G4;1117;0.0;0.0
31676;1107XE;1107XE;18;100.0;100.0;100;100;G4;1189;0.0;16.67
31678;1107XG;1107XG;26;100.0;100.0;100;100;G4;1293;0.0;7.69
31680;1107XH;1107XH;27;100.0;100.0;100;100;G4;1370;0.0;0.0
31682;1107XJ;1107XJ;27;100.0;100.0;100;100;G4;1319;0.0;0.0
31684;1107XK;1107XK;24;100.0;100.0;100;100;G4;1297;0.0;0.0
31686;1107XL;1107XL;21;100.0;100.0;100;100;G4;1258;0.0;9.52
31688;1107XM;1107XM;30;100.0;100.0;100;100;G4;1346;0.0;0.0
31690;1107ZX;1107ZX;11;100.0;100.0;100;100;G4;1119;0.0;9.09
31692;1108AA;1108AA;19;100.0;89.47;100;89;G4;2219;0.0;5.26
31694;1108AB;1108BA;24;100.0;83.33;100;75;G4;3565;0.0;4.17
31697;1108BB;1108BB;14;100.0;100.0;100;100;G4;1142;0.0;0.0
31699;1108BC;1108BC;14;100.0;100.0;100;100;G4;1461;0.0;0.0
31701;1108BD;1108BD;14;100.0;100.0;100;100;G4;950;0.0;0.0
31703;1108BE;1108BE;12;100.0;100.0;100;100;G4;1645;0.0;0.0
31705;1108BG;1108BG;13;100.0;100.0;100;100;G4;1679;0.0;0.0
31707;1108BH;1108BH;13;100.0;100.0;100;100;G4;1243;0.0;7.69
31709;1108BJ;1108BJ;14;100.0;100.0;100;100;G4;1481;0.0;0.0
31711;1108BK;1108BK;11;100.0;100.0;100;100;G4;1488;0.0;9.09
31713;1108BL;1108BL;14;100.0;100.0;100;100;G4;4129;0.0;0.0
31715;1108BM;1108BM;12;100.0;100.0;100;100;G4;1571;0.0;0.0
31717;1108BN;1108BN;12;100.0;100.0;100;100;G4;1177;0.0;0.0
31719;1108BP;1108BP;13;100.0;100.0;100;100;G4;1191;0.0;0.0
31721;1108BR;1108BR;14;100.0;100.0;100;100;G4;1206;0.0;0.0
31723;1108BS;1108BS;12;100.0;100.0;100;100;G4;1046;0.0;0.0
31725;1108BT;1108BT;16;100.0;100.0;100;100;G4;1685;0.0;0.0
31727;1108BV;1108BV;16;100.0;100.0;100;100;G4;1000;0.0;0.0
31729;1108BW;1108BW;16;100.0;100.0;100;100;G4;1318;0.0;0.0
31731;1108BX;1108BX;17;100.0;100.0;100;94;G4;1054;0.0;0.0
31733;1108BZ;1108BZ;16;100.0;100.0;100;100;G4;73;0.0;12.5
31735;1108CA;1108CA;16;100.0;100.0;100;100;G4;69;0.0;0.0
31737;1108CB;1108CB;16;100.0;100.0;100;100;G4;125;0.0;12.5
31739;1108CC;1108CC;16;100.0;100.0;100;100;G4;164;0.0;0.0
31741;1108CD;1108CD;16;100.0;100.0;100;100;G4;108;0.0;0.0
31743;1108CE;1108CE;16;100.0;100.0;100;100;G4;915;0.0;6.25
31745;1108CG;1108CG;16;100.0;100.0;100;100;G4;878;0.0;6.25
31747;1108CH;1108CH;16;100.0;100.0;100;100;G4;914;0.0;0.0
31749;1108CJ;1108CJ;16;100.0;100.0;100;100;G4;955;0.0;6.25
31751;1108CK;1108CK;16;100.0;100.0;100;100;G4;1171;0.0;6.25
31753;1108CL;1108CL;16;100.0;100.0;100;100;G4;906;0.0;12.5
31755;1108CM;1108CM;16;100.0;100.0;100;100;G4;756;0.0;12.5
31757;1108CN;1108CN;16;100.0;100.0;100;100;G4;873;0.0;6.25
31759;1108CP;1108CP;13;100.0;100.0;100;100;G4;996;0.0;15.38
31761;1108CR;1108CR;13;100.0;100.0;100;100;G4;26;0.0;0.0
31763;1108CS;1108CS;13;100.0;100.0;100;100;G4;29;0.0;0.0
31765;1108CT;1108CT;13;100.0;100.0;100;100;G4;262;0.0;15.38
31767;1108CV;1108CV;13;100.0;100.0;100;100;G4;159;0.0;0.0
31769;1108CW;1108CW;12;100.0;100.0;100;100;G4;271;0.0;0.0
31771;1108CX;1108CX;14;100.0;92.86;100;100;G4;270;0.0;0.0
31773;1108CZ;1108CZ;13;100.0;100.0;100;100;G4;30;0.0;0.0
31775;1108DA;1108DA;13;100.0;100.0;100;100;G4;32;0.0;0.0
31777;1108DB;1108DB;12;100.0;100.0;100;100;G4;40;0.0;0.0
31779;1108DC;1108DC;17;100.0;100.0;100;100;G4;161;0.0;0.0
31781;1108DD;1108DD;16;100.0;100.0;100;100;G4;141;0.0;6.25
31783;1108DE;1108DE;15;100.0;100.0;100;100;G4;199;0.0;6.67
31785;1108DG;1108DG;17;100.0;100.0;100;100;G4;290;0.0;5.88
31787;1108DH;1108DH;16;100.0;100.0;100;100;G4;837;0.0;6.25
31789;1108DJ;1108DJ;17;100.0;94.12;100;100;G4;3784;0.0;5.88
31791;1108DK;1108DK;16;100.0;100.0;100;100;G4;1024;0.0;0.0
31793;1108DL;1108DL;16;100.0;100.0;100;100;G4;835;0.0;0.0
31795;1108DM;1108DM;16;100.0;100.0;100;100;G4;1118;0.0;0.0
31797;1108DN;1108DN;16;100.0;100.0;100;100;G4;2026;0.0;0.0
31799;1108DP;1108DP;16;100.0;100.0;100;100;G4;1519;0.0;0.0
31801;1108DR;1108DR;16;100.0;100.0;100;100;G4;1458;0.0;6.25
31803;1108DS;1108DS;16;100.0;100.0;100;100;G4;1484;0.0;0.0
31805;1108DT;1108DT;16;100.0;100.0;100;100;G4;1634;0.0;0.0
31807;1108DV;1108DV;16;100.0;100.0;100;100;G4;1470;0.0;0.0
31809;1108DW;1108DW;16;100.0;100.0;100;100;G4;1480;0.0;0.0
31811;1108DX;1108DX;16;100.0;100.0;100;100;G4;1825;0.0;0.0
31813;1108EL;1108EM;31;100.0;100.0;100;90;G4;2503;0.0;0.0
31815;1108EN;1108EN;27;100.0;96.3;100;96;G4;1532;0.0;0.0
31817;1108EP;1108EP;27;100.0;96.3;100;100;G4;1311;0.0;0.0
31819;1108ER;1108ER;25;100.0;100.0;100;100;G4;975;0.0;0.0
31821;1108ES;1108ES;27;100.0;96.3;100;100;G4;1372;0.0;3.7
31823;1108ET;1108ET;26;100.0;100.0;100;100;G4;1302;0.0;3.85
31825;1108EV;1108EV;26;100.0;100.0;100;100;G4;1252;0.0;0.0
31827;1108EW;1108EW;24;100.0;100.0;100;100;G4;1276;0.0;8.33
31829;1108EX;1108EX;24;100.0;100.0;100;100;G4;858;0.0;0.0
31831;1108EZ;1108EZ;19;100.0;100.0;100;100;G4;1407;0.0;0.0
31833;1108GA;1108GA;26;100.0;100.0;100;100;G4;1570;0.0;3.85
31835;1108GB;1108GB;25;100.0;100.0;100;100;G4;1303;0.0;8.0
31837;1108GC;1108GC;26;100.0;100.0;100;100;G4;1298;0.0;0.0
31839;1108GD;1108GD;26;100.0;100.0;100;100;G4;1346;0.0;0.0
31841;1108GH;1108GH;11;100.0;81.82;100;100;G4;11;0.0;0.0
31843;1108GJ;1108GJ;25;100.0;100.0;100;96;G4;16;0.0;0.0
31845;1108GK;1108GK;25;100.0;92.0;100;92;G4;149;0.0;4.0
31847;1108GL;1108GL;25;100.0;96.0;100;96;G4;83;0.0;0.0
31849;1108GM;1108GM;25;100.0;80.0;100;88;G4;23;0.0;0.0
31851;1108GX;1108GX;16;100.0;100.0;100;100;G4;1531;0.0;0.0
31853;1108GZ;1108GZ;16;100.0;100.0;100;100;G4;1361;0.0;0.0
31855;1108HA;1108HA;16;100.0;100.0;100;100;G4;1346;0.0;0.0
31857;1108HB;1108HB;16;100.0;100.0;100;100;G4;1427;0.0;12.5
31859;1108HC;1108HC;16;100.0;100.0;100;100;G4;1397;0.0;0.0
31861;1108HD;1108HD;16;100.0;100.0;100;100;G4;1268;0.0;0.0
31863;1108HE;1108HE;15;100.0;100.0;100;100;G4;1779;0.0;0.0
31865;1108HG;1108HG;16;100.0;100.0;100;100;G4;1410;0.0;0.0
31867;1108HH;1108HH;16;100.0;100.0;100;100;G4;1392;0.0;0.0
31869;1108HJ;1108HJ;16;100.0;100.0;100;100;G4;1388;0.0;0.0
31871;1108HK;1108HK;16;100.0;100.0;100;100;G4;1678;0.0;6.25
31873;1108HL;1108HL;16;100.0;100.0;100;100;G4;1442;0.0;6.25
31875;1108HM;1108HM;16;100.0;100.0;100;100;G4;1271;0.0;6.25
31877;1108HN;1108HN;16;100.0;100.0;100;100;G4;1556;0.0;0.0
31879;1108HP;1108HP;16;100.0;100.0;100;100;G4;1414;0.0;0.0
31881;1108HR;1108HR;16;100.0;100.0;100;100;G4;1590;0.0;0.0
31883;1108HS;1108HS;16;100.0;100.0;100;100;G4;1309;0.0;0.0
31885;1108HT;1108HT;16;100.0;100.0;100;100;G4;1558;0.0;0.0
31887;1108HV;1108HV;16;100.0;100.0;100;100;G4;1536;0.0;0.0
31889;1109AD;1109AD;15;100.0;100.0;100;100;G4;696;0.0;13.33
31891;1109AE;1109AE;16;100.0;100.0;100;94;G4;1371;0.0;0.0
31893;1109AG;1109AG;23;100.0;95.65;100;91;G4;1945;0.0;13.04
31895;1109AH;1109AH;22;100.0;100.0;100;95;G4;1870;0.0;0.0
31897;1109AJ;1109AJ;19;100.0;100.0;100;95;G4;1386;0.0;5.26
31899;1109AK;1109AK;15;100.0;100.0;100;100;G4;1287;0.0;0.0
31901;1109AL;1109AL;18;100.0;100.0;100;83;G4;1677;0.0;16.67
31903;1109AM;1109AM;26;100.0;100.0;100;92;G4;1691;0.0;3.85
31905;1109AN;1109AN;11;100.0;100.0;100;100;G4;1650;0.0;0.0
31907;1109AP;1109AS;25;100.0;96.0;100;88;G4;2415;0.0;0.0
31909;1109AT;1109AT;16;100.0;100.0;100;100;G4;1584;0.0;0.0
31911;1109AV;1109AV;12;100.0;100.0;100;100;G4;1309;0.0;8.33
31913;1109AW;1109AW;12;100.0;100.0;100;100;G4;1410;0.0;8.33
31915;1109AX;1109AX;12;100.0;100.0;100;100;G4;1543;0.0;0.0
31917;1109AZ;1109AZ;12;100.0;100.0;100;100;G4;1476;0.0;0.0
31919;1109BA;1109BA;18;100.0;100.0;100;100;G4;1191;0.0;0.0
31921;1109BB;1109BB;22;100.0;100.0;100;100;G4;1365;0.0;4.55
31923;1109BC;1109BC;19;100.0;100.0;100;95;G4;1644;0.0;0.0
31925;1109BD;1109BD;18;100.0;100.0;100;100;G4;1508;0.0;0.0
31927;1109BE;1109BE;19;100.0;100.0;100;100;G4;1477;0.0;0.0
31929;1109BG;1109BG;24;100.0;100.0;100;100;G4;1120;0.0;0.0
31931;1109BH;1109BH;25;100.0;100.0;100;100;G4;1096;0.0;0.0
31933;1109BJ;1109BJ;15;100.0;100.0;100;100;G4;1035;0.0;6.67
31935;1109BK;1109BK;35;100.0;97.14;100;89;G4;1788;0.0;0.0
31937;1109BL;1109BL;12;100.0;100.0;100;75;G4;1788;0.0;8.33
31939;1109BM;1109BM;14;100.0;100.0;100;86;G4;2228;0.0;0.0
31941;1109BN;1109BS;26;100.0;100.0;100;92;G4;3536;0.0;0.0
31944;1109BT;1109BT;11;100.0;100.0;100;100;G4;1529;0.0;0.0
31946;1109BV;1109BV;25;100.0;100.0;100;100;G4;1634;0.0;4.0
31948;1109BW;1109BW;19;100.0;100.0;100;100;G4;1526;0.0;0.0
31950;1109BX;1109BX;21;100.0;100.0;100;100;G4;1991;0.0;0.0
31952;1109CA;1109CD;25;100.0;100.0;100;96;G4;1374;0.0;92.0
31954;1109CE;1109CE;20;100.0;100.0;100;100;G4;1058;0.0;95.0
31956;1109CH;1111AA;29;100.0;96.55;100;76;G4;1583;0.0;10.34
33017;1114AB;1114AJ;66;100.0;96.97;100;70;G4;5030;0.0;1.52
33020;1114AK;1114AK;13;100.0;100.0;100;38;G6;9132;0.0;0.0
33022;1114AN;1119MD;26;100.0;88.46;100;81;G4;2977;0.0;3.85
